1
102,384,600,899
737,810
634,807
4,622
384,600
12
160,370,725
784
14
16
599,622
17
21
78,409,475,841
84,498
15,157,308
25
144,248,884
163,165
186,229
499,900
29
83,804
30
41,947
234,565
401,711
364,721,811
186,546
39
40
50,152,328,343,558
41
42
575,805
593,631,816
467,525
351,371,438
283,570
50
51
119,173
114,304,453
37,374
22,258,261,278,473,746
60
478,914
62
63
64
65
67
22,675
359
71
421,483
219,239,296,365,380,619,937
74
362,933
606,737
326,606
79
82
83
84
186,561
247,690
87
50,152,343,558,621
53,927
217,430
85,504,651,834
70,822
98
48,636
201,572
354,724
102
133,215
32,138,291,716,920
105
108
110
111
518,579
115
617
116
0,494,886
117
13,804
351,377
310,426
132,169,262,271,332,344,470,506,535,539,569,637,683,731,751,803,835
55,283
176,250,455,476
124
127
266,393,445,635
129
57,116
247,251,748
523,856
55,403
108,752
3,80,101,112,154,177,202,349,431,461,547,681,867,868,929,950,965
141
314,560
145
144
119,600
186,439
10,56,158,189,201,510,532,658,702,713,747,749,934,938
175,579
152
464,761
156
62,620,863
157
498,650
160,370,773,804
161
467,766
418,951
186,465
164
50,152,343,558,589
606,810
72,667,717
173
606,888
272,961
256,631
243,394
178
211
362,582,870
435,693
182
22,258,261,473,490
323,346,775
336,599,622
622,927
554,898
188
117,340,605,672
180,290
96,494,849
193
195
146,315
197
199
166,274
111,210
206
209
191,507,649
1,16,31,73,75,89,100,106,118,143,147,183,205,233,236,240,273,285,292,295,298,299,337,397,423,424,433,468,481,495,520,530,555,585,590,595,598,646,663,696,700,705,706,715,722,728,735,762,776,781,788,791,813,823,832,843,845,877,902,911,926,958
181,352
213
125,827
139,260
218
186,383
219
60,333,956
907,913
604,732
606,623
223
18,19,58,109,179,279,432,537,627,679,838,871,930,962
229
263,760
231
232
233
72,261,473,667
416,529,909
234
235
467,709
237
110,199
239
274,766
116,337
186,559
243
244
393,629,635,959
248
249
253
254
105,174,243,347,402,447,560,584,887
84,565
684
261,473
260
113,457,474,514,669,674
103
647,734
265
410,533
522,921
269
275
260,819
597,719
280
281
237,898
217,430
498,521
257,284,534
286
88,124,170,415,829
140,306,763,767,844
294
228,501
296
86
116,281
192,771
305
72,242,261,667
1,16,31,73,75,89,100,106,118,143,147,183,205,233,236,240,273,285,292,295,298,299,337,397,423,424,433,468,481,495,520,530,555,585,590,595,598,663,673,696,700,705,706,715,722,728,735,762,776,781,788,791,813,823,832,843,845,877,902,911,926,958
139,572
362,870
723,846
316
317
87,186
319
264,952
361,527,701
320
30,186
321
210,446
28,94,334,355,381,386,411,496,542,594,652,741,770,772,814,815,866,948
233,271,352,600,891,892
327
385,738,882
566,956
329
376,570
333
335
336
337
477,892
260,572
340
220,688,949
369,818
343
345
261,473,708
210,352
352
117,303,605
206,768,922
276,567,897
54,550
22,753
1,31,73,75,89,100,106,118,143,147,183,205,233,236,240,273,285,292,295,298,299,337,397,423,424,433,468,481,495,520,530,555,585,590,595,598,646,663,696,700,705,706,715,722,728,735,762,776,781,788,791,813,823,832,843,845,877,902,911,926,958
363
288
840,917
365
366
874,910
49,55
512,866
369
371
184,277
374
377
378
59,225,259,306,313,616
241,304,453
549,638
380
383
384
579,967
385
388
185,390,878
115,352
394
395
125,795
399
400
404
405
406
157,602
639
155,185,686
167,611
417
90,935
157,690
405,726
43,467
422
425
150
430
186,691
286,293,710,956
434
449,607
437
438
439
38,389,640,662,737,782
258,847
682,913
36,69,214,372,442,552,586,633,728
174,347,402,412,447,783,809
356,941
219,718
451
839,876
235,482,690
453
454
34,894
38,389,662,737,782,848
23,55
186,400
458
237,294
342,413
760,910
714,861
465
293,316,710,956
120,130,159,302,398,472,492,528,538,562,659,687,872,879
469
765,967
222,737
474
126
625,697
477
482
484
485
27,31,65,77,91,137,142,190,198,203,205,233,245,300,301,330,355,358,367,387,444,505,540,548,568,587,596,598,600,603,630,666,694,704,715,735,736,769,787,797,854,866,896,903,940
518,765
491
493
494
68,758
497
187,869
379,821
885
46,273,918
501
459,707
95,544
467,641
508
509
199,908
513
515
419,707
516
517
55,961
242,727
66
521
49,570
373,375,500,716,957
836,961
525
123,200
531,720,826
533
642,743
187,524
216,405
391,526,792
541
543
545
546
63,614,777
348,570
553
853
556
557
70,83
558
559
8,857
561
427,724
105,577,746
24,121,207,428,808
479,632
566
3,80,101,112,154,177,202,349,431,461,547,681,867,868,929,950,965
757
403,440
353,915
572
135,608,754,772
574
5,119
388,536
429,511,712
249,395
104,331,862
581
420,486
584
804,932
656,913
41,778
247,864
196
148,917
591
592
92,894
601
600
622,680
392,588,905,945
72,226,261,667
605
606
125,563
750
512,536
612
615
617
618
228,255
620
610
619
577,730
2
4,437,622
624
1,16,31,73,75,89,100,106,118,143,147,183,205,233,236,240,273,285,292,295,298,299,337,397,423,424,433,468,481,495,520,530,555,585,590,595,598,663,696,700,705,706,715,722,728,735,762,776,781,788,791,813,823,832,843,845,877,902,911,926,958
6,760
187,697
812
38,389,441,662,737,782
638
634
859
356,503
266,393,635,779
643
644
647
443,699
208,494,886
45,162,368
22,258,261,278,473,582
650
654
76,401,519,711
341,573
655
653,662,822
228,953
261,350,474,645
216,591
661
70,487
318,889,924
378,628,963
270,883
516,557
480,508
667
304,436,453
35,81,246,297,309,311,360
672
673
125,258,261,473,746
223,450
677
237,294
576,923
685
265,668
682
671,742
689
9,212,798,860,964
157,396
744,955
333,498
693
695
692
697
223,467
28,94,334,355,381,386,411,496,542,594,741,770,772,814,815,866,948
83,801
374,560,842,858
145,748
107,580,716,837,920
293,345,710,956
565,755
200,916
172,489
1,575
710
186,333
657
54,493
242,261
718
131,357,488
11,606
264,802
54,97
437,524
408,961
25,875
267
382,501
266,393,460,635
467,739
105,919
93,391,526
227,247,748
734
61,281
737
738
52,325
224,893
560,793
740
742
465,498
743
149,571
371,438,923
785,969
128,440
748
384,807
65,76,866
230,337
258,611
755
756
754
227,247
133,946
467,820
852,955
7,338,578
766
768
448,551
772
774
64,186
780
197,498
327,648
779
467,644
85,504,834
22,258,261,473,708
786
787
28,94,289,334,355,381,386,411,496,542,594,741,770,772,814,815,866,948
789
181,204
63,157,308
790
794
793
796
799
70,729,939
800
806
221,333
70,954
146,892
261,474,645,703
804
116,910
20,47,828,936
168,305
487,787
74,282
564,664,677
252,759
38,70,389,462,487,737,782
874,910
817
818
819
146,464
194,764
317
824
825
155,185,878
26,261,473,577,746
831
833
682,740
467,609
842
846
125,261,473,746,943
850
238
122,785
339,682
326,737
855
335,553,880,960
570,890
863
210,233
55,890
865
83,268,294,800
134,322,456,463,660,745,851,895,904
306,763,767,830,844
870
873
665,831
880
881
407,942
882
524,625
884
151,312,626
892
33,283
72,226,261,667
70,487,737
422,785
430,966
900
899
901
57,230
906
102,384,899
561,565
912
171
915
485,494
917
502,533
99,287,307,583
44,210
655,963
925
26,261,473,577
678,864
928
931
932
186,197
613
186,789
937
258,414
324,489
167
430,670
153
944
382,471
676
133,698
466
955
956
136
133,308
960
55,376
963
269,452,654
336,524
968
353,733
22,258,261,278,426,473
970
