112,349,-1.0
479,329,1.0
460,203,-1.0
408,365,1.0
213,364,-1.0
139,173,-1.0
212,55,-1.0
295,188,-1.0
31,97,-1.0
667,136,-1.0
236,194,1.0
377,333,1.0
520,377,1.0
223,147,1.0
425,110,1.0
331,176,1.0
214,268,-1.0
460,195,-1.0
356,273,1.0
268,337,1.0
153,280,1.0
533,339,1.0
213,101,-1.0
449,356,-1.0
252,289,1.0
491,171,-1.0
181,11,-1.0
557,175,1.0
20,156,-1.0
48,147,-1.0
23,70,-1.0
650,305,-1.0
177,150,-1.0
242,175,1.0
330,328,-1.0
402,28,-1.0
91,248,-1.0
32,311,1.0
462,209,1.0
284,119,-1.0
465,360,1.0
646,231,-1.0
203,289,-1.0
351,249,1.0
385,168,1.0
625,268,1.0
245,212,-1.0
549,72,-1.0
630,175,-1.0
458,208,-1.0
632,288,1.0
427,353,1.0
604,228,-1.0
402,176,1.0
460,325,-1.0
564,7,-1.0
387,365,-1.0
210,380,1.0
369,65,-1.0
172,42,1.0
245,118,-1.0
394,17,-1.0
460,174,-1.0
387,346,1.0
435,49,-1.0
543,372,1.0
372,284,1.0
263,74,-1.0
645,259,-1.0
245,226,-1.0
670,248,-1.0
66,297,1.0
393,232,1.0
336,105,-1.0
125,18,1.0
156,353,-1.0
34,110,-1.0
641,190,-1.0
492,120,1.0
275,26,1.0
508,74,1.0
581,146,-1.0
619,16,1.0
650,377,-1.0
95,306,1.0
360,40,1.0
423,258,1.0
207,120,-1.0
271,185,-1.0
335,112,-1.0
438,97,1.0
210,55,-1.0
250,172,-1.0
484,65,1.0
455,285,-1.0
564,75,-1.0
273,62,1.0
408,141,1.0
129,87,-1.0
316,57,-1.0
301,173,1.0
460,371,-1.0
38,18,-1.0
481,251,1.0
42,264,-1.0
302,127,-1.0
408,273,1.0
192,227,1.0
546,351,-1.0
51,11,1.0
232,73,1.0
68,93,-1.0
181,176,-1.0
427,269,1.0
245,117,-1.0
0,7,1.0
246,102,1.0
412,12,1.0
247,87,-1.0
493,217,-1.0
454,376,1.0
197,178,-1.0
57,95,1.0
84,161,-1.0
628,45,-1.0
253,274,-1.0
424,382,-1.0
120,330,1.0
175,47,-1.0
637,58,-1.0
698,88,-1.0
365,308,1.0
280,378,-1.0
245,125,-1.0
113,210,1.0
31,46,1.0
429,105,1.0
181,300,-1.0
651,31,-1.0
181,177,-1.0
558,27,1.0
460,123,-1.0
482,218,1.0
221,276,-1.0
639,32,1.0
473,369,1.0
267,221,1.0
328,117,-1.0
427,174,1.0
148,281,-1.0
326,180,1.0
460,288,-1.0
299,294,1.0
656,11,1.0
244,4,1.0
399,99,1.0
662,279,-1.0
227,69,-1.0
24,264,-1.0
535,300,-1.0
688,196,-1.0
607,261,-1.0
650,345,1.0
176,382,1.0
408,11,1.0
308,116,-1.0
460,269,-1.0
349,129,1.0
168,147,-1.0
227,101,-1.0
201,113,1.0
644,12,-1.0
181,363,-1.0
634,98,1.0
587,317,-1.0
158,347,-1.0
477,220,-1.0
63,162,-1.0
369,135,-1.0
317,342,1.0
616,358,1.0
691,360,-1.0
232,148,-1.0
553,37,1.0
388,257,1.0
126,334,1.0
578,241,-1.0
431,346,-1.0
366,190,1.0
639,26,-1.0
373,86,1.0
563,166,1.0
161,172,1.0
21,219,1.0
507,241,1.0
20,17,-1.0
230,236,1.0
369,244,-1.0
602,52,1.0
616,261,-1.0
692,206,-1.0
552,34,1.0
583,314,-1.0
460,62,-1.0
166,277,-1.0
196,382,-1.0
654,352,1.0
696,262,1.0
427,56,1.0
598,269,1.0
623,129,-1.0
461,248,-1.0
460,33,-1.0
560,157,1.0
65,310,1.0
654,317,1.0
529,125,1.0
207,318,-1.0
625,358,-1.0
139,271,-1.0
466,124,1.0
501,371,-1.0
155,321,-1.0
418,85,-1.0
131,180,-1.0
256,161,-1.0
445,104,-1.0
588,215,1.0
544,252,1.0
483,1,1.0
486,198,1.0
460,268,-1.0
602,74,1.0
375,43,-1.0
114,239,1.0
294,142,1.0
460,187,-1.0
460,76,-1.0
5,308,1.0
182,47,-1.0
591,302,-1.0
126,306,1.0
175,64,1.0
364,285,1.0
304,304,1.0
555,246,1.0
337,313,-1.0
126,315,1.0
74,170,1.0
181,124,-1.0
460,355,-1.0
427,288,1.0
375,186,-1.0
413,107,-1.0
120,381,-1.0
679,335,-1.0
585,60,1.0
601,307,-1.0
706,373,-1.0
327,223,-1.0
444,260,1.0
181,376,-1.0
354,119,1.0
408,227,1.0
502,24,1.0
116,355,1.0
35,53,-1.0
629,42,-1.0
520,318,-1.0
378,363,1.0
345,115,-1.0
13,302,1.0
332,85,1.0
623,38,1.0
143,113,-1.0
408,250,1.0
50,6,1.0
29,16,-1.0
416,327,-1.0
293,209,-1.0
489,9,-1.0
163,15,-1.0
158,92,1.0
217,114,-1.0
547,7,-1.0
525,82,1.0
44,59,1.0
28,295,-1.0
525,80,-1.0
305,135,1.0
348,98,-1.0
106,159,1.0
472,317,1.0
395,178,-1.0
181,41,-1.0
569,185,1.0
375,54,-1.0
427,135,1.0
648,33,-1.0
427,62,1.0
698,343,-1.0
210,196,1.0
305,278,1.0
82,30,-1.0
213,15,-1.0
664,67,-1.0
447,273,1.0
649,233,1.0
255,344,-1.0
315,306,1.0
225,42,1.0
496,96,1.0
460,316,-1.0
288,106,-1.0
81,307,-1.0
514,75,-1.0
594,280,-1.0
690,248,-1.0
49,144,-1.0
134,238,-1.0
427,114,1.0
77,378,-1.0
23,144,-1.0
157,84,1.0
540,253,-1.0
532,293,-1.0
376,292,1.0
181,134,-1.0
427,76,1.0
524,365,1.0
375,93,-1.0
249,297,-1.0
277,134,-1.0
126,70,1.0
181,302,-1.0
83,50,1.0
115,335,1.0
427,355,1.0
460,135,-1.0
428,223,1.0
460,331,-1.0
427,296,1.0
370,270,-1.0
521,3,-1.0
323,301,1.0
655,8,1.0
117,242,-1.0
485,267,-1.0
551,32,-1.0
704,117,1.0
530,44,-1.0
137,272,1.0
355,370,1.0
380,68,1.0
307,161,-1.0
181,252,-1.0
162,67,-1.0
126,51,1.0
599,248,-1.0
89,94,-1.0
616,79,-1.0
254,134,1.0
436,214,-1.0
12,368,-1.0
581,229,1.0
538,85,-1.0
527,323,-1.0
472,122,-1.0
594,74,1.0
433,214,1.0
427,167,1.0
368,58,-1.0
131,52,1.0
211,205,1.0
331,276,-1.0
93,162,1.0
513,21,1.0
600,70,-1.0
348,253,1.0
162,62,-1.0
460,263,-1.0
468,91,1.0
389,181,-1.0
150,325,1.0
283,9,1.0
218,10,-1.0
460,243,-1.0
408,346,1.0
233,144,1.0
518,184,-1.0
579,264,-1.0
374,348,1.0
561,216,-1.0
318,215,-1.0
95,257,-1.0
403,33,1.0
64,86,-1.0
181,284,-1.0
435,200,1.0
484,317,-1.0
451,100,-1.0
577,232,-1.0
153,242,-1.0
266,146,1.0
92,140,-1.0
441,149,1.0
424,26,-1.0
559,292,-1.0
311,150,1.0
291,246,1.0
33,320,-1.0
102,335,1.0
566,345,1.0
26,41,-1.0
427,69,1.0
274,93,1.0
564,362,-1.0
408,335,1.0
144,220,1.0
417,216,-1.0
427,325,1.0
460,167,-1.0
2,369,-1.0
463,156,1.0
126,381,1.0
113,363,-1.0
27,281,-1.0
300,42,1.0
221,177,1.0
550,203,1.0
427,333,1.0
44,31,1.0
395,323,-1.0
297,42,1.0
269,309,1.0
675,68,-1.0
591,141,1.0
128,267,1.0
485,2,1.0
175,154,-1.0
130,296,1.0
296,325,-1.0
207,380,1.0
427,194,1.0
249,354,-1.0
427,36,1.0
346,295,1.0
73,199,-1.0
170,225,1.0
134,35,1.0
170,22,-1.0
182,76,1.0
584,256,-1.0
138,20,1.0
98,148,-1.0
160,147,-1.0
60,172,-1.0
292,306,-1.0
70,290,-1.0
593,6,-1.0
292,178,1.0
23,51,-1.0
220,20,1.0
103,101,1.0
245,143,-1.0
408,134,1.0
520,120,-1.0
454,5,-1.0
667,227,1.0
564,30,-1.0
43,360,-1.0
460,333,-1.0
576,262,-1.0
616,9,-1.0
427,165,1.0
587,157,-1.0
660,279,-1.0
613,364,1.0
181,375,-1.0
594,80,-1.0
14,154,1.0
633,350,1.0
147,265,1.0
584,298,1.0
258,197,1.0
571,136,-1.0
460,194,-1.0
197,323,-1.0
281,79,-1.0
647,263,-1.0
181,146,-1.0
427,285,1.0
23,299,-1.0
452,189,1.0
460,24,-1.0
289,111,1.0
700,75,1.0
189,189,-1.0
427,330,1.0
278,52,1.0
603,50,-1.0
23,173,-1.0
65,287,1.0
590,316,-1.0
127,311,-1.0
43,351,1.0
126,111,1.0
407,66,-1.0
424,21,-1.0
15,3,-1.0
375,332,-1.0
559,164,1.0
57,184,-1.0
376,164,-1.0
146,99,-1.0
616,94,-1.0
460,165,-1.0
227,106,-1.0
710,42,1.0
8,61,-1.0
126,299,1.0
417,128,1.0
383,237,-1.0
427,371,1.0
409,5,1.0
482,246,-1.0
519,376,-1.0
126,173,1.0
397,256,1.0
1,29,1.0
427,169,1.0
440,230,1.0
526,229,-1.0
183,85,-1.0
460,330,-1.0
133,227,1.0
148,310,-1.0
281,213,-1.0
240,344,1.0
662,104,1.0
427,90,1.0
344,350,1.0
419,227,1.0
294,281,-1.0
205,222,1.0
245,260,-1.0
426,77,-1.0
248,245,-1.0
450,321,1.0
2,42,-1.0
23,32,-1.0
282,112,1.0
460,340,-1.0
460,92,-1.0
587,231,-1.0
359,368,-1.0
78,107,-1.0
216,308,1.0
303,378,1.0
8,116,1.0
429,164,1.0
181,274,-1.0
469,8,-1.0
621,227,1.0
508,131,-1.0
460,255,-1.0
561,361,1.0
181,168,-1.0
30,193,-1.0
460,12,-1.0
152,262,1.0
38,374,1.0
355,272,-1.0
613,361,-1.0
478,224,1.0
317,178,-1.0
181,29,-1.0
227,254,-1.0
61,275,1.0
427,24,1.0
460,169,-1.0
181,372,-1.0
51,322,-1.0
595,149,-1.0
313,351,-1.0
211,266,-1.0
597,17,1.0
265,339,-1.0
460,90,-1.0
64,123,-1.0
460,137,-1.0
165,355,-1.0
401,122,1.0
233,187,-1.0
362,191,-1.0
354,85,-1.0
709,232,-1.0
20,60,-1.0
197,148,-1.0
334,201,1.0
47,375,-1.0
448,316,1.0
119,109,-1.0
676,119,-1.0
396,110,-1.0
217,352,-1.0
149,81,1.0
408,177,1.0
389,255,1.0
139,22,1.0
105,148,1.0
375,214,-1.0
352,142,-1.0
334,157,-1.0
361,129,-1.0
271,338,-1.0
428,204,-1.0
572,133,-1.0
690,227,1.0
181,102,-1.0
105,89,-1.0
408,146,1.0
475,182,1.0
411,77,1.0
295,239,-1.0
385,84,-1.0
481,240,-1.0
353,95,-1.0
617,207,-1.0
345,46,-1.0
643,120,-1.0
196,70,1.0
575,182,-1.0
239,35,-1.0
427,33,1.0
245,34,-1.0
181,272,-1.0
333,248,1.0
262,254,-1.0
611,327,1.0
184,109,-1.0
427,340,1.0
697,10,-1.0
312,100,1.0
698,220,-1.0
45,130,1.0
452,153,1.0
187,63,-1.0
108,367,1.0
434,169,1.0
357,74,1.0
282,73,-1.0
589,234,1.0
36,223,-1.0
460,44,-1.0
350,167,-1.0
233,238,1.0
556,0,-1.0
67,258,-1.0
711,206,1.0
427,255,1.0
74,301,-1.0
517,314,-1.0
587,259,-1.0
425,27,-1.0
414,216,1.0
195,15,-1.0
553,227,1.0
375,241,-1.0
79,278,-1.0
143,242,1.0
180,291,-1.0
364,19,-1.0
652,7,-1.0
498,166,-1.0
271,362,-1.0
181,218,-1.0
152,342,-1.0
698,227,-1.0
235,127,-1.0
222,332,-1.0
540,72,-1.0
255,121,1.0
486,210,-1.0
596,161,-1.0
233,90,-1.0
114,23,-1.0
628,220,1.0
146,115,1.0
537,160,-1.0
417,309,-1.0
48,88,1.0
85,106,1.0
245,213,-1.0
512,308,-1.0
547,30,-1.0
427,256,1.0
112,80,1.0
594,257,-1.0
408,274,1.0
107,291,1.0
135,319,-1.0
243,108,-1.0
331,128,-1.0
541,226,1.0
16,217,1.0
358,205,1.0
678,277,1.0
403,298,-1.0
41,249,1.0
548,54,1.0
657,225,-1.0
75,319,1.0
432,158,1.0
408,372,1.0
245,68,-1.0
249,221,-1.0
703,51,-1.0
408,176,1.0
111,326,1.0
637,265,-1.0
245,163,-1.0
234,267,-1.0
265,276,1.0
699,191,-1.0
322,291,-1.0
72,4,-1.0
179,365,1.0
115,141,1.0
504,284,-1.0
427,316,1.0
234,246,1.0
289,34,-1.0
181,37,-1.0
536,125,-1.0
631,275,-1.0
200,300,1.0
96,381,1.0
277,283,1.0
574,20,1.0
190,336,1.0
427,347,1.0
508,52,1.0
645,254,1.0
408,300,1.0
252,282,-1.0
661,249,1.0
47,41,1.0
224,20,1.0
19,200,-1.0
99,54,-1.0
611,141,-1.0
218,304,-1.0
668,189,1.0
610,261,1.0
338,195,-1.0
427,44,1.0
408,60,1.0
335,50,1.0
181,233,-1.0
132,67,1.0
259,184,1.0
338,13,1.0
540,345,-1.0
90,212,-1.0
427,331,1.0
388,131,-1.0
104,116,-1.0
421,289,-1.0
553,219,1.0
427,306,1.0
488,286,-1.0
336,164,-1.0
460,303,-1.0
3,71,1.0
429,373,1.0
614,175,-1.0
712,43,-1.0
188,341,-1.0
62,39,-1.0
527,279,1.0
671,226,-1.0
686,167,1.0
698,219,-1.0
408,363,1.0
460,69,-1.0
430,160,-1.0
28,132,-1.0
408,49,1.0
706,308,1.0
272,183,1.0
564,56,1.0
460,347,-1.0
223,76,-1.0
126,50,1.0
343,253,-1.0
320,1,1.0
260,332,1.0
245,81,-1.0
551,367,1.0
696,89,-1.0
367,85,-1.0
181,339,-1.0
237,79,1.0
251,138,-1.0
499,185,-1.0
140,133,1.0
136,175,1.0
442,304,-1.0
264,143,-1.0
698,175,-1.0
460,208,-1.0
287,283,-1.0
344,90,1.0
408,218,1.0
198,299,-1.0
145,45,-1.0
460,306,-1.0
73,138,1.0
500,161,1.0
445,127,1.0
88,379,1.0
23,103,-1.0
76,250,1.0
460,36,-1.0
600,282,-1.0
148,287,-1.0
190,249,-1.0
672,366,-1.0
87,87,-1.0
534,112,-1.0
554,119,-1.0
439,217,-1.0
191,139,-1.0
705,248,-1.0
427,123,1.0
654,65,-1.0
363,171,1.0
258,95,-1.0
392,118,1.0
359,293,1.0
110,38,1.0
59,201,-1.0
80,213,1.0
132,230,-1.0
52,143,1.0
623,64,-1.0
349,219,-1.0
244,334,-1.0
695,204,1.0
620,105,-1.0
408,25,1.0
23,381,-1.0
126,103,1.0
126,32,1.0
319,178,-1.0
408,284,1.0
456,260,-1.0
427,303,1.0
208,132,-1.0
27,269,-1.0
408,376,1.0
587,130,-1.0
699,320,1.0
708,219,1.0
424,0,-1.0
415,2,-1.0
68,72,1.0
177,324,1.0
215,140,1.0
459,303,1.0
252,231,1.0
640,83,1.0
391,33,1.0
295,294,-1.0
209,294,-1.0
67,121,-1.0
59,328,1.0
511,291,1.0
198,179,1.0
410,163,1.0
263,131,1.0
35,267,-1.0
347,156,1.0
200,40,-1.0
416,183,-1.0
636,207,-1.0
408,41,1.0
680,37,1.0
427,208,1.0
202,47,-1.0
633,111,-1.0
395,148,-1.0
626,28,1.0
313,155,1.0
420,102,-1.0
157,124,-1.0
293,107,-1.0
404,126,-1.0
261,362,-1.0
678,227,-1.0
534,264,1.0
101,198,-1.0
164,161,-1.0
447,354,-1.0
698,37,-1.0
181,141,-1.0
295,37,-1.0
624,281,1.0
136,202,-1.0
571,227,1.0
214,7,-1.0
427,328,1.0
20,183,-1.0
72,108,1.0
17,44,1.0
98,178,-1.0
408,302,1.0
450,364,-1.0
94,151,1.0
408,375,1.0
145,235,-1.0
126,144,1.0
364,71,-1.0
6,99,-1.0
11,251,-1.0
189,130,-1.0
460,56,-1.0
171,210,-1.0
539,359,-1.0
414,331,-1.0
553,270,1.0
460,103,-1.0
408,252,1.0
16,116,-1.0
311,42,-1.0
516,160,1.0
375,337,-1.0
440,110,-1.0
181,204,-1.0
400,186,1.0
545,232,-1.0
23,309,-1.0
345,179,-1.0
185,88,-1.0
133,248,-1.0
336,373,-1.0
469,211,-1.0
606,69,1.0
427,350,1.0
23,292,-1.0
437,161,-1.0
181,365,-1.0
214,75,-1.0
375,215,-1.0
460,328,-1.0
553,343,1.0
616,234,-1.0
606,236,-1.0
23,334,-1.0
682,43,1.0
626,122,-1.0
121,6,-1.0
155,308,-1.0
136,247,-1.0
20,237,-1.0
464,177,1.0
436,305,1.0
386,30,1.0
286,243,-1.0
319,323,-1.0
635,239,-1.0
604,347,1.0
423,111,-1.0
146,13,-1.0
621,248,-1.0
345,240,1.0
668,165,1.0
169,245,1.0
427,12,1.0
553,84,1.0
126,309,1.0
30,337,1.0
460,361,-1.0
460,86,-1.0
92,370,-1.0
665,142,-1.0
375,209,-1.0
122,116,-1.0
585,1,-1.0
305,137,-1.0
460,321,-1.0
427,137,1.0
391,63,-1.0
460,350,-1.0
58,371,1.0
83,170,-1.0
547,75,-1.0
500,50,1.0
470,161,-1.0
1,218,-1.0
653,39,1.0
408,168,1.0
245,245,-1.0
23,315,-1.0
262,13,-1.0
375,98,-1.0
219,76,1.0
616,211,-1.0
381,293,-1.0
586,365,1.0
427,295,1.0
474,247,-1.0
350,333,-1.0
467,174,-1.0
460,114,-1.0
276,120,-1.0
375,151,-1.0
420,312,-1.0
659,374,-1.0
627,281,-1.0
564,158,-1.0
453,154,-1.0
230,350,-1.0
491,46,-1.0
427,179,1.0
661,344,-1.0
446,224,-1.0
427,263,1.0
328,14,-1.0
257,352,-1.0
145,377,1.0
71,194,-1.0
619,82,-1.0
422,48,1.0
167,366,1.0
98,323,-1.0
166,227,1.0
669,263,1.0
329,91,-1.0
663,163,-1.0
124,357,-1.0
427,195,1.0
670,227,1.0
510,288,-1.0
457,296,-1.0
460,256,-1.0
154,76,1.0
13,193,-1.0
76,327,-1.0
408,102,1.0
711,233,-1.0
373,123,1.0
522,159,-1.0
40,57,1.0
109,324,-1.0
7,227,1.0
141,48,-1.0
460,295,-1.0
371,78,1.0
460,285,-1.0
679,10,1.0
531,343,-1.0
271,234,-1.0
427,361,1.0
427,86,1.0
648,63,1.0
249,232,-1.0
181,250,-1.0
241,356,-1.0
178,274,1.0
545,83,-1.0
460,59,-1.0
568,92,-1.0
570,273,-1.0
427,197,1.0
460,179,-1.0
460,149,-1.0
358,121,-1.0
608,52,-1.0
4,23,-1.0
54,139,1.0
315,50,1.0
173,53,-1.0
174,177,-1.0
609,87,1.0
694,259,1.0
69,362,1.0
321,313,-1.0
181,332,-1.0
23,19,-1.0
617,132,1.0
673,357,1.0
427,344,1.0
427,108,1.0
186,40,-1.0
558,379,-1.0
562,155,-1.0
125,277,-1.0
37,308,-1.0
460,367,-1.0
493,47,1.0
142,320,-1.0
370,375,1.0
705,227,1.0
622,315,1.0
270,340,-1.0
452,126,1.0
339,315,-1.0
344,236,-1.0
4,188,-1.0
15,45,1.0
659,227,1.0
339,36,1.0
583,237,1.0
342,44,1.0
159,286,1.0
460,197,-1.0
270,222,-1.0
573,89,1.0
689,113,-1.0
666,320,-1.0
245,338,-1.0
101,311,-1.0
226,61,1.0
153,162,-1.0
534,89,1.0
304,25,-1.0
476,74,1.0
460,4,-1.0
427,97,1.0
460,225,-1.0
310,343,1.0
307,190,-1.0
238,340,1.0
209,314,1.0
443,195,1.0
471,290,1.0
506,24,-1.0
29,266,1.0
460,344,-1.0
687,290,-1.0
685,78,-1.0
99,181,1.0
618,337,-1.0
408,124,1.0
312,303,-1.0
252,201,-1.0
39,368,1.0
375,275,-1.0
487,169,-1.0
472,348,-1.0
41,6,-1.0
408,29,1.0
382,334,1.0
192,18,-1.0
49,187,1.0
182,191,-1.0
455,19,1.0
327,204,1.0
427,59,1.0
279,107,1.0
368,305,-1.0
331,302,1.0
567,42,1.0
92,272,1.0
408,37,1.0
646,282,1.0
427,149,1.0
181,206,-1.0
97,331,1.0
674,211,1.0
622,170,-1.0
55,313,1.0
325,366,-1.0
460,97,-1.0
503,94,1.0
468,380,-1.0
592,292,1.0
615,104,-1.0
622,36,-1.0
573,103,-1.0
476,329,-1.0
461,227,1.0
331,297,-1.0
181,227,-1.0
405,105,1.0
56,271,1.0
204,228,1.0
600,340,1.0
23,50,-1.0
539,174,1.0
333,374,-1.0
460,50,-1.0
18,150,1.0
540,235,1.0
460,115,-1.0
427,367,1.0
401,192,-1.0
351,342,-1.0
698,270,-1.0
10,322,1.0
22,360,1.0
165,96,-1.0
157,168,-1.0
231,58,1.0
460,22,-1.0
303,53,-1.0
555,150,1.0
215,186,-1.0
324,353,1.0
340,52,1.0
305,197,-1.0
702,247,1.0
661,103,-1.0
384,25,1.0
254,145,-1.0
181,60,-1.0
587,138,-1.0
408,272,1.0
285,11,-1.0
509,254,-1.0
379,61,-1.0
7,248,-1.0
194,158,-1.0
280,2,-1.0
287,251,-1.0
427,4,1.0
427,225,1.0
615,258,1.0
109,270,1.0
408,339,1.0
89,118,-1.0
305,244,1.0
278,74,1.0
62,208,1.0
427,244,1.0
542,53,1.0
11,35,-1.0
677,255,-1.0
233,171,-1.0
497,341,1.0
340,74,1.0
576,103,1.0
314,23,1.0
417,56,1.0
181,49,-1.0
182,147,-1.0
398,202,-1.0
427,268,1.0
594,52,1.0
86,6,-1.0
615,112,-1.0
118,338,1.0
427,187,1.0
615,89,1.0
553,88,1.0
406,326,-1.0
345,299,1.0
235,279,1.0
651,59,-1.0
279,140,-1.0
67,323,1.0
295,221,-1.0
580,321,1.0
23,111,-1.0
306,188,1.0
608,349,1.0
427,96,1.0
329,55,1.0
206,356,1.0
4,372,-1.0
490,42,1.0
681,231,1.0
357,52,1.0
46,191,1.0
399,203,-1.0
460,244,-1.0
427,50,1.0
251,62,1.0
565,38,-1.0
390,81,-1.0
427,115,1.0
582,200,-1.0
685,8,-1.0
270,358,-1.0
91,136,1.0
570,354,1.0
556,166,-1.0
427,22,1.0
319,148,-1.0
427,31,1.0
229,198,-1.0
199,64,1.0
298,142,-1.0
19,283,-1.0
508,349,-1.0
408,206,1.0
649,229,-1.0
683,14,1.0
181,25,-1.0
389,278,1.0
515,370,-1.0
498,222,-1.0
605,0,1.0
181,346,-1.0
460,296,-1.0
53,152,-1.0
528,2,1.0
214,30,-1.0
500,170,-1.0
492,235,-1.0
510,224,-1.0
460,96,-1.0
258,137,1.0
673,151,-1.0
599,227,1.0
685,14,-1.0
270,21,-1.0
318,3,1.0
556,367,-1.0
707,142,-1.0
642,49,1.0
351,266,-1.0
408,233,1.0
479,336,-1.0
290,379,-1.0
505,48,-1.0
151,304,-1.0
193,78,-1.0
181,335,-1.0
544,23,-1.0
638,252,-1.0
480,207,1.0
23,306,-1.0
684,199,1.0
325,159,-1.0
494,212,1.0
658,114,1.0
460,31,-1.0
309,165,-1.0
427,103,1.0
558,100,-1.0
155,373,1.0
404,153,-1.0
712,312,1.0
14,64,-1.0
427,92,1.0
460,353,-1.0
96,330,-1.0
631,307,1.0
528,378,1.0
495,250,-1.0
417,71,-1.0
115,327,-1.0
427,203,1.0
100,155,-1.0
123,243,1.0
650,312,-1.0
66,176,-1.0
693,15,1.0
635,196,-1.0
460,108,-1.0
523,152,1.0
228,202,1.0
612,192,1.0
181,273,-1.0
587,228,-1.0
9,280,-1.0
172,369,1.0
618,193,1.0
291,369,-1.0
701,318,1.0
698,84,-1.0
245,152,-1.0
685,326,-1.0
3,56,-1.0
128,29,-1.0
60,230,1.0
240,205,-1.0
126,19,1.0
87,51,1.0
408,204,1.0
243,145,1.0
25,109,1.0
627,27,-1.0
427,243,1.0
4,66,1.0
21,38,-1.0
27,20,-1.0
222,359,1.0
660,73,-1.0
341,107,-1.0
427,321,1.0
510,319,-1.0
