2313
1607
204,1145
834
376,1291
1184
1573,1717
700,1048,1395,1923
1193,2527
2218
2864
2215
2004
122,2904
15
2574
14,2012
256,767,930,1090,1166,2176,2822
185,2788
265
1824
963,1107
360
337,454,710,839,875,881,919,941,988,1091,1598,1975,2030,2387,2603,2740
250,351
1620
2182,2282
1692,2729
2230
13,381,481,561,2050
1074,1127
151,2001
1608,2655
755,1098,1499,1588,1768,2624,2648
1263
153
1012,2192
579
923,1547,1762
766,1067,1394,2193,2497,2545,2649,2742,2888,2956
197
625,1019
1089,2115
700,1395,1923,2224
1966
1157
17,266,563,598,1020,1277,2189,2262,2500,2501,2662,2954
2053,2804
373,1258,1316,1600,1701,2128,2656
594
1912
1528
1475,2116
791,2173
1638,1856
1887
80,84,229,475,516,525,1929,2107,2863
902
2080
2459
64
76,524
494,1285
373,1316,1600,1701,2128,2656,2801
1577,2695
700,1395,1923,2140
809,2722
507,825
1524,2905
662,672,1259,1555,1716,1824,1959,1985,2594,2643,2692,2774
319,756,1496,2686
1042,2241
967,1902,2211
2646,2660
1318
2906
778
760,2056
711,2373
275,331,659,986,1054,1210,1309,1714,2261,2583,2601,2939
256,767,930,1090,1166,1171,1191,1315,2822
772,778,1223,1301,1523,1536,2123,2323,2566,2896,2912
1985
303,728,1003
648
1347,2307
1753
524,1151
465,694,1918,2362
98,373,1316,1600,1701,2128,2656
700,1395,1621,1923
61,2116
1252
491,672,865,893,1716,1824,1985,2594,2668,2692
1636
2668
272,644,725,1534
301,543,1058,1170,1305,1545
2242
1933,1946,2326
1605
647,1245
1304,2357
2040,2572,2937
2139
1151
152,1966
1923
203,1330
87,1164
1699
497,1130,2915
458,772,778,1223,1523,1536,2123,2323,2566,2896,2912
1382,2904
1293
2331,2633
512
2946
816,2546
1743,2168
122,451
252,1216,1382,1901
339,1400
1203,2302,2488
1426
1777
1544,2824
164,2071
2301
425,683,1187,1248,1695,1730,1981,2175,2250
633,848
1526
138,1406,1639,2199,2556,2568
1168,1870
1107,2104
815
1282,2165
1724,2577
593,2590,2754
229
2917
786,2375
950
555
800,1116
115,537,773,903,2454,2499,2657,2834
1488,2369
78,658,895,1500,2898
24,255,2166,2765
2274,2933
993
2671
419,1547
772,778,1223,1523,1536,1595,2123,2323,2566,2896,2912
858,2289
1712
2186
1571,1979
1283
2783
1556
29
16,353
1829
1136,2878
1676,2492
318,648
95,1562,2302
953,1778
749,2040,2572
314,1009
426,567
1272,2182
805,2546
21,827,994,1456
2318
2034,2503
1904,2301
1006,1912,1990
337,454,710,839,875,881,919,941,1091,1598,1872,1975,2030,2387,2603,2740
29,436,1594,2451,2524
549
109,1428
2620
2416
614,844,2470
852,1151
808
1960,2024
1032
672,1083,1259,1480,1555,1716,1824,1913,1985,2154,2594,2643,2692
172
2788
480,576
1694,2427
665,925,1735,1948,2204,2679
1914
2021
672,957,1259,1555,1716,1824,1985,2418,2594,2643,2692
672,1083,1259,1342,1480,1555,1716,1824,1887,1913,1985,2154,2278,2594,2643
2044
1150
2329
151,587
1346
953
1436
438,2251
593
77,2696
184,1912,2152,2473
187,1468
1901,2717
1805,2537
707,2322
1738
351
1925
778,1490,1492,2299
1193,2527
1985
1511
750,990,2315,2549
989,2236,2377,2711,2916
109
1974
2415,2783
727,1015,2432,2855
1250,2872
2739
24,153,1278,2166,2765
639,878,1629
1744
1590,1591
672,889,1259,1480,1555,1716,1824,1985,2594,2643,2692
716
289,405
283,1189,1352,1467
437,1039
414,624,682,1170,1305
677,1871
763,1366,2066
443
29,2291
672,1259,1555,1716,1824,2260,2594,2643,2649,2692
76,1781
382,652,1759,2022,2029,2727
494,2351
1013,1124
1845,2571
614,844,1160
347
80
2715
1553,1778
1125
700,1395,1923,2903
140,1443,1558,2381
1843,2215
329,450,543,847,984,1058,1545,1849
2096
694,1447,1610,2362
67,2469
2255,2879
1744,1977
1779
2007
1987
2221,2264
2878
583,2494,2945
1867,2178
678,2746
166
2128
191,1428,1739
445,489,1943
2565
524,2488
2321
191,860,1011
447,2165
336,647,1065,1245,1823
1168,2846
734
2509,2677
134
474,892,2229,2275,2817
2009
340,2580,2659
1765,2174
1111,1887
1087,1314
686,859
2169
2626
544,618
777,1659
1388,1610,1918,2362
356
2950
1056
1388,1610,2362,2641
1544
1206
389
1341,1444
672,1259,1324,1555,1716,1824,1985,2594,2643,2692
709,1073,1148
852,2078
1971
803
672,1083,1259,1342,1480,1555,1716,1824,1913,1985,2154,2594,2643,2692
1555
1391,1934
186,795
263,1383
123
328,566,2521,2767
252,1216,1901
6,2302,2488
2633
448
2752
922,2614
669
17,1135,1321,2913,2954
1046,1692
1045,1576,2400
2827
1916,1941
1339
1899,2159,2941
184
2162,2182,2282
912,1096,1154,1228,1793,1839,2222,2894
573
2221,2539
290
4
1571
2835
766,1067,1394,2193,2497,2545,2649,2742,2888
486,538,752,904,1219,1252,1561,1674,1760,2853
377,2313
135,1419,2637
532,1449
287
855
500
1363,2114,2217
1328
745
1753
1517
2240
700,1395,1814,1923
2058,2626
351,809
1682,2136,2307
17,266,563,598,1277,2262,2500,2501,2662,2723,2954
791,1843
2083
1357,2953
730,1417
1501
628,2371
1285,2560
737
172,1164
2459
259
1172,1778
1493,1767
2525,2649
191,2120,2884
932,1302
1123,2915
1515,2116
1642
553,1791
1443
102,1014,1685,2384
227,823,951,1704,1766,2249,2343,2766
69,93,189,1028,1306,1945,1986,2528,2534
446
1069
628
1655,2412
2271,2361
2944
159,2849
2364,2592
1106
1627,2532
158,2300
2189
24,1276,2166,2765
1443,1558,2772
2244
342
851,1388,1610,2362
877,1844
1647,1844
1578
2293
1024,1112,1650
27
2813
256,767,930,1090,2176
614,815,844,2805
370
2566
1040,2302
614,844,1517,1937,2406,2805,2895
1420,2302,2488
2397,2615
1762
2949
1657
198
113
561
1345,1797
590
1062
276,394,616,943,1101,1560,1635
1304
2192
372,1074
67
212,908,1957,2608,2795
1024,1112
2731
604
1084,1835
2431,2846
403,2852
1388,1447,1610,2362
1878
807
1647
918
206,327,347
373,1316,1600,1701,2128,2495,2656
47,2337,2559,2757,2947
1663
2510,2712
2091
351,2791
2485
1453
1616
337,454,710,839,875,881,919,941,1091,1333,1598,1975,2030,2387,2603,2740
1472
361,2760
602,2190
1469,2671
809
65
2440,2718
462,2540
160
1153,2169
924,2375
2087
176,248,1287,1411,1951,2420,2789
108
2445,2749
696,1668
130,2382
946,1583
65,396
1870
388,1433
528
68,557,671,695,1007,2414,2602,2661,2922
600,1413
2270
1380
2512
558
67,1148,2721
254,848
2518
2488
2399,2677
869,876,1689,1853,2702,2724
2796
536,594
1791,2328
2410
1243,1571
1179,2788
1243,1640
234,844,2470,2518
672,1259,1464,1555,1569,1716,1824,1959,1985,2594,2643,2692
1543,1733,2219
499,2009
2091,2739
373,1258,1316,1600,1701,2128,2447,2656
852,1605
1181,2886
785,1349
100,175,2790
136,295,315,472,751,769,831,1246,1374,1495,1720,1828,1922,1956,2048,2608,2669,2700,2921
482,581
584,609,645,1050,1150,1745,2266,2438,2514,2809,2873,2943
1261,2837
20,700,1395,1923
1152
738,844,2805
56
390,496,733,934,1337,1662,1997,2435,2593
1546,2037
577,1239
609,645,1050,1745,2514,2809,2873,2943
160,820
234,844,2470,2518
2649
82,344
790,810,1731,1741,1989,2079,2184,2623
243,1097
236,2227
271
2793
687,2492
1214,1901
1508
116,2189
7,1153,1494
141,562
1130
1004
242,2840
352,423,715,828,833,1072,1728,2516
635,2081,2653
1908,2182
28,110
1381,2725
1998,2666
1370,2841
744
1084,1603
8,200
223,500
832,2641
596,1644,2543
1832
1846,1965
1163,1207
300,2800
22,569,1182,1796,2129
700,1395,1923,2062
2374
105,637,854,2611
936
2100
700,1395,2358
664
1008
843,1640
547,2147,2466
152
513,2116
2394
614,775,844,1517,2406,2805,2895
1128
9,191,1428
1924
172,1332
196
2786
586
321,1750,2124,2938
1216,1794
57,1694
2934
1074,2285
2930
452,2846
1013,1103
12,2671
391,879
316,2585
0,1078,1227,1279,1353,2072,2732
765,1845
1680,2303,2561
483,1459
657,1565
130,2642
1217,1393,1891,2829
540
2291,2302
1319,2295,2744
2188,2444
410,798,1617,2875
1935
587,2015
2828
916,928,1423,1476,2316,2635
1692,1781
1070,1253
413,614,844,1517,2406,2805,2895
1429
843,1636
388
807,2492
2896
641,975,1066,1192,1440,1466,1502,1525,1641,1961,2160,2248,2287,2324,2352,2465,2737,2812
1233
1559,2223
2038
2784
674,1008
38,548
1437
1123
2854
765,2188
35,373,1316,1600,1701,2128,2656
2658
680,1562
456,2706
1111
672,856,1259,1464,1489,1555,1716,1824,1985,2594,2643,2692
1113
29,1594,2451,2520,2524
507,2268
2259,2297
241,1221
772
1421
1691
58
1167
73
163,1721,2185
2822
466,2745
614,844,1517,1522,2406,2805,2895
700,1395,1923,2334
1757,2716
2094
2523
700,1395,1923,2588
476,621,743,2425,2481,2578,2663,2861,2911
2553,2696
345,2735
512,1624
1822,1887,2619
1070
976,2485
172,469
467,527,615,1711
541
191,350,1453,2408
1047,1148,2010
1056,1312,1403,1512,2624
191,1195,2354
740,2791
36,55,165,257,294,384,505,529,533,702,863,1029,1071,1102,1320,1458,1482,1634,1677,2011,2023,2273,2464
2025
502
575
1698
775
320
226,2058
634,2039
1349
2650
152,362,2726
215,367,1225,1530,1609,1897
337,454,710,839,875,881,919,941,1091,1598,1975,2030,2350,2387,2603,2740
929,2677
358,490,1023,1798,1813,1932,2033,2093,2404
1203,2188
41,1852
2496
1620
840
2234,2736
142,2905
1810
1993
694,1296,1610,2362
2905
786,2791
1648
1289
1185,2034
1193,2527
1081
139,1887,1967,2089
837,1651
568
2554
1554
1175,1273,1487,1622,1837,2073,2639,2826
1862
1214,1605,1901
1120,2167
96,1679
2081
2436,2788
635,692,1887,2752
76
578,2212
2050
2589
402,2883
1149,2485
53,2618
274,2697
330,2788
1060,2844
982
1845
1048
39,997
747,1041,1900,2923
668,672,1259,1555,1716,1824,1985,2594,2643,2692
582
1929
2043
520,1816
1563,2319
2552
1883,2045
455,1280
14,640
697,864
1297,2126
1800
793,1094,1115,1126,2761
461
1952
655,767,1896,2715
1448,1962
449,890
1636,1979
346,905
952,2751
1074,2148
162,1150,2266,2438
859
495
2042
959,1628,2257,2336
639,2379
1232,1484
38
980,1784
929,1019
221,894
172,2788
1156,1551
1442,1463,1807,2411
491,893,1514,2668
1222,1618,2627
672,957,1131,1259,1555,1716,1824,1985,2594,2643,2692
694,1610,2362,2641
1776,2449
699,758,2672
1129,2457
2550,2936
494
2892
647,1245,2738
154
1740,2458
1010,1443
778,1223,1523,1536,1595,2123,2323,2566,2896,2912
35,98,373,1258,1316,1373,1589,1600,1701,2447,2495,2801
1407,1791
564,1430
2001
689,727,1015,2051,2432
412,845,870,970,1751,1838
1470
2608
256,767,930,1090,1171,1191,1315
31,1057,1995
2086
308,407,415,510,673,804,811,927,1133,1384,1572,2598,2604,2758
1025,2599,2806
1238,1647
1661,1817
791
1847,2106,2647,2848
626,1047,1556
1665,1857
910
2041
899
1037
465,694,1296,2362
346,905
420,1372,2341
2318
741,814,2144,2533
887,1887
2587
162,1142,2695
1420,2671
1775
627
675
103
1268
791,2269,2546
1460,1664,2595
1085,2444
585,1988,2142
161,818,2195
2289,2472
1173
1427,2182,2282
573,2701
684,1377,1769,2493
522,1105
2103
488,824,1100,1570
173,452,638,698,735,780,806,817,882,896,915,1190,1215,1312,1322,1325,1387,1403,1439,1705,1761,1964,2065,2158,2200,2393,2419,2430,2573,2624,2634,2785,2952
1519,1803
376,2433
2629
373,1316,1589,1600,1701,2128,2656
948,2087
181,278,382,900,1759,2281,2727,2780
1013,1103,1901
1497
2385
549,2930
2266
357,1200,1599,1915,2477
480,663
1367
1022,1280
253,1818
354,507
519,954,1944,2069,2356
427,622,1317,2794
536
1004
1244,2832
700,2506
2840
373,1316,1600,1701,2128,2447,2656
18,477,2018
1163,1207,1270
376,2383
2056
1297
584,2710
797
948,2452
2386
1940
978,1307
734,1742
32
2036
2183,2877
1229
340,1584
1044,1804
1243,1636
461,1770
2730
44,1694,2407,2686
934,1997,2435
755,1098,1409,1499,1768,1825,2624
542
666,1334,1703,2398,2792,2833,2907
1294
692,1887,2629
812,1905,2584,2610
1503
1773,2591
2055
76,2733
1254,2116
333
1197
978
2755
964,1079,1669,1909,2471,2748
177
1697
373,1316,1373,1600,1701,2128,2656
1930
2357,2752
235,599,1737,2262,2662,2723,2954
2355
1640,1979
1726,2678
531,2321
2015
976,1925
656
366
954,1273,1487,1837,1944,2395
2116,2271
3,883
1199,1249,1260
2682
468,1722,2017
485
318,846
239,534
375,2472
2279
499
385,559
1359,1474,1840
1343
630
786
199,1205
1323
1882
1742
1202
387,1895,2099,2102,2779
2333
2089
465,694,851,2362
1455
544
2082,2198
117,1422
1858
107,1854,2117
60,2203
714,721,1963,2475,2839,2908,2942
524,2116
2836
1158,1790,2391
491
76,1475
270,2582
256,767,930,1090,2176
279
1049,2053
376,2320
1875,2239
131,273,1574,1772,2008,2110
5,971,1242,1397,2306,2856,2910
2513
444,1432,2819
767,956,1513
195
191,1201,2884
1,2739
29,2451,2520
10
337,454,710,839,875,881,919,941,1091,1598,1975,2030,2052,2387,2603,2740
1565
2525
1148
337,454,710,839,875,881,919,941,1091,1292,1598,1975,2030,2387,2603,2740
287,1285
193,518
27,242
960,2161
588
225
2417
2659
606,1699
128,1027,2958
570,1280
237
50,390,934,1662,1997,2435,2442,2558,2593
694,851,1610,2362
1892,2339,2782
203,693
1949
1019
270
1068,1649,2063
1901
180,1752,1822,2349
112,454,710,839,875,881,919,1414,1975,2350,2603
250,351
1399,2238
1709
844,1223,1727,2123,2566,2896
1621,2860
718,2130
136,212,295,315,472,751,769,831,908,974,1720,1828,1957,2137,2608,2700,2795,2921
1335,1517,1937,2406,2805,2895
234,2299
2947
704,2157,2479,2531,2842
132,304,1183,2689
980
1164,1781
940,1047,1148
1725,2799
866,1490
789,1176
199,2769
635,2272
149,1457,2289
2722
778,1523,2057,2323,2368,2596
285,1754
2234
848,1611
945,2298
1508,2846
2053
146,1533
190,1226
398,1318
1605,2706
2361,2902
852,2670
761,1379
948
584
1019,2118
1351,2891
1652
70,348
418,2478
26
672,1290,1472,1480,1537,1555,1824,1887,1985,2154,2594
184,931
199,2733
344
448,1297
2038
1749
238,794,1055,1299,1719,2127,2480,2517,2678
1542,1650
83,280
2931
408,2049
337,454,710,839,875,881,919,941,1091,1598,1975,2030,2163,2387,2603,2740
1540,1612,2347
47
499,1887
1955
2098,2821
1039
1019,2509
2886
507,1118
1538
1968,2491
2013
2064,2955
1018,1755,2074
66,1285
1375
125,973
972
208,972,2409
1424
1692
633,2445
1000,2498
282,655,907,2156
327
958,1888
938,1401
1675,2360
199,1781
351,1778
507,1446
1501,1749
90,309,551,961,992,1567,2171,2838
700,1395,1923,2576
911
1117
2677
504
332,672,1259,1555,1716,1824,1985,2594,2643,2692
898,2457
676
1043
1059
205,2487
2270,2376
1380,2235
813
872,2791
2948
439,772,2912
2116,2902
11,713,1002,1355,1579,1795,1866,2205,2207,2258,2330
1602,1607
365,1787
1480
568,1979
720
1729,2119,2174
1884
508,874
1186
898,2457,2900
1177
311
1511,2028
614,844,2470
1178
346,1285
191,612,2354
2001,2448
232
376,1516
1233
607,1506
151
2131
24,1278,2166,2765
1660
606,2001,2439
456,1794
1509
544,1713
406,539
540
1296,1388,1610,2362
217,2164
1592
260
2803
651,1973
2173
88,1443,2353,2439,2529
2652
43,416,1077,1477,2825,2957
587
592,2183
981
2243
2,313
784,2116
1583
298
2302,2446,2693,2835
2378
1760
913
1153,2231
2680
448,1130
2121,2146
772,778,1075,1223,1523,1536,1595,2123,2566,2896,2912
1084,2594
1763
305
1264
1220
2059
762,1637
565,1723
1907,2339
889
1486,1548
234,270,844,1526,2470,2518
300
130,2277
380,2906
286,1702
1592,2290
1164,1475
1354,2116
324,2155
337,454,710,839,875,881,919,941,1091,1598,1975,2030,2077,2387,2603,2740
541,1748
909
291,701
2613
147
901,2047
465,694,1447,2362
1021
1510,2513
1920
188,1199,1260
251,1147
79,2242
317,2342
1199,1249,1260
29,2520
33,1870
191
2617
2116,2339
1266
801
400
1019,2399
1336
191,1011,1362
336,1065,1823
465,694,2362,2641
772,778,1223,1523,1536,1595,2123,2323,2566,2896,2912
2147,2466
2020,2355
364,1806
162,228,2695
72,1881
1169
1984
400,2827
723,2865
97,2674
874
1954
2759
52
242
1143
861
657
670
1302,1473
843,2035
183,1109
223
130,2609
2656
1381
487
1894,2416
202,230,962
1437,1478
373
411,1471
169,747,1097,1247,2814,2923
261,2019,2450
1401
1582,2116
1476,2016,2194
690,1688
246,2924
2143
2272
507,1758
872
2837
631
731,1045,2400
1898
127,1527
1498
772,778,1075,1223,1523,1536,1595,2123,2566,2896,2912
1536,2704
208,972,2683
1165,2926
179,1412,1715,2217,2233,2245,2616,2621,2632
491,605,672,893,1716,1824,1985,2594,2668,2692
173,638,698,735,780,806,817,882,896,915,1190,1215,1312,1322,1325,1387,1403,1439,1705,1761,1964,2065,2158,2200,2393,2419,2430,2573,2624,2634,2785,2952
1785,2230
2364
1678,2003
739
1026
582
802,2607
1781,2116
92,399,654,2928
392,488,824,944,1161,1557,1570,1626,2177,2196,2197,2340,2538,2556,2575
1475,2811
546,1550
2741
524,2671
249,700,1395,1923
1887,1935
484,572,1033,1441,1826,1947,2798
2800
1575
460,2688
1454,2147
1958,2768
84
731,1045,2400
687
2642
778,1523,1536,2057,2323,2368
133
1185
1262,1783
1031,1381
1081
424,2209
2328
841
2807
2116,2872
449,2138,2155
652,2022,2150,2467,2579
567,2615
1773
1092
1005,2551
1877
288
1977
459
479,1052,2286
2002
1074,2357
1389
1001,2788
799,1318
1841,2570
465,694,2362,2443
1083
360,2793
2489
2438
829,1688
244,1658
1141,2296,2441,2563,2909
1694
942,1672
2020
1034,1036,1415,2031
2235,2784
6,1845
613,2302,2446,2835
2061
6,2188
708,852,853
1784
2284
778,1075,1223,1536,1595,1625,2123,2259,2566,2896,2912
118
2308
1693
310
2699
1087
778,1223,1536,1595,1625,2123,2259,2323,2566,2896,2912
1074,1235,2327
263,1611
2390
1329,1778
369,1683
508
1791
2415
269,386,1416
238,598,1363,2127,2480,2517,2678
439,2912
564,1430
209
1845,2444
1906
2344
455
2664
872,1437
2202
263,1255
649,1983,2694
1121,2116
1136
290,2126
1616,1810
2778
979
1660,2058
606
1614
1885,2788
168,531
1821
2673
524,1164
2824
124,920,1064,1229
2762,2872
371,1520
1
199,524
2015,2292
1743,2327
1338
54,1681,2505
2302
162,712,2695
2654
1012
1672
2437
1143,1982
2697
2649
1775
172,838
614,844,1212,2406,2805,2895
426,2397
1302
2594
2319,2771
76,1205
2678
1256,2869
822,2846
614,782,844
672,856,1259,1464,1555,1569,1716,1824,1985,2594,2643,2692
893
501,691
1356,2302,2446,2835
1018,1755,2074,2125
1019,1586
1758,2841
1443,2220,2353,2439,2529
554,1269
233
478,1734
258,1717
794,1363,2127,2480,2678
1859
213,296,417,1035
555,2492
1865,2862
2625
254
456
6,2671
2182,2309
901
2357
1708,2507
2586,2858
379,584
2345
2373
374,2169
30,1633
437
1084,1168
1640
2564
76,2769
1217,2468
720
2547,2756,2775
926,1887
1601
550
1431,2366
14
2709
1129,1497,2457
429,1202
1234
154,487,1887,2613
1433
939,1953
164,1903
2799
730,2151
1330
1308
81,121,442,726,746,969,991,1053,1670,1855,1926,1992,2405,2428,2691,2764,2770,2810
2310
2843,2899
1181
1916
968
1405
452,1312,1403,2624
888,1051,2097
672,1259,1464,1555,1716,1824,1959,1985,2422,2594,2643,2692
91,441,1645,2000
1113,2240
24,1541,2166,2765
1682,2307
61,2361
1150,2266,2438
170,2667
1375
672,1259,1464,1555,1716,1824,1921,1959,1985,2422,2594,2643,2692
172,1834
1601
1283,1949
2231
785,868
137,194,323
1475,2488
35,71,98,373,455,570,1022,1258,1316,1373,1589,1600,2128,2447,2495,2656,2801
1422
2247
1522
966
1672,2791
2046,2720,2823
139,926,1887,2089
284,378,722,1917
210,306,706,1099,1666
2155
1203,2671
129,2267,2676
1316
511,760
86,2208,2374,2944
1743
2338,2703
1879
748,891,1565
1894
1952
216,297,589,610,636,977,1122,1313,1450,1532,1802,2109,2153,2254,2490,2519,2606,2681
655
1064
264,268
2918
524,1860
25,1581
346
779,859
938
1162,1180,2597,2889
1203,1845
82
693
199,1475
787
2214,2544
2118,2677
312,2095
1911,2546
1237,2145,2294
111,1163,1207
62,983,1491,1653,1688,1700,2462
1159
1600
859,1870
1732
2463
335
37,101,1132,1597,1631,2714
40,2070
246
1146
2312,2508
1216,2706
619,937,1398,1976,2453
2590
595,1410,1848,2925
2743,2791
1851
672,1259,1555,1716,1824,1985,2418,2594,2643,2692,2774
234,844,2470
389
263,2830
963,1687
1776
178,262,383,836,857,1274,1284,1630,1808,1889,2090,2698,2705,2845,2897,2919
667,1998
887
623,1188,2557
914,2068
685
1327,1376
302,2179
727,1015,2432
1679,1690
