216,0,1.0
449,0,-1.0
1512,0,1.0
1110,1,1.0
332,1,-1.0
1520,1,-1.0
565,2,-1.0
1442,2,-1.0
561,2,1.0
1281,3,1.0
1116,3,1.0
455,3,1.0
970,3,1.0
1041,3,-1.0
282,4,-1.0
758,4,-1.0
769,4,1.0
1201,4,1.0
1269,5,-1.0
529,5,1.0
396,5,-1.0
1512,6,-1.0
1251,6,-1.0
660,6,1.0
379,7,-1.0
672,7,-1.0
1038,7,1.0
670,8,-1.0
503,8,1.0
723,8,-1.0
557,9,-1.0
1040,9,1.0
577,9,-1.0
300,9,1.0
153,10,-1.0
631,10,1.0
631,10,-1.0
112,10,1.0
556,11,1.0
19,11,-1.0
1080,11,1.0
747,11,-1.0
381,12,-1.0
865,12,1.0
967,12,-1.0
1139,12,1.0
888,13,1.0
132,13,-1.0
1538,14,-1.0
115,14,1.0
321,14,-1.0
562,15,1.0
533,15,-1.0
1204,15,-1.0
571,15,-1.0
1285,16,-1.0
590,16,1.0
781,16,-1.0
195,17,-1.0
1283,17,-1.0
789,17,-1.0
811,17,1.0
573,18,1.0
796,18,-1.0
1480,19,1.0
1023,19,-1.0
1389,19,-1.0
855,19,1.0
631,19,-1.0
1435,19,1.0
1141,20,1.0
947,20,-1.0
585,21,-1.0
506,21,1.0
894,21,-1.0
574,22,-1.0
1523,22,1.0
87,23,-1.0
381,23,-1.0
1518,23,1.0
865,23,1.0
1503,24,-1.0
119,24,1.0
1507,24,-1.0
1078,25,-1.0
1216,25,1.0
1485,26,-1.0
1449,26,1.0
1097,27,-1.0
55,27,-1.0
313,27,-1.0
1030,27,1.0
1402,27,-1.0
454,27,-1.0
20,27,-1.0
220,27,-1.0
1055,27,-1.0
1216,27,-1.0
1163,27,-1.0
1353,27,-1.0
307,28,-1.0
722,28,1.0
1020,29,-1.0
425,29,-1.0
1171,29,1.0
1032,30,1.0
865,30,1.0
381,30,-1.0
882,30,-1.0
631,31,-1.0
993,31,1.0
414,31,-1.0
685,32,1.0
1193,32,1.0
381,32,-1.0
362,32,-1.0
865,32,1.0
1499,33,1.0
47,33,-1.0
153,34,1.0
1203,34,-1.0
490,35,1.0
1348,35,-1.0
1293,35,-1.0
880,36,1.0
83,36,-1.0
1300,36,-1.0
1205,37,-1.0
1493,37,1.0
1299,38,-1.0
1304,38,1.0
1067,39,-1.0
251,39,-1.0
931,39,-1.0
443,39,1.0
1046,40,-1.0
1052,40,1.0
266,40,1.0
1019,41,1.0
369,41,-1.0
1330,41,-1.0
1475,42,1.0
952,42,-1.0
1513,42,-1.0
1259,42,1.0
580,42,1.0
1369,42,1.0
1152,43,-1.0
1363,43,-1.0
207,43,1.0
1355,44,-1.0
381,44,-1.0
865,44,1.0
595,44,1.0
174,45,1.0
151,45,1.0
457,45,-1.0
381,46,-1.0
865,46,1.0
1388,46,1.0
161,46,-1.0
865,47,1.0
636,47,1.0
1193,47,1.0
1091,47,-1.0
381,47,-1.0
626,48,-1.0
355,48,-1.0
1476,48,1.0
381,49,-1.0
865,49,1.0
1443,49,1.0
1466,49,-1.0
726,50,-1.0
818,50,1.0
26,50,-1.0
289,51,-1.0
455,51,-1.0
1041,51,1.0
924,52,-1.0
1102,52,-1.0
1455,52,1.0
381,53,-1.0
865,53,1.0
695,53,1.0
296,53,-1.0
793,54,-1.0
890,54,1.0
710,54,1.0
1193,54,1.0
491,54,-1.0
53,55,1.0
1133,55,-1.0
789,55,-1.0
755,56,-1.0
381,56,-1.0
1206,56,1.0
865,56,1.0
909,57,1.0
1338,57,-1.0
1440,57,1.0
303,57,1.0
557,57,-1.0
1252,58,1.0
1339,58,-1.0
929,59,-1.0
1176,59,-1.0
1228,59,-1.0
500,59,-1.0
1234,59,-1.0
1537,59,-1.0
1504,59,-1.0
1491,59,1.0
621,59,-1.0
274,59,-1.0
1358,59,-1.0
865,60,1.0
552,60,-1.0
1321,60,1.0
381,60,-1.0
433,61,-1.0
557,61,1.0
1456,61,-1.0
808,61,1.0
1308,61,1.0
311,61,-1.0
876,61,1.0
1193,61,-1.0
980,62,-1.0
1079,62,1.0
1530,62,-1.0
1024,62,1.0
15,63,-1.0
892,63,1.0
747,63,-1.0
1317,63,1.0
1470,64,1.0
1157,64,-1.0
865,64,1.0
381,64,-1.0
869,65,-1.0
30,65,1.0
785,65,-1.0
653,66,-1.0
192,66,-1.0
1373,66,1.0
1024,67,1.0
980,67,-1.0
1079,67,1.0
1530,67,-1.0
12,68,1.0
260,68,-1.0
329,68,1.0
817,69,-1.0
557,69,-1.0
381,69,-1.0
856,69,1.0
865,69,1.0
400,69,1.0
647,70,-1.0
865,70,1.0
209,70,1.0
381,70,-1.0
980,71,-1.0
540,71,-1.0
1560,71,1.0
1079,71,1.0
1177,72,-1.0
381,72,-1.0
648,72,1.0
865,72,1.0
1355,73,1.0
718,73,-1.0
749,73,-1.0
633,74,1.0
557,74,-1.0
1209,74,1.0
1148,74,-1.0
1283,75,-1.0
588,75,-1.0
173,75,1.0
295,76,-1.0
1271,76,-1.0
357,76,1.0
414,77,-1.0
511,77,1.0
1183,78,1.0
862,78,1.0
901,78,-1.0
1175,78,-1.0
385,79,-1.0
176,79,-1.0
1181,79,1.0
1562,79,-1.0
851,79,-1.0
1404,80,-1.0
920,80,1.0
865,80,1.0
381,80,-1.0
224,81,-1.0
182,81,1.0
591,81,-1.0
717,82,1.0
1495,82,-1.0
424,82,1.0
557,82,1.0
1540,82,-1.0
1097,83,-1.0
234,83,-1.0
1081,83,1.0
814,84,-1.0
772,84,-1.0
231,84,1.0
1075,84,-1.0
384,85,1.0
129,85,-1.0
175,86,1.0
331,86,-1.0
741,87,1.0
79,87,-1.0
94,87,-1.0
785,88,-1.0
1432,88,-1.0
1309,88,1.0
1180,89,-1.0
1168,89,1.0
75,89,-1.0
866,90,1.0
970,90,1.0
669,90,-1.0
557,91,-1.0
971,91,-1.0
110,91,1.0
1371,91,1.0
903,92,-1.0
246,92,1.0
732,93,1.0
96,93,-1.0
1351,93,-1.0
258,94,-1.0
1185,94,1.0
11,94,1.0
897,95,1.0
1439,95,-1.0
1405,95,-1.0
586,96,-1.0
381,96,-1.0
865,96,1.0
619,96,1.0
865,97,1.0
381,97,-1.0
1004,97,1.0
1444,97,-1.0
342,98,1.0
289,98,1.0
1116,98,-1.0
39,98,-1.0
166,99,-1.0
1059,99,-1.0
84,99,1.0
910,99,1.0
612,100,1.0
767,100,1.0
247,100,-1.0
1388,101,-1.0
1447,101,-1.0
413,101,1.0
974,102,1.0
347,102,1.0
371,102,-1.0
367,102,-1.0
332,102,1.0
389,103,1.0
677,103,-1.0
369,103,-1.0
1294,104,1.0
557,104,-1.0
865,104,1.0
542,104,1.0
337,104,-1.0
1039,104,1.0
381,104,-1.0
721,104,1.0
243,105,1.0
865,105,1.0
821,105,-1.0
381,105,-1.0
969,105,1.0
662,106,1.0
558,106,-1.0
886,107,-1.0
716,107,-1.0
860,107,1.0
1178,108,-1.0
1230,108,-1.0
770,108,-1.0
1457,108,1.0
55,108,-1.0
427,109,-1.0
102,109,1.0
1432,109,-1.0
1038,110,-1.0
1563,110,1.0
222,110,-1.0
1055,111,1.0
1025,111,-1.0
1252,112,1.0
1339,112,-1.0
515,113,-1.0
602,113,1.0
651,113,-1.0
1070,114,-1.0
707,114,-1.0
61,114,1.0
1388,115,1.0
381,115,-1.0
161,115,-1.0
865,115,1.0
1231,116,-1.0
152,116,1.0
520,116,-1.0
365,117,-1.0
1074,117,1.0
1036,117,-1.0
303,118,1.0
909,118,1.0
1440,118,1.0
1338,118,-1.0
557,118,-1.0
501,119,-1.0
904,119,1.0
677,119,-1.0
474,120,1.0
606,120,-1.0
1458,120,-1.0
1015,121,1.0
45,121,-1.0
1350,121,-1.0
700,122,1.0
381,122,-1.0
441,122,1.0
532,123,-1.0
322,123,-1.0
1151,123,1.0
1359,124,-1.0
664,124,1.0
1220,124,1.0
641,125,1.0
513,125,-1.0
645,125,-1.0
603,126,1.0
993,126,-1.0
377,127,-1.0
1006,127,-1.0
281,127,1.0
1336,128,1.0
643,128,-1.0
481,128,1.0
1295,128,-1.0
491,129,-1.0
1193,129,-1.0
950,129,-1.0
710,129,1.0
655,129,1.0
1307,130,1.0
1043,130,-1.0
381,130,-1.0
865,130,1.0
232,131,-1.0
1305,131,-1.0
264,131,1.0
566,132,1.0
603,132,-1.0
863,132,1.0
1430,133,-1.0
88,133,1.0
1562,133,-1.0
385,133,-1.0
176,133,-1.0
1374,134,-1.0
5,134,1.0
683,134,1.0
1079,135,1.0
285,135,-1.0
980,135,-1.0
1049,135,1.0
776,136,1.0
114,136,-1.0
959,137,-1.0
1221,137,-1.0
589,137,1.0
766,138,-1.0
1217,138,1.0
874,139,1.0
190,139,1.0
312,139,-1.0
479,140,-1.0
1088,140,1.0
1199,140,-1.0
653,141,1.0
191,141,-1.0
575,141,-1.0
1263,142,1.0
229,142,1.0
913,142,-1.0
1418,142,-1.0
675,143,1.0
557,143,-1.0
400,143,1.0
754,143,-1.0
468,144,-1.0
1473,144,-1.0
1556,144,1.0
343,145,1.0
56,145,-1.0
799,146,-1.0
1311,146,-1.0
1162,146,1.0
1107,147,1.0
149,147,-1.0
221,147,-1.0
366,148,-1.0
377,148,1.0
617,148,-1.0
1512,149,1.0
737,149,-1.0
1388,150,1.0
865,150,1.0
161,150,-1.0
381,150,-1.0
1085,151,-1.0
197,151,1.0
1530,152,-1.0
1079,152,1.0
980,152,-1.0
1024,152,1.0
1513,153,-1.0
93,153,-1.0
283,153,1.0
141,154,-1.0
1248,154,-1.0
464,154,1.0
488,154,1.0
858,154,-1.0
702,155,1.0
381,155,-1.0
865,155,1.0
935,155,-1.0
854,156,1.0
1265,156,1.0
1048,156,1.0
184,156,1.0
1525,156,1.0
338,156,1.0
1222,156,1.0
1468,156,1.0
557,156,-1.0
681,156,1.0
899,156,1.0
1471,156,-1.0
417,156,1.0
1378,156,1.0
1359,157,-1.0
664,157,1.0
1220,157,1.0
268,158,-1.0
785,158,-1.0
337,158,1.0
1026,159,1.0
557,159,1.0
1077,159,-1.0
1113,159,1.0
667,159,-1.0
575,160,1.0
381,160,-1.0
1122,160,-1.0
865,160,1.0
1381,161,1.0
972,161,1.0
165,161,-1.0
997,161,1.0
995,161,1.0
1044,161,1.0
1263,161,1.0
913,161,-1.0
101,161,1.0
1375,161,1.0
1530,162,-1.0
1024,162,1.0
1079,162,1.0
980,162,-1.0
82,163,-1.0
746,163,-1.0
293,163,1.0
485,164,-1.0
1070,164,-1.0
278,164,1.0
1159,165,-1.0
1223,165,1.0
1401,165,-1.0
376,166,1.0
1545,166,-1.0
1401,166,-1.0
948,167,-1.0
1136,167,1.0
764,168,1.0
631,168,-1.0
863,168,1.0
250,168,1.0
713,168,1.0
1399,168,-1.0
1559,168,1.0
1290,169,-1.0
478,169,-1.0
1087,169,1.0
1202,170,1.0
1562,170,-1.0
1094,170,-1.0
385,170,-1.0
176,170,-1.0
865,171,1.0
382,171,1.0
823,171,-1.0
381,171,-1.0
541,172,1.0
865,172,1.0
290,172,-1.0
381,172,-1.0
347,173,-1.0
332,173,-1.0
963,173,1.0
1567,174,-1.0
271,174,-1.0
1531,174,1.0
344,175,1.0
0,175,-1.0
170,175,-1.0
642,176,-1.0
846,176,1.0
1240,176,-1.0
20,177,-1.0
1219,177,1.0
437,178,1.0
1154,178,-1.0
820,178,-1.0
512,179,-1.0
1086,179,-1.0
912,179,1.0
579,180,-1.0
181,180,-1.0
834,180,1.0
397,181,-1.0
1119,181,1.0
371,182,-1.0
254,182,-1.0
974,182,1.0
205,182,1.0
1237,182,1.0
1333,183,-1.0
1095,183,1.0
1,183,-1.0
1033,184,1.0
1511,184,1.0
557,184,-1.0
1344,184,1.0
411,184,1.0
909,184,-1.0
1050,184,1.0
155,184,1.0
1101,185,1.0
809,185,-1.0
381,185,-1.0
865,185,1.0
1193,185,1.0
320,186,-1.0
381,186,-1.0
865,186,1.0
1429,186,1.0
672,187,-1.0
432,187,-1.0
406,187,1.0
93,188,-1.0
1441,188,1.0
306,188,-1.0
16,189,-1.0
1027,189,1.0
962,190,1.0
179,190,-1.0
1103,191,-1.0
103,191,1.0
1106,191,-1.0
531,191,-1.0
314,192,1.0
1425,192,-1.0
865,192,1.0
381,192,-1.0
743,193,1.0
38,193,-1.0
1366,193,-1.0
1273,194,1.0
381,194,-1.0
865,194,1.0
278,194,-1.0
1530,195,-1.0
1024,195,1.0
1079,195,1.0
980,195,-1.0
1012,196,1.0
42,196,-1.0
1546,196,1.0
1266,196,-1.0
604,197,1.0
879,197,1.0
1359,197,-1.0
335,198,1.0
1237,198,1.0
371,198,-1.0
974,198,1.0
1345,198,-1.0
1501,199,-1.0
187,199,1.0
1297,199,1.0
740,199,-1.0
557,200,-1.0
808,200,-1.0
1243,200,1.0
1193,200,1.0
1210,200,1.0
1395,201,-1.0
996,201,-1.0
714,201,1.0
798,202,-1.0
1280,202,1.0
226,202,-1.0
725,202,-1.0
557,203,-1.0
325,203,-1.0
1129,203,1.0
304,203,1.0
1436,203,1.0
899,204,-1.0
598,204,1.0
1137,204,-1.0
269,205,-1.0
164,205,1.0
1365,205,-1.0
487,206,1.0
381,206,-1.0
1136,206,-1.0
865,206,1.0
13,207,-1.0
113,207,1.0
319,207,1.0
1018,208,1.0
309,208,-1.0
100,208,-1.0
342,209,1.0
970,209,1.0
692,209,1.0
39,209,-1.0
383,210,1.0
1002,210,-1.0
383,210,-1.0
218,210,1.0
76,210,-1.0
510,211,-1.0
1084,211,-1.0
421,211,1.0
416,212,-1.0
1103,212,1.0
629,213,1.0
1494,213,1.0
764,213,1.0
354,213,1.0
1559,213,1.0
713,213,1.0
640,213,-1.0
383,213,1.0
655,214,-1.0
803,214,1.0
950,214,1.0
297,214,-1.0
381,215,-1.0
865,215,1.0
1071,215,1.0
245,215,-1.0
163,216,1.0
274,216,-1.0
528,217,-1.0
1013,217,1.0
1513,217,-1.0
146,218,-1.0
296,218,-1.0
1380,218,1.0
381,219,-1.0
700,219,1.0
441,219,1.0
729,220,1.0
1417,220,-1.0
1421,220,-1.0
79,221,-1.0
696,221,-1.0
1098,221,1.0
1446,222,-1.0
1099,222,1.0
368,223,1.0
957,223,1.0
557,223,1.0
944,223,-1.0
902,223,-1.0
356,224,1.0
975,224,-1.0
7,224,-1.0
865,225,1.0
381,225,-1.0
375,225,1.0
954,225,-1.0
570,226,-1.0
192,226,-1.0
493,226,1.0
145,227,-1.0
360,227,-1.0
1161,227,1.0
557,228,-1.0
263,228,1.0
1170,228,-1.0
584,228,1.0
137,228,1.0
708,228,1.0
1359,229,-1.0
644,229,1.0
14,229,1.0
756,230,-1.0
109,230,-1.0
852,230,1.0
779,231,-1.0
1328,231,1.0
341,231,-1.0
1049,231,-1.0
1388,231,-1.0
555,232,-1.0
418,232,1.0
1541,233,1.0
57,233,-1.0
1226,234,-1.0
349,234,-1.0
545,234,1.0
1483,235,-1.0
496,235,1.0
710,236,1.0
753,236,-1.0
889,236,1.0
1193,236,1.0
998,236,1.0
491,236,-1.0
234,237,1.0
1467,237,1.0
807,237,1.0
190,237,-1.0
1315,237,1.0
1530,238,-1.0
1024,238,1.0
1079,238,1.0
980,238,-1.0
835,239,-1.0
201,239,-1.0
1318,239,-1.0
1435,239,-1.0
745,239,1.0
270,240,-1.0
1331,240,-1.0
627,240,1.0
956,240,-1.0
1143,241,-1.0
156,241,1.0
1324,241,1.0
635,241,1.0
895,241,1.0
986,242,-1.0
24,242,1.0
370,242,-1.0
826,243,1.0
1171,243,-1.0
756,243,-1.0
151,244,1.0
1070,244,1.0
1273,244,-1.0
1527,245,1.0
381,245,-1.0
865,245,1.0
941,245,-1.0
485,246,-1.0
1490,246,1.0
425,246,-1.0
549,247,-1.0
703,247,1.0
1012,247,-1.0
374,248,1.0
1396,248,-1.0
960,248,-1.0
865,249,1.0
557,249,-1.0
578,249,1.0
381,249,-1.0
1236,249,1.0
400,249,1.0
1342,249,-1.0
662,250,-1.0
425,250,1.0
381,250,-1.0
865,250,1.0
257,251,1.0
1564,251,-1.0
786,251,-1.0
398,251,-1.0
1296,252,1.0
501,252,-1.0
236,252,-1.0
1510,253,-1.0
1219,253,-1.0
1394,253,1.0
1029,254,-1.0
104,254,1.0
1196,254,1.0
501,255,-1.0
1032,255,-1.0
1364,255,1.0
241,256,-1.0
868,256,1.0
94,256,-1.0
1385,257,-1.0
1342,257,1.0
785,257,-1.0
188,258,-1.0
2,258,-1.0
837,258,1.0
1322,259,-1.0
1053,259,-1.0
576,259,1.0
135,260,1.0
410,260,-1.0
383,260,1.0
713,260,1.0
629,260,1.0
1391,261,-1.0
428,261,-1.0
36,261,1.0
1094,262,-1.0
546,262,1.0
326,262,-1.0
1472,263,-1.0
825,263,1.0
1450,263,-1.0
1268,264,-1.0
237,264,1.0
1530,265,-1.0
1024,265,1.0
980,265,-1.0
1079,265,1.0
1475,266,-1.0
952,266,1.0
1369,266,-1.0
824,266,-1.0
1498,267,1.0
1448,267,-1.0
927,267,-1.0
843,267,-1.0
968,268,-1.0
1274,268,-1.0
553,268,1.0
1388,269,1.0
381,269,-1.0
161,269,-1.0
865,269,1.0
317,270,1.0
419,270,1.0
43,270,-1.0
1043,270,1.0
1100,270,-1.0
107,270,1.0
371,271,-1.0
372,271,-1.0
1156,271,1.0
974,271,1.0
1237,271,1.0
359,272,-1.0
1249,272,1.0
813,273,-1.0
415,273,1.0
485,273,-1.0
1388,273,-1.0
527,274,-1.0
1428,274,-1.0
1122,274,1.0
791,275,1.0
1186,275,-1.0
812,275,-1.0
160,275,-1.0
1480,276,-1.0
64,276,1.0
855,276,-1.0
1277,277,-1.0
1166,277,-1.0
551,277,1.0
956,278,1.0
41,278,-1.0
1190,278,-1.0
301,279,-1.0
658,279,1.0
33,279,-1.0
1337,279,-1.0
630,279,-1.0
351,279,-1.0
844,280,-1.0
49,280,-1.0
489,280,1.0
146,281,1.0
1313,281,-1.0
241,282,-1.0
340,282,-1.0
492,282,1.0
668,283,-1.0
517,283,1.0
462,283,-1.0
1132,284,-1.0
1543,284,1.0
461,284,-1.0
334,285,-1.0
1562,285,-1.0
385,285,-1.0
797,285,1.0
176,285,-1.0
865,286,1.0
1130,286,-1.0
381,286,-1.0
467,286,1.0
980,287,-1.0
1079,287,1.0
1530,287,-1.0
1024,287,1.0
1119,288,-1.0
230,288,1.0
35,288,-1.0
48,289,-1.0
63,289,-1.0
89,289,-1.0
444,289,-1.0
849,289,-1.0
620,289,-1.0
828,289,-1.0
891,289,-1.0
500,289,1.0
501,290,-1.0
67,290,-1.0
1172,290,1.0
1409,291,1.0
496,291,-1.0
364,292,-1.0
189,292,1.0
1462,292,1.0
1512,293,-1.0
1392,293,-1.0
1496,293,1.0
1388,294,1.0
865,294,1.0
161,294,-1.0
381,294,-1.0
381,295,-1.0
865,295,1.0
334,295,1.0
818,295,-1.0
913,296,-1.0
1008,296,1.0
1286,296,-1.0
1263,296,1.0
674,297,-1.0
914,297,-1.0
1042,297,1.0
854,298,-1.0
322,298,-1.0
1034,298,1.0
1092,299,1.0
1352,299,-1.0
631,299,-1.0
196,300,-1.0
286,300,1.0
192,301,-1.0
1398,301,-1.0
705,301,1.0
1386,302,-1.0
116,302,-1.0
649,302,1.0
38,303,1.0
1231,303,-1.0
417,303,-1.0
152,303,-1.0
543,304,-1.0
557,304,-1.0
876,304,1.0
435,304,1.0
1319,305,-1.0
400,305,1.0
1241,305,1.0
557,305,-1.0
838,306,-1.0
450,306,-1.0
712,306,1.0
1003,307,-1.0
1548,307,-1.0
240,307,1.0
391,308,-1.0
727,308,1.0
54,308,-1.0
521,309,-1.0
1212,309,1.0
40,309,-1.0
157,310,1.0
340,310,-1.0
79,310,-1.0
1397,311,1.0
806,311,-1.0
1046,312,-1.0
204,312,1.0
665,312,1.0
328,313,-1.0
1516,313,1.0
449,313,1.0
514,314,-1.0
1414,314,-1.0
26,314,1.0
211,315,-1.0
111,315,1.0
532,315,-1.0
366,315,-1.0
1479,316,1.0
369,316,-1.0
619,316,-1.0
402,317,-1.0
441,317,-1.0
787,317,1.0
370,318,-1.0
216,318,-1.0
986,318,1.0
1555,319,1.0
305,319,-1.0
381,320,-1.0
439,320,1.0
865,320,1.0
1397,320,-1.0
465,321,-1.0
1022,321,-1.0
829,321,1.0
1199,322,-1.0
1326,322,1.0
613,322,-1.0
1382,323,-1.0
229,323,-1.0
955,323,1.0
1436,324,1.0
1129,324,1.0
304,324,1.0
325,324,-1.0
557,324,-1.0
501,325,-1.0
1051,325,-1.0
1267,325,1.0
865,326,1.0
1459,326,1.0
1213,326,-1.0
381,326,-1.0
1079,327,1.0
980,327,-1.0
1024,327,1.0
1530,327,-1.0
1332,328,1.0
1193,328,-1.0
557,328,1.0
858,328,-1.0
889,328,-1.0
759,329,1.0
1410,329,-1.0
940,329,-1.0
244,329,-1.0
95,329,-1.0
1115,330,1.0
1131,330,-1.0
1174,331,-1.0
388,331,-1.0
453,331,1.0
186,332,-1.0
1557,332,1.0
1372,332,-1.0
1096,333,-1.0
1047,333,1.0
1037,333,-1.0
265,334,1.0
9,334,1.0
1158,334,-1.0
501,335,-1.0
425,335,-1.0
52,335,1.0
1180,336,1.0
745,336,-1.0
1431,336,-1.0
562,337,-1.0
906,337,1.0
25,338,1.0
680,338,-1.0
438,339,-1.0
851,339,1.0
497,339,1.0
447,339,1.0
385,339,1.0
579,340,1.0
225,340,-1.0
1348,341,-1.0
380,341,1.0
125,341,-1.0
939,342,-1.0
276,342,1.0
942,343,-1.0
1254,343,1.0
218,343,-1.0
1534,344,-1.0
851,344,1.0
381,344,-1.0
865,344,1.0
863,345,1.0
250,345,-1.0
1408,345,1.0
631,345,-1.0
1464,346,1.0
1158,346,-1.0
3,346,1.0
192,347,-1.0
1484,347,-1.0
18,347,1.0
456,348,1.0
504,348,-1.0
925,348,-1.0
309,349,-1.0
1428,349,-1.0
623,349,1.0
191,350,-1.0
1398,350,1.0
1547,350,-1.0
961,351,-1.0
583,351,-1.0
1000,351,1.0
812,351,-1.0
877,352,1.0
55,352,-1.0
914,352,-1.0
827,352,-1.0
1165,353,1.0
518,353,-1.0
981,353,-1.0
131,353,-1.0
203,354,1.0
1137,354,-1.0
1117,354,-1.0
711,355,-1.0
756,355,-1.0
4,355,1.0
983,356,-1.0
581,356,-1.0
831,356,1.0
381,357,-1.0
865,357,1.0
762,357,-1.0
302,357,1.0
979,358,-1.0
158,358,-1.0
1486,358,1.0
751,359,1.0
559,359,-1.0
1027,359,-1.0
1279,360,1.0
426,360,-1.0
788,360,-1.0
1360,361,-1.0
1121,361,-1.0
1451,361,1.0
361,362,-1.0
258,362,1.0
800,363,1.0
175,363,-1.0
1006,364,1.0
1128,364,-1.0
330,364,-1.0
154,364,-1.0
865,365,1.0
318,365,1.0
1523,365,-1.0
381,365,-1.0
460,366,1.0
90,366,-1.0
872,366,-1.0
1530,367,-1.0
1024,367,1.0
1079,367,1.0
980,367,-1.0
802,368,1.0
1561,368,-1.0
55,368,-1.0
1063,369,-1.0
628,369,-1.0
327,369,1.0
616,370,-1.0
1233,370,1.0
10,370,-1.0
453,371,-1.0
23,371,1.0
81,372,1.0
112,372,-1.0
381,373,-1.0
865,373,1.0
581,373,1.0
248,373,-1.0
1565,374,1.0
881,374,-1.0
446,374,-1.0
385,375,-1.0
176,375,-1.0
233,375,-1.0
1562,375,-1.0
1314,375,1.0
381,376,-1.0
865,376,1.0
734,376,-1.0
1135,376,1.0
601,377,1.0
1063,377,-1.0
1051,377,-1.0
1253,378,1.0
1153,378,-1.0
946,379,1.0
756,379,-1.0
1377,379,-1.0
819,380,-1.0
1016,380,1.0
336,380,1.0
527,381,1.0
983,381,-1.0
951,381,-1.0
1134,382,1.0
1416,382,-1.0
661,382,-1.0
850,383,-1.0
1229,383,-1.0
539,383,1.0
1542,384,1.0
151,384,1.0
1429,384,-1.0
1149,385,1.0
1487,385,-1.0
463,385,-1.0
294,385,1.0
638,386,-1.0
80,386,1.0
782,386,-1.0
857,386,-1.0
497,387,1.0
298,387,-1.0
447,387,1.0
385,387,1.0
1430,387,1.0
1367,388,-1.0
684,388,1.0
452,388,1.0
501,389,-1.0
1383,389,-1.0
378,389,1.0
632,390,-1.0
987,390,1.0
646,390,-1.0
980,391,-1.0
1068,391,1.0
78,391,-1.0
700,391,1.0
1079,392,1.0
1530,392,-1.0
1024,392,1.0
980,392,-1.0
192,393,-1.0
715,393,1.0
389,393,-1.0
445,394,-1.0
440,394,-1.0
607,394,1.0
719,395,-1.0
1453,395,1.0
381,395,-1.0
865,395,1.0
1426,396,1.0
969,396,-1.0
60,397,1.0
572,397,-1.0
299,397,1.0
972,398,-1.0
445,398,1.0
769,398,-1.0
1044,398,-1.0
1375,398,-1.0
995,398,-1.0
501,399,-1.0
1142,399,1.0
1245,399,-1.0
1411,400,1.0
345,400,-1.0
1028,400,-1.0
742,401,-1.0
798,401,1.0
748,401,-1.0
706,402,1.0
536,402,-1.0
1379,403,1.0
400,403,1.0
51,403,-1.0
381,403,-1.0
1515,403,-1.0
750,403,-1.0
1487,404,1.0
998,404,-1.0
916,405,-1.0
392,405,1.0
1261,405,-1.0
871,406,1.0
554,406,1.0
1506,406,-1.0
70,406,1.0
194,406,1.0
390,406,1.0
99,406,-1.0
719,407,1.0
107,407,1.0
419,407,1.0
7,407,-1.0
317,407,1.0
936,408,-1.0
385,408,-1.0
1562,408,-1.0
176,408,-1.0
928,408,1.0
1532,409,1.0
1283,409,-1.0
1287,409,-1.0
1332,410,1.0
557,410,1.0
889,410,-1.0
858,410,-1.0
1193,410,-1.0
475,411,-1.0
1288,411,-1.0
691,411,1.0
1102,412,1.0
1347,412,-1.0
1214,412,-1.0
1200,413,1.0
381,413,-1.0
865,413,1.0
280,413,-1.0
887,414,-1.0
537,414,1.0
1414,414,-1.0
530,415,-1.0
1438,415,1.0
294,415,-1.0
358,416,1.0
216,416,-1.0
458,416,-1.0
381,417,-1.0
865,417,1.0
1388,417,1.0
161,417,-1.0
689,418,-1.0
86,418,1.0
242,418,-1.0
1368,418,1.0
693,419,-1.0
1291,419,1.0
700,420,1.0
381,420,-1.0
441,420,1.0
1469,421,1.0
557,421,-1.0
1179,421,1.0
277,421,1.0
387,421,1.0
304,421,-1.0
1437,421,1.0
480,421,1.0
1473,422,-1.0
1343,422,1.0
168,422,-1.0
1427,423,-1.0
1072,423,-1.0
483,423,1.0
766,424,1.0
1182,424,-1.0
1292,424,-1.0
50,425,1.0
210,425,-1.0
1138,425,1.0
1434,425,-1.0
339,426,-1.0
1478,426,1.0
85,426,-1.0
1243,427,1.0
808,427,-1.0
1193,427,1.0
918,427,1.0
1140,427,-1.0
1492,428,-1.0
293,428,-1.0
932,428,1.0
523,429,1.0
639,429,-1.0
373,429,1.0
865,430,1.0
936,430,1.0
466,430,-1.0
381,430,-1.0
47,431,1.0
1491,431,-1.0
1014,431,-1.0
1536,431,-1.0
1530,432,-1.0
1024,432,1.0
1079,432,1.0
980,432,-1.0
938,433,1.0
728,433,-1.0
109,434,1.0
1020,434,-1.0
841,434,-1.0
1330,435,-1.0
501,435,-1.0
1093,435,1.0
804,436,1.0
884,436,1.0
1207,436,-1.0
1077,437,-1.0
557,437,1.0
140,437,-1.0
1026,437,1.0
1500,438,-1.0
865,438,1.0
287,438,1.0
381,438,-1.0
1417,439,-1.0
757,439,1.0
865,439,1.0
381,439,-1.0
13,440,-1.0
1459,440,1.0
121,440,1.0
985,441,-1.0
674,441,1.0
1413,442,1.0
59,442,-1.0
1056,442,-1.0
896,443,1.0
1442,443,-1.0
79,443,-1.0
69,444,1.0
1553,444,-1.0
1352,445,1.0
631,445,-1.0
631,445,1.0
801,445,-1.0
1254,445,-1.0
878,446,1.0
230,446,-1.0
774,446,1.0
1422,446,1.0
907,446,1.0
1193,446,1.0
291,447,1.0
55,447,-1.0
624,447,-1.0
442,448,1.0
235,448,1.0
1335,448,-1.0
1568,449,1.0
549,449,-1.0
117,449,-1.0
1449,450,-1.0
1361,450,1.0
800,450,-1.0
1329,450,1.0
610,450,-1.0
206,450,1.0
1244,451,-1.0
1005,451,1.0
984,451,-1.0
2,452,-1.0
837,452,1.0
188,452,-1.0
1263,453,1.0
1155,453,1.0
913,453,-1.0
420,453,-1.0
1463,454,-1.0
1169,454,-1.0
108,454,1.0
1082,455,1.0
1104,455,-1.0
223,455,1.0
164,456,-1.0
1323,456,1.0
1392,456,-1.0
1408,457,-1.0
1108,457,1.0
631,457,-1.0
863,457,1.0
1553,458,1.0
198,458,-1.0
1497,459,-1.0
1387,459,1.0
865,459,1.0
381,459,-1.0
482,460,1.0
964,460,-1.0
961,460,-1.0
430,460,-1.0
1002,461,1.0
994,461,-1.0
991,461,-1.0
922,462,1.0
393,462,-1.0
1026,462,-1.0
1077,462,1.0
808,463,-1.0
921,463,-1.0
1243,463,1.0
215,463,1.0
1143,464,-1.0
1095,464,-1.0
471,464,1.0
1079,465,1.0
1530,465,-1.0
1024,465,1.0
980,465,-1.0
657,466,1.0
812,466,-1.0
792,466,-1.0
961,466,-1.0
1064,467,-1.0
1473,467,-1.0
316,467,1.0
784,468,1.0
68,468,-1.0
687,468,1.0
507,468,1.0
403,469,1.0
587,469,1.0
787,469,-1.0
302,470,-1.0
447,470,1.0
497,470,1.0
385,470,1.0
1094,470,1.0
1017,471,-1.0
1403,471,1.0
391,471,-1.0
1060,472,-1.0
352,472,1.0
865,472,1.0
381,472,-1.0
66,473,1.0
458,473,-1.0
1007,473,-1.0
161,474,-1.0
381,474,-1.0
1388,474,1.0
865,474,1.0
434,475,-1.0
1173,475,-1.0
171,475,1.0
323,476,-1.0
1432,476,-1.0
893,476,1.0
136,477,1.0
911,477,-1.0
377,477,-1.0
1203,478,-1.0
1341,478,1.0
332,479,1.0
1057,479,-1.0
974,479,1.0
371,479,-1.0
535,479,1.0
407,480,-1.0
965,480,1.0
1218,480,-1.0
565,481,-1.0
94,481,-1.0
605,481,1.0
151,482,1.0
425,482,1.0
1270,482,-1.0
977,483,-1.0
1009,483,1.0
865,483,1.0
381,483,-1.0
1444,484,1.0
707,484,-1.0
1415,484,-1.0
1117,485,-1.0
777,485,-1.0
31,485,1.0
1065,486,-1.0
1262,486,1.0
783,486,-1.0
381,487,-1.0
865,487,1.0
976,487,-1.0
401,487,1.0
1108,488,-1.0
185,488,1.0
667,489,1.0
1393,489,-1.0
140,489,-1.0
753,490,1.0
1149,490,-1.0
557,491,-1.0
885,491,-1.0
1528,491,1.0
400,491,1.0
1508,492,-1.0
236,492,-1.0
228,492,1.0
590,493,-1.0
1167,493,1.0
381,493,-1.0
865,493,1.0
279,494,-1.0
5,494,-1.0
898,494,1.0
699,495,-1.0
830,495,1.0
685,496,-1.0
974,496,1.0
1193,496,1.0
371,496,-1.0
1140,496,1.0
1481,497,-1.0
718,497,-1.0
1524,497,1.0
1115,498,-1.0
610,498,1.0
72,499,1.0
587,499,-1.0
638,500,1.0
1225,500,1.0
637,500,1.0
824,500,1.0
1264,500,1.0
933,500,1.0
857,500,1.0
720,500,1.0
80,500,-1.0
150,500,1.0
1550,501,1.0
429,501,1.0
744,501,-1.0
93,502,1.0
1258,502,-1.0
618,503,1.0
381,503,-1.0
428,503,-1.0
865,503,1.0
1184,504,1.0
37,504,-1.0
1303,504,1.0
292,505,1.0
1272,505,-1.0
1340,505,-1.0
531,506,-1.0
169,506,1.0
1304,506,-1.0
1106,506,-1.0
592,507,-1.0
1126,507,1.0
707,508,-1.0
1453,508,-1.0
1404,508,1.0
1483,509,1.0
1474,509,-1.0
1505,510,1.0
167,510,-1.0
582,510,1.0
1388,510,1.0
259,511,1.0
865,511,1.0
830,511,-1.0
381,511,-1.0
273,512,1.0
1306,512,-1.0
404,512,1.0
611,513,-1.0
989,513,1.0
412,513,-1.0
144,513,-1.0
1008,513,-1.0
383,513,-1.0
608,513,-1.0
486,514,1.0
1198,514,-1.0
400,514,1.0
381,515,-1.0
151,515,1.0
865,515,1.0
601,515,-1.0
1051,515,1.0
1170,516,-1.0
584,516,1.0
137,516,1.0
1346,516,1.0
557,516,-1.0
128,517,-1.0
177,517,1.0
1126,517,-1.0
873,518,1.0
1322,518,1.0
580,518,-1.0
1513,518,1.0
1001,519,1.0
1461,519,-1.0
533,519,-1.0
201,520,-1.0
1480,520,1.0
835,520,-1.0
1318,520,-1.0
214,521,-1.0
1439,521,1.0
564,522,1.0
1232,522,-1.0
501,522,-1.0
1481,523,1.0
1502,523,-1.0
151,523,1.0
548,524,-1.0
988,524,-1.0
1193,524,1.0
599,524,1.0
1146,524,1.0
1203,525,1.0
153,525,-1.0
526,526,1.0
1284,526,-1.0
445,526,-1.0
676,527,1.0
381,527,-1.0
384,527,-1.0
865,527,1.0
1158,528,-1.0
399,528,1.0
1150,528,1.0
1289,529,-1.0
469,529,1.0
865,530,1.0
97,530,1.0
246,530,-1.0
381,530,-1.0
709,531,-1.0
836,531,-1.0
29,531,1.0
422,531,-1.0
790,531,-1.0
1066,531,-1.0
120,532,-1.0
865,532,1.0
13,532,1.0
381,532,-1.0
320,533,1.0
485,533,-1.0
1542,533,-1.0
1388,533,-1.0
73,534,-1.0
1539,534,-1.0
85,534,1.0
24,534,-1.0
374,535,-1.0
122,535,1.0
519,535,-1.0
777,536,-1.0
346,536,-1.0
1112,536,1.0
1349,537,-1.0
226,537,1.0
159,537,-1.0
1249,538,-1.0
1283,538,1.0
333,539,-1.0
1031,539,1.0
178,539,-1.0
445,540,-1.0
1424,540,1.0
143,540,-1.0
883,541,1.0
1004,541,-1.0
501,541,-1.0
785,542,-1.0
596,542,-1.0
744,542,1.0
1301,543,-1.0
272,543,-1.0
1035,543,1.0
183,543,1.0
494,544,1.0
241,544,-1.0
1442,544,-1.0
1526,545,-1.0
1169,545,-1.0
978,545,1.0
536,546,1.0
704,546,-1.0
1045,546,-1.0
984,546,-1.0
1045,547,1.0
498,547,-1.0
55,547,-1.0
288,547,1.0
122,548,-1.0
74,548,-1.0
1017,548,1.0
1114,549,1.0
756,549,-1.0
999,549,-1.0
1282,550,-1.0
92,550,1.0
139,550,-1.0
1147,550,1.0
625,551,1.0
1409,551,-1.0
394,552,1.0
1519,552,1.0
238,552,-1.0
1021,552,1.0
557,552,-1.0
1090,553,1.0
1246,553,-1.0
1512,553,-1.0
1164,554,-1.0
208,554,-1.0
1549,554,-1.0
138,554,1.0
1512,555,-1.0
1535,555,-1.0
1551,555,1.0
381,556,-1.0
1266,556,-1.0
1070,556,1.0
865,556,1.0
899,557,-1.0
743,557,-1.0
1384,557,1.0
22,558,-1.0
1316,558,1.0
525,558,-1.0
1384,559,-1.0
1488,559,1.0
723,559,-1.0
1407,560,-1.0
170,560,1.0
1513,560,1.0
908,561,-1.0
1192,561,-1.0
659,561,1.0
594,561,-1.0
350,562,-1.0
760,562,-1.0
363,562,1.0
612,563,1.0
1035,563,-1.0
1435,564,-1.0
1389,564,1.0
631,564,-1.0
1480,564,-1.0
1052,565,1.0
1046,565,-1.0
266,565,1.0
123,566,1.0
485,566,-1.0
1388,566,-1.0
1481,566,-1.0
142,567,1.0
557,567,-1.0
1356,567,1.0
1195,567,-1.0
697,567,1.0
1215,567,1.0
999,568,1.0
1051,568,-1.0
1020,568,-1.0
708,569,1.0
557,569,-1.0
1346,569,-1.0
263,569,1.0
1377,570,1.0
1020,570,-1.0
1070,570,-1.0
906,571,-1.0
1189,571,1.0
718,572,-1.0
1327,572,1.0
1542,572,-1.0
409,573,1.0
943,573,-1.0
544,574,1.0
579,574,-1.0
915,574,-1.0
599,575,1.0
202,575,-1.0
55,575,1.0
58,575,-1.0
139,576,1.0
1282,576,1.0
724,576,-1.0
252,576,-1.0
125,577,1.0
1376,577,1.0
1085,577,1.0
1361,577,-1.0
1329,577,-1.0
206,577,-1.0
619,578,-1.0
91,578,1.0
501,578,-1.0
1248,579,-1.0
1062,579,1.0
433,579,-1.0
1193,579,1.0
778,580,-1.0
1187,580,1.0
98,580,-1.0
219,581,1.0
39,581,-1.0
342,581,1.0
970,581,1.0
1242,582,1.0
547,582,-1.0
1544,582,-1.0
315,583,1.0
1257,583,-1.0
875,583,-1.0
1081,584,-1.0
1188,584,1.0
1302,584,-1.0
436,585,1.0
932,585,-1.0
1513,585,-1.0
913,586,-1.0
1105,586,-1.0
567,586,1.0
1263,586,1.0
1011,587,-1.0
752,587,-1.0
615,587,1.0
1079,588,1.0
980,588,-1.0
1530,588,-1.0
1024,588,1.0
600,589,-1.0
423,589,1.0
263,589,-1.0
1552,590,1.0
599,590,1.0
548,590,-1.0
1512,590,-1.0
447,591,1.0
381,591,-1.0
176,591,-1.0
865,591,1.0
77,592,1.0
853,592,-1.0
193,592,-1.0
381,593,-1.0
180,593,1.0
627,593,-1.0
865,593,1.0
1256,594,-1.0
310,594,-1.0
127,594,1.0
1425,595,1.0
1208,595,-1.0
248,596,1.0
992,596,-1.0
1125,596,-1.0
381,597,-1.0
865,597,1.0
1524,597,-1.0
677,597,1.0
342,598,1.0
970,598,1.0
39,598,-1.0
8,598,1.0
941,599,1.0
707,599,-1.0
425,599,-1.0
71,600,1.0
238,600,-1.0
557,600,-1.0
1021,600,1.0
1529,600,1.0
1519,600,1.0
508,601,1.0
840,601,-1.0
1247,601,-1.0
197,602,-1.0
775,602,1.0
1348,602,-1.0
650,603,1.0
682,603,-1.0
1263,604,1.0
913,604,-1.0
1489,604,1.0
982,604,-1.0
448,605,-1.0
499,605,1.0
229,605,-1.0
579,606,1.0
1517,606,-1.0
1211,607,1.0
1197,607,-1.0
329,607,-1.0
1370,608,1.0
1271,608,-1.0
1120,608,-1.0
522,609,1.0
1278,609,-1.0
1039,609,-1.0
678,610,1.0
476,610,-1.0
673,610,-1.0
1530,611,-1.0
1024,611,1.0
1079,611,1.0
980,611,-1.0
212,612,1.0
983,612,-1.0
431,612,-1.0
857,613,-1.0
409,613,-1.0
638,613,-1.0
17,613,1.0
86,614,-1.0
353,614,1.0
381,615,-1.0
865,615,1.0
1547,615,1.0
623,615,-1.0
1276,616,-1.0
118,616,1.0
1283,616,-1.0
1554,617,-1.0
495,617,1.0
484,617,-1.0
133,618,1.0
473,618,-1.0
93,618,-1.0
768,619,-1.0
731,619,1.0
1452,619,-1.0
55,620,-1.0
597,620,-1.0
1275,620,1.0
162,621,-1.0
1192,621,-1.0
591,621,-1.0
568,621,1.0
199,622,1.0
958,622,-1.0
867,622,1.0
1191,623,-1.0
1521,623,1.0
746,623,-1.0
1430,624,1.0
172,624,-1.0
865,624,1.0
381,624,-1.0
944,625,-1.0
862,625,-1.0
901,625,1.0
368,625,1.0
557,625,1.0
317,626,-1.0
847,626,1.0
147,626,-1.0
324,627,1.0
1325,627,-1.0
735,627,-1.0
6,628,1.0
654,628,-1.0
1390,628,-1.0
518,629,1.0
495,629,-1.0
262,630,-1.0
308,630,1.0
961,630,-1.0
1419,630,-1.0
1448,631,1.0
55,631,-1.0
905,631,-1.0
1407,632,1.0
1403,632,-1.0
1513,632,-1.0
833,633,-1.0
381,633,-1.0
698,633,1.0
865,633,1.0
1127,634,1.0
865,634,1.0
686,634,-1.0
381,634,-1.0
1081,635,-1.0
671,635,-1.0
700,635,1.0
307,635,1.0
865,636,1.0
127,636,-1.0
1460,636,1.0
381,636,-1.0
1073,637,1.0
151,637,1.0
381,637,-1.0
865,637,1.0
27,637,-1.0
307,638,-1.0
306,638,-1.0
543,638,1.0
593,639,1.0
1354,639,1.0
865,639,1.0
381,639,-1.0
1406,639,-1.0
557,640,1.0
944,640,-1.0
1077,640,-1.0
1026,640,1.0
368,640,1.0
854,641,-1.0
502,641,-1.0
733,641,1.0
557,642,-1.0
1083,642,-1.0
400,642,1.0
953,642,1.0
1260,643,1.0
1089,643,-1.0
28,643,-1.0
858,644,1.0
140,644,-1.0
557,644,1.0
200,645,-1.0
689,645,1.0
371,646,-1.0
62,646,-1.0
408,646,1.0
974,646,1.0
332,646,1.0
130,647,-1.0
1362,647,1.0
1473,647,-1.0
1533,648,-1.0
815,648,1.0
622,649,1.0
934,649,-1.0
1505,649,-1.0
123,650,-1.0
381,650,-1.0
865,650,1.0
1502,650,1.0
1076,651,-1.0
65,651,1.0
968,651,-1.0
1118,652,-1.0
1144,652,1.0
845,652,1.0
405,652,-1.0
694,653,1.0
1498,653,-1.0
1454,654,-1.0
832,654,1.0
765,654,1.0
1298,655,1.0
842,655,-1.0
100,656,-1.0
527,656,-1.0
701,656,1.0
148,657,-1.0
1477,657,1.0
1010,658,-1.0
682,658,1.0
291,658,-1.0
980,659,-1.0
1024,659,1.0
1530,659,-1.0
1079,659,1.0
501,660,-1.0
1239,660,1.0
1071,660,-1.0
46,661,-1.0
395,661,1.0
949,661,-1.0
1077,662,1.0
655,662,-1.0
950,662,1.0
1026,662,-1.0
470,663,1.0
865,663,1.0
1227,663,-1.0
381,663,-1.0
1051,664,1.0
865,664,1.0
990,664,-1.0
381,664,-1.0
6,665,-1.0
913,665,-1.0
1420,665,1.0
1263,665,1.0
805,666,1.0
865,666,1.0
415,666,-1.0
381,666,-1.0
1191,667,1.0
774,667,-1.0
473,667,-1.0
1069,668,1.0
1522,668,-1.0
1238,668,-1.0
501,669,-1.0
799,669,-1.0
1194,669,1.0
1512,670,-1.0
688,670,1.0
919,670,-1.0
1070,671,-1.0
105,671,-1.0
87,671,1.0
736,672,-1.0
771,672,-1.0
869,672,1.0
1465,673,1.0
609,673,-1.0
34,674,1.0
679,674,-1.0
198,675,1.0
761,675,-1.0
1558,676,-1.0
763,676,1.0
780,676,-1.0
354,677,1.0
764,677,1.0
566,677,-1.0
629,677,1.0
666,677,1.0
1559,677,1.0
383,677,1.0
713,677,1.0
1353,678,1.0
776,678,-1.0
773,679,1.0
153,679,-1.0
1334,680,1.0
1253,680,-1.0
213,681,-1.0
1417,681,1.0
256,682,1.0
634,682,-1.0
509,682,-1.0
1218,683,-1.0
534,683,1.0
848,683,-1.0
472,684,1.0
794,684,-1.0
459,684,-1.0
1086,685,-1.0
816,685,1.0
330,685,-1.0
1388,686,1.0
161,686,-1.0
865,686,1.0
381,686,-1.0
1061,687,1.0
1255,687,-1.0
381,687,-1.0
865,687,1.0
568,688,-1.0
381,688,-1.0
865,688,1.0
275,688,1.0
621,689,1.0
973,689,1.0
775,689,-1.0
839,689,1.0
730,689,1.0
380,689,-1.0
870,689,-1.0
490,689,-1.0
501,690,-1.0
937,690,1.0
1070,690,-1.0
126,691,-1.0
917,691,1.0
1054,692,-1.0
1078,692,1.0
1550,693,1.0
1224,693,-1.0
32,693,1.0
1514,694,-1.0
824,694,-1.0
738,694,1.0
253,694,-1.0
1320,694,-1.0
21,695,-1.0
785,695,-1.0
134,695,1.0
450,696,-1.0
652,696,1.0
124,696,-1.0
148,697,1.0
255,697,1.0
945,697,-1.0
1160,698,-1.0
1534,698,1.0
550,698,-1.0
416,699,1.0
386,699,1.0
1400,699,-1.0
451,700,-1.0
739,700,-1.0
656,700,1.0
1192,700,-1.0
1445,700,-1.0
614,701,1.0
544,701,-1.0
560,701,-1.0
810,702,-1.0
267,702,1.0
690,702,1.0
1145,703,1.0
1412,703,-1.0
865,703,1.0
381,703,-1.0
311,704,-1.0
1193,704,-1.0
1109,704,1.0
808,704,1.0
1310,704,-1.0
44,705,-1.0
563,705,-1.0
106,705,1.0
1202,706,-1.0
381,706,-1.0
762,706,1.0
865,706,1.0
516,707,-1.0
1435,707,1.0
1023,707,-1.0
1388,708,1.0
161,708,-1.0
865,708,1.0
381,708,-1.0
1566,709,-1.0
1235,709,1.0
926,709,-1.0
1433,710,1.0
1439,710,-1.0
381,710,-1.0
865,710,1.0
381,711,-1.0
348,711,1.0
865,711,1.0
524,711,-1.0
864,712,1.0
1138,712,-1.0
785,712,-1.0
227,713,-1.0
538,713,1.0
966,713,-1.0
1168,714,-1.0
74,714,-1.0
1312,714,1.0
1123,715,1.0
1291,715,-1.0
381,715,-1.0
865,715,1.0
865,716,1.0
381,716,-1.0
659,716,-1.0
1111,716,1.0
1227,717,1.0
249,717,-1.0
781,717,-1.0
900,718,1.0
217,718,-1.0
124,718,-1.0
1263,719,1.0
859,719,1.0
795,719,-1.0
913,719,-1.0
1357,720,1.0
865,720,1.0
381,720,-1.0
1509,720,-1.0
1513,721,1.0
54,721,1.0
436,721,-1.0
923,722,-1.0
284,722,-1.0
861,722,1.0
381,723,-1.0
237,723,-1.0
865,723,1.0
1423,723,1.0
344,724,-1.0
220,724,1.0
82,724,1.0
0,724,1.0
1250,724,1.0
569,724,1.0
1198,724,1.0
1124,725,1.0
930,725,-1.0
505,725,-1.0
261,726,1.0
865,726,1.0
381,726,-1.0
1181,726,-1.0
1185,727,-1.0
477,727,1.0
247,727,1.0
1298,728,-1.0
381,728,-1.0
865,728,1.0
239,728,1.0
822,729,1.0
381,729,-1.0
865,729,1.0
663,729,-1.0
1058,730,-1.0
1482,730,1.0
