1
3
225,319
1706,2193
7
489,699,3449
148,245,289,337,505,548,617,734,757,778,839,866,884,934,938,1012,1202,1219,1234,1303,1381,1409,1607,1652,1687,1714,1718,1759,1854,2004,2068,2073,2096,2119,2171,2256,2278,2350,2358,2723,2772,2787,2827,3000,3031,3115,3123,3142,3173,3219,3224,3283,3400,3422,3428,3446,3473,3677
13
380,1013
19
312,2756
21
26
330,3747
652,3722
1794,3246
33
35
45,47,220,422,473,479,569,656,682,802,849,867,897,993,1031,1147,1272,1310,1335,1430,1482,1485,1501,1521,1527,1535,1577,1597,1672,1686,1705,1746,1771,1843,1860,1965,1994,2001,2142,2145,2150,2179,2264,2385,2386,2448,2501,2518,2519,2602,2673,2681,2689,2714,2747,2844,3284,3516,3542,3631,3700
38
43
78,2879,3176
206
1522
1300,2770,3374
1944,2644
361,1707
58
1500,2965
1546,1653
63
64
65
1105,2717
66
67
318,2718
1877,2508
72
1543,2037
2935,2992
351,857
342,1923
945,3079
822,3043
82
1181,1399
84
86
88
13,131,502
269,3523
97
2743,2949
99
1144,3306
11,441,1016
381,2205
30,2790
108
209,1042,1208,2324
110
3339,3363
1459,3364
114
908
110,3532,3571
1248,3278
1107,3750
857,1275
128
125,3260
3714
639,1823
900,1821,1926
542,2262
526,1495
2452,3708
142
144
1149,1971
147
2372,3119
118,1137,2609
446,1651
150
151
152
153
721,1316,1870
1720,3232
103,2098
1703,2640
159
160
1304,1432,1654
1025,3137
1956,2103
165
166
366,2339
2703,2724
363,2339
292,1416
138,1537
665,1613
173
1959,2244,2351
288,2263
201,1946
2666,2882
181
2230
1493,1674,1701
825
192
826,850
2191
940,3698
195
1519,2461
201
10,1520
181,2745
203
1009,3166
257,1201
781,2354
1416
1222,3215
2006,3240
123,1654
11,441,836
215
221
810,1353,3675
495,1360
225
1629,2333
229
2021,2604
232
591,1528
799,2775
2573,2670
237
2284,2671
1057,1109,3451
239
1198,2130
246
1592,2585
363,3440
250
2954,3335
251
3192,3668
254
443,516,2396
2094,2512
258
259
2293,2432,3754
540,750
261
262
79,412,752,980,2309,3430,3701
1645,2997
316,1543
1343,2901
1404,3639
1750
2475,3058
497,967
268
749,1076
143,2306
153,2295
274
275
3253
1484,3324
110,1324,3532
285
287
1446,1890
290
891,2422,3410
297
298
659,3698
2047,2681
302
43,862,2608
3148,3406
303
304
518,1418
77,110,2235,2684
549,1925
311
56,3652
1286
316
318
312,2382
692,2257
2391,2798
1651,3306
1474,2749
324
328
2498
17,28,49,74,276,310,327,346,445,447,477,533,587,615,645,670,758,795,871,906,942,943,964,998,1067,1074,1087,1154,1164,1190,1191,1280,1300,1317,1327,1347,1357,1395,1461,1512,1582,1610,1636,1648,1658,1808,1816,1839,1846,1885,1932,1970,1999,2081,2143,2160,2177,2195,2240,2258,2381,2388,2415,2424,2469,2530,2583,2657,2661,2697,2755,2761,2817,2921,2943,2945,2981,3008,3026,3087,3089,3095,3131,3162,3226,3305,3429,3432,3474,3527,3537,3588,3598,3625,3760
196,1369
1496,1629
2435,3587
1456,2618,3156
335
17,80,98,115,117,327,477,504,561,602,720,724,725,775,777,920,931,985,998,1003,1154,1237,1258,1261,1271,1280,1405,1435,1448,1471,1572,1673,1727,1728,1832,1847,1885,1908,1948,1953,2015,2081,2213,2227,2439,2445,2545,2653,2679,2702,2739,2799,2900,3048,3113,3139,3183,3239,3376,3397,3447,3610,3625
1204,1343
1068,3196
348
3004,3569
2574
13,1720
807,2196
650,895,917,2433
726,2372
2406,3162,3526
1744,3322
294,382,887,3357
355
1420,2433
546,3213
721,2402,3015
841,1046
78,3176,3547
361
2610,3632
238,2178
1343,1954
363
367
366
1194,2506
71,3247
250,295
131,502,3370
375
1144,2888
377
1010,1137,2373
5,907
382
473,495
385
865,1975
647,2103
1590,2808
2743,3755
598,2401
396
311,2018,2273,2290,3248
397
1470,3747
2714,3504
1066,3345
391,538,2438
644,1387,1543
3378,3674
1344,1542
855,1426
363,3423
1877,3511
7,368
1866,2649,2668
3038,3505
162,1738
1583
2007,3289
415
3066,3587
2870
950,1377,1842
423
3387
1344,2531
431
432
435
2959,3119
704,797,1359,1502,3703
440
1703,1944
1932,2009
448,1009
236,843
449
536,3739
1226,2706
206,905
3076,3225,3319
1671,3669
3444
459
1374,2803
3732
145,424,523,2558
1199,2809
470
472
473
308,987,1111,2128,2183,2314,2773,3311,3365
1891,2683
2604,3193
67,2576
1766,2511
489
2249,3293
450,2269
2045,3324
495
787
498
45,53,76,216,241,376,389,429,537,624,710,802,867,896,1126,1168,1174,1263,1276,1283,1287,1305,1521,1535,1688,1736,1776,1806,1833,1851,1859,1901,1903,2142,2150,2352,2363,2501,2554,2591,2612,2655,2696,2725,2728,2765,2816,2861,2883,2917,3020,3127,3170,3194,3394,3475,3542,3582
399,2295
502
508
509
272,3658
512
1570
2008,2616,2973
134,2203,2550
518
2006,2180
674,2717,2880,3116
2954,3021
517,2433
261,3291
1149,1210
530
133,3167
162,3595
534
251,1709
508,3673
180,2674
2393
1665,1720
2376,2577
538,2060
550
366,2719
552
556
3185
1663,2098
558
771,2066,3163
560
562
110,838,2235,2270
2313,2503
144,1893
469
1417,2720,3667
686,3156,3659
1348,1544
474,983
304,2881
2487,3296
1805,3258
72,3518
110,838,2270,3636
580
3685
2055,2176
857,3407
16,1591,1927
1189,3505
584
1054,1333
962,2433
591
2743,3229
592
912,2052
275,902
110,562,1158
1068,1631
1043,3132
603
604
516,1729,2396
949,1668
606
1683,3185
400,1380
610
611
609
932,1654
101,2516
584,922
3082,3744
1023,1733,3601,3737
621
622
713,2200
382,887,1341,3324
624
625
1877,2500
3424,3585
650,3114
2007,2236
503,3259
635
1476
247,982,1384,2276,2793
106,1950
2289,3072
1947,3277
644
646
714,932
648
649
650
652
654
657
327,2240,2945
1024,2029
139,623
1611,2524
1069,1998,2307,3337
2775,2959
3301,3603
297,2208
672
2192,3708
674
677
2990,3500
683
562,1022,1952,2197,3464
114,1459
888,3734
700,2818
695
372,1877
696
329,2076
745,1878
1066,2321
698
473,1961
3125,3690
699
526,1137,1495
701
1803,2561
1382,1984,3108
803,1369
1061,2181
1095,3009
2248,2496
981,1612
960,1197,2225,2804,3055,3315
1789,1824
718
719
1943,3552
735
808,2292
11,441,3199
1343,2837
1871,3364
403,2353
746
2705,3599
442,1402
1691,2955
486
573,1256
3318,3599
2813,3125
488,2098
2630
763
513,693,759,1615,2746
135,627,925
646,3417
826,2513
2387,3595
107,922
1009,3120
1503,1614
1733,3737
2484,2942
784
786
8,48,119,277,299,378,411,414,519,593,678,697,702,709,766,828,833,847,873,878,956,972,1072,1146,1180,1241,1249,1288,1289,1361,1365,1378,1413,1419,1445,1453,1505,1513,1515,1532,1541,1642,1664,1749,1783,1825,1827,1844,1945,1985,1992,2028,2063,2080,2111,2134,2137,2159,2189,2232,2251,2252,2413,2437,2507,2515,2547,2621,2667,2688,2698,2709,2744,2759,2836,2847,2961,2987,3092,3093,3168,3338,3411,3415,3452,3484,3487,3491,3496,3554,3558,3600,3621,3633,3641
793
457,3569
794
585,3119
797
798
799
291
1055,3445
1103,1304,1654
804
805
1558,1972
2842,3720
1849,3421
139,1325,2701
1131,1491,2361,3546,3718
806
1139,3642
1229,1801
831,3363
1838,3748
293
298,2955
2231,3326
827
640,857
1772,1912
831
1893,2888
832
594,3267
521,3680
842
1974,2434,2884
620,2714
844
409,1751
220,487,3456
2034,2904
180,2895
2374,3464
259,2983
1021,3359
453,846,1822,2051,2794
1763,2329
1336,3001
860
862
865
1368,3492
1996,3445
1043,1881
869
875
2223,2414
946,1877
879
2842,3180,3353,3720
881
498,3740
886,892,2170
1103,1328,1654
110,601,2712
879,1000
162,2079
1877,3112
65,2658
2615
1703,2340
1523,2254
905
2364
824,3083
2392,3146
1021,1680
804,855
911
462,910
912,914,3345
916
917
2235,2684
736,1350
534,1651
674,2433
923
925
1645,3354
1337,1414
1638,3304
2499,3245
935
958,1266,2850
621,3363
316
2061,2587
22,398
97,552,2555,3439
263,3409
857,2243
1912,2279
946
2280,3267
1018,2444
27,154,167,199,244,301,416,893,1269,1314,1385,1407,1425,1447,1557,1689,1715,1858,2046,2112,2152,2281,2523,2938,3075,3443
1618,2552
2147,3351
1159,2956
1299,2253
3,1877
110,1090,2094,3297
962
965
1498,2957
970
514,1499
976
1733,3692
978
979
981
982
1616,3040
29,87,266,278,466,547,553,600,1134,1354,1722,2083,2840,3023,3049,3102,3334,3649
1820,2158
837,3019
1184,1504
1731,2618
221,648,1416
997
3067
1107,3260
3490,3543
1009
13,131,2456
1325,3185
161,162
1209,2006,2600
1300,2583
2468,3252
1255,1301
1020
1021
3624,3691
1026,1337
1023
2571,2860,3350
1177,3215
2271,3141
225,2075
1733,2869
1617,3256
2,86
2131,2885
2382,2756
840,1773,3628
1545,1967
1043
3327,3341
1491,2282,2361,3718
396,1524
162,3377
1043,2518
805,1433
713,740
1056
1152,1758
1059
1934,2754
2590,3175
2958
1008
1912,3670
1877,1905
1831,3465
1070
1768,2299,3308
1073
2161,2646
2201,2599
1077
1078
1079
1545,2298
280,1110
1084
50,258
584,674,1971,2122
229,2510,2664
1090
1506,2313,2889
1093
2543,3471
728,1124,1281,2751
2715,3222
1416,3272
704,797,1359,1502
88,1366
1104
1744,3702
1107
86,221,648,1416
806,2548,3602
1029,3350
2540,3580,3586
1117
1010,1137,1619,2299,3308
204,3752
328,2287
81,1877
1556
672,3211
1129,1444
1135
2056,3470
1892
2886,3379
1140
797,1359,1502
901,1013
1149
1150
1152
1156
457,674
643,1641,2190
1325,2701
1165
1166
858,2797
1097,1340,3223
256,1924
1132,3161
1173
1826,2389
1177
1181
1183
1187
1936,2129
848,2237
110,2684,2712
650,895,2433
803,2598
642,1982,2605,3068,3363,3517
1695,3519
1198
303,3583
1201
54,1960
2656,2979,3150,3503
1360,1605
1211
693,1290,1454
1212
258,2553
1963,3465
320,3675
1150
1223
1225
497,1947
1227
1229
3442,3698
1236
1236,1533
286,577,3485
922,3571
718,1000
2224,3698
2241,3157
1245
2898
1137,1325,1619,2299,3308
804,3033
1252
498,1386
94,122,259,271,383,422,483,541,543,545,554,569,592,613,620,624,710,727,751,867,880,896,969,993,1005,1015,1080,1162,1207,1224,1263,1276,1305,1323,1376,1391,1463,1477,1634,1686,1705,1746,1850,1888,1959,1965,2044,2049,2145,2245,2265,2286,2363,2481,2488,2500,2554,2575,2612,2617,2620,2622,2663,2696,2714,2747,2854,2925,2926,2939,2964,3005,3070,3071,3106,3143,3154,3184,3194,3197,3208,3221,3292,3394,3399,3502,3504,3579,3582,3654
592,664,799
1256
3105,3345
2098,2785
1259
586,3119
1507,2556
415,2139
1021,1953
883,957,1580,2512,3196
1762
872,1650,3191,3457
1043,2117
2039
1280
1284
1291
2148,3501
1286
2322,2484
1292
1294
1542,2561
1403,2830
1298
482,1943
666,2592
1444,1853
1304
1306
1307
933
1400,1610,1832,1932,1987,2013
1630,3616
713,2584
1989,2743
2796,3121
2417,3021
1321
1329
1330
1332
1369,3592
1334
1756,2778
1036,3564
3448
1416,1683
1251,1831
2047,2968
837,2950
1215,2768
228,2673,3170
2809,3169
1649,2604
1416,1545
2968,3529
1088,2560
354,477,515,561,602,720,724,725,738,760,775,777,904,931,985,1148,1237,1261,1271,1351,1405,1448,1471,1516,1530,1609,1627,1673,1699,1727,1774,1908,1948,1953,2015,2048,2173,2310,2327,2439,2545,2679,2739,3065,3126,3139,3177,3183,3239,3298,3375,3376,3447,3460,3610,3625
1923,2995,3533
1364
2806,3117
1366
2129,2986
562,1022,1952,2471,3464
1374
844,2041
31,90,102,116,132,169,212,231,253,281,325,418,480,528,596,608,618,668,671,737,779,785,812,876,919,951,995,1030,1041,1082,1099,1114,1145,1185,1203,1273,1293,1313,1554,1566,1567,1578,1666,1675,1716,1723,1798,1809,1834,1879,1883,1958,2085,2087,2099,2144,2233,2238,2288,2323,2344,2347,2492,2535,2559,2582,2597,2614,2629,2645,2795,2853,2918,3235,3263,3313,3342,3368,3386,3390,3396,3412,3435,3493,3609,3611,3627,3644,3719,3723
790,1559
1384
104,2815
368,2712
66,3531
1004,1961
636,1608
2908,3243
2452,3185
674,3479
1543,2984
226,3524
3152,3534,3665
114,2865
2098,2298
1279,2354
1415
2053,3074
3323,3704
1414
410,516,2396
648,3130,3557
24,34,69,92,117,121,213,217,333,338,344,354,404,475,492,499,515,551,557,602,619,634,637,675,687,755,760,821,870,904,918,931,1003,1044,1067,1112,1133,1143,1148,1157,1228,1230,1231,1257,1260,1261,1317,1351,1379,1408,1483,1486,1508,1512,1516,1547,1552,1586,1595,1598,1627,1696,1699,1721,1774,1784,1819,1839,1855,1908,1948,2005,2015,2031,2143,2160,2173,2216,2258,2297,2310,2327,2415,2439,2445,2451,2453,2480,2529,2567,2647,2702,2755,2762,2777,2810,2838,2867,2972,2974,3026,3065,3126,3177,3178,3202,3226,3279,3298,3320,3346,3356,3362,3392,3395,3450,3459,3460,3481,3494,3506,3537,3617,3681,3721
885
1420
1201,1868,3384
1429
1432
431,2433
313,2239,2642
1436
1144,1450
83,2321
1438
1440
1441
1442
1443
2186
1137,1768,2299,3308,3608
1416,2452
534,3321
1455
3128,3363
666,2092
1468
2598,2735
2029,2260
3133,3599
1472
1256,1982
99,2482
1480
208,1872,2540,3586
857,2877
1494
2598,3592
818,1764
203,355,611,2549,3179
1497
1043,2526
3607,3730
1500
2353,3753
348,3698
1506
2494,3125
1502
2623,3403
1304,1432,1835
1514
1517
1581,2726
86
2172,3750
525,3097
2034,3417
1656,2248,2496,2693
2443,3363
1533
1534
2047,2312,2968
1035,2561
1414,1460
1543
221,648,3708
1553
1555
2433,3312
1558
1561
1562
423,1304,1432
328,2215
1571
1563,2634
221,648,3185
1053,1369
674,3464,3687
2551,3565
2848,3135,3325,3756
568,1079
1584
1256,1982,3306
1394,3727
644,1056
1593
163,3653
1993,3743
97,110
1246,2241,2402
311,382,887,3324
307,1236
1232,3281
1845,3175
1605
1608
932,2294
60,2823
1612
1613
1614
89,989,1747,2858
110,2330
2849
1019,1309,2315,3366
1620
2606,3116
2578
1628
1812,2970
1632
2910
2403,3185
109,1380
1644
534,3479
2486,3062
306,859
439,2006
2007,2433
1617,3256,3449
2313
1654
1489,3041
2966
592,1624
1298,3709
1665
166,258
3336,3581
1670
1671
162,2572
1677
2651,2836
1778,2946
309,3388
1678
711,2729
155,1363,1864,1907
1703,3185
1500,1600,2721
1683
1786,1969
1912,3247
1304
1893,3306
1691
267,3275
1117,3276
1442,2108
562,1022,1952,2914,3464
2220,2522
473,1360
2382,2675
1176,1957
1697
1698
1702
1703
1068,2127
65,2658
2368
1186,2430
3068,3750
1937
127,1802,2394
1311,1836,2980
1220
1717
1720
1811,3587
105,340
142,1703
443,911,2396
20,51,182,233,314,332,373,374,454,494,520,605,661,712,894,924,948,971,991,1006,1011,1118,1120,1192,1243,1342,1358,1569,1573,1579,1599,1602,1659,1741,1799,1818,2118,2133,2165,2212,2219,2337,2474,2476,2483,2502,2638,2665,2923,2924,2936,2944,3094,3149,3333,3372,3469,3489,3514,3544,3606,3662,3671
11,441,2470
1729
1730
2627,3299
1732
628,2228
1262,2098
666,2694
1043,2784
1744
1751
1227,2955
2527,2605
1043,1121
1758
3101
527
1763
1764
1766
2544,3187
899,2613
489,562
1081,1369
335,923
1782
683,984
1955
1291,1656,2767
44,175,218,230,248,468,597,739,761,863,1089,1125,1160,1163,1205,1326,1375,1396,1551,1684,1713,1739,1740,1867,1873,1914,1918,2002,2033,2050,2071,2078,2135,2162,2326,2362,2478,2538,2631,2652,2677,2716,2730,2737,2740,2811,2905,2911,2920,2947,2951,3006,3010,3016,3056,3109,3153,3155,3188,3317,3383,3416,3426,3434,3560,3596,3604,3697,3699,3705,3706,3746
1786
1785
1936,3122
1792
262,827
3164,3461
2226
1801
1803
538,3700
1807
909,2214
764,2516
1810
382,3213
1812
1491,2361,3718
1814
2047,2460
184,219,222,339,386,460,493,507,641,653,705,767,789,813,834,1058,1106,1235,1244,1254,1264,1449,1462,1465,1549,1560,1603,1643,1765,1828,1865,1964,2016,2054,2113,2174,2184,2317,2334,2400,2466,2509,2565,2660,2750,2771,2776,2788,2824,2934,2989,3129,3134,3216,3285,3393,3535,3573,3683,3695,3712
290,2946
2531,2561
3227,3363
2636,2729
1829
1881,3585
3052,3761
1835
3181
1838
12,3729
1848
2020,3330
1785,3693
1312,2391
210,1977
1852
1472,2831
2069,2391
1853
1038,3549
2204,2988,3174
1862
137,2153
78,405,3176
239,1729,2396
1446,1890,2338
913,1116
1874
328
1880
1877,1898
1882
1884
170,749
1889
1891
1201
341,1204,1536,2408,2460
459,2020,2353,3165,3520
1698,1975
773
1895
1685,2365
2077,2915,3175
1898
1899
1900
1758,2450
1904
658,1021
1905
36,149,164,234,240,345,392,427,436,451,563,570,575,685,706,717,722,732,753,756,762,769,811,815,898,986,1047,1178,1193,1213,1270,1373,1492,1540,1640,1700,1711,1790,1840,1875,1887,1939,1990,2038,2109,2164,2302,2359,2371,2395,2405,2464,2624,2626,2662,2791,2873,2909,3012,3027,3081,3103,3200,3201,3218,3251,3361,3437,3498,3548,3614,3635,3716,3757
329,3343,3507
604,1758
1034,1544
1911
1915
1920
1374
1922
1585,2280
37,168,191,194,347,763,774,819,952,1123,1138,1175,1355,1428,1431,1466,1974,1983,2120,2357,2425,2449,2552,2579,2760,2839,2855,2967,2975,3053,3237,3294,3344,3418,3758
21,2242
1719,2000
1925
1928
1929
464,1877
136,260
1930
1932
513,693,1290,1454
1934
1935
2194,3737
2091,2521
189,2006
2213,3678
110,715,1090,2094
1094,3136
1946
1635,2743
538,2221
250,1296
996,1063
1953
1319,1389,2156,3401
704,2065,3703
2433,3116
1200,1282,2472
1575,3660
1199,2205
1780,3169
1621,2537
2784,3585
700,999
2185,3324
2098,3307
674,1457
1969
24,331,579,736,1623,2886,2976
1971
837,2892
401,3286
1975
1768,3308,3419
899,1506
741,1009,2274
780,2192,3047
1733,2194
1987
1256,3222
2809,3597
178,2331
1645,2267
2090,2101
1708
796,1458,2222
1397,1614
1436,3625
1150,1265
1792,2822
1997
1996
2107,3599
657,1922
496,655
2007
853,2248
1601,2266,2958
2014
765,1497
1144,3479
2749,3739
2007,3019
2713,3589
1886,2495
50,3083
226,2888
1455,2328
2775,3744
1250,2512,3196
2303,3326
2035
1285,3499
2036
2123,3479
285,3214
797,1359,1502
1318,2151
176,2126,2948
298,3240
2235,2285
856,3599
2041
306,2428
2039
877,1681,2275,3355
356,1300
1703,3688
1966,3130
2056
455,2243
110,838,2062,2270,3186
1141,2781
735,3088
2067
2070
2731,2871
2654
274,3380
992
936,2498,3507
2082
928,1545
2084
2091
2093
2518,3585
1064,2491
1101,2663,3703
2095
1306,1895
2154,3453
2383,3145
15,23,25,68,93,198,214,252,255,284,296,300,357,387,394,419,433,452,510,535,539,599,632,689,783,816,835,944,1001,1032,1033,1115,1182,1214,1218,1238,1247,1277,1401,1411,1412,1469,1481,1565,1604,1606,1690,1777,1787,1793,1817,1861,1869,1933,1968,2019,2072,2074,2097,2121,2132,2187,2246,2268,2375,2410,2446,2462,2566,2690,2704,2732,2769,2783,2841,2891,2899,2922,2971,3011,3013,3028,3042,3059,3090,3104,3107,3158,3160,3254,3257,3268,3273,3369,3454,3462,3545,3550,3572,3623,3630,3648,3713
1660,2341
450,1075
2106
1170,2098
2862,3574
3331
1902,3438
2108
629,1017,3629
2114
180,2027
328,703
1096,2300
129,1571,2355
644
1473,2670
1130,3038
954,3398
649,3310
43,862,2053
3619,3698
2136
290,497,1732
2139
2140
788,2206
1614,3686
801,1051,3140,3482
2146
635,2658
2896,3613
1545,1734
1022,1479,1587,2914,3720
750,994
2157
1256,1982,3370
1795,2022
142,1460
19,1801
2912,3363
2678,2712
192,3367
2172
2175
585,1009,3752
2178
188,1028,1085
1021,2343
2192
729,1091,2479
690
3068,3280
2196
845,1934
2034,2825
223,1693,3210,3264
2201
2202
2203
2204
179,536,1420,3739
2205
2207
2208
2209
2374,3715
2215
2826
101,2516
2736,3242
2220
3098
1444,3076
1889,1915
2196,2692
2752,3510
2234
2231
2062,2678,3186
1374,2803
1724,3175
1103,1304,1654
39,1183
1922,2586
1880,3295
2242
1877,2426
770,2865
1325,3688
534,3086
2172,3280
224,2712
2259
2261
607,1026
110,2094,2235,2285
1296,1370,3316
2269
379,1633
2273
2274
2276
1221,1594,1669,1725,2301
18,2833
786,1332
362,402,2057,2819,3626
2284
2259,3312
2207,3541
2294
2293
953,1767
2042,3073
2166,2860
945,3352
86,221,648,3185
2300
731,1416
2303
2307
1242,1870
9,110,2235,2684
2397,2734
294,382,887,3324
809
2313
2775,3119,3329
196,2598
3326,3405
2318
2845,3654
2319
883,1250,1580,2512,3196
2321
556,3578
911,1729,2396
236,3555
2328
1274,1852
2332
420,458
1496,2353
482,2863
2339
1795,2022
2342
583,1448,1742,3058
2353,2541
1349,3156,3659
2349
2196,2635
2442,3040
395,1661,2023
2354
2364
2365
2366
1059,1571
1525,2198
2369
2370
1768,2299,3308
1050,1989
2374
1499,2758
1571,3733
2628
2377
1922,2551
2382
235,434,532,582,673,930,1423,1568,2738,2852,2985,3064,3124,3620
2384
131,1966,3370
2387
2390
2285,2712
1531,1614
713,1268
2010,2832
578,1104
2396
2433,3479
574,749
2399
2401
2739
506,2695,3022
3002,3250
112,2353,3413
1352,1388
2412
2416
1262,1545
662,2670
3634
1256,3370
947,2687
457,1107
2504,3328
1545,3307
713,2104
1538,3574
302,2452
1616,3054
2436
1978,2977,2993,3458
2440
2441
73,273,667,2348,2890,3261,3682
2443
2447
3172
2450
2452
2345,3050
46,1421
2047,2312,2404,2968
2458
509,1468
2463
110,707
88,428
704,1141,3703
688,1733
1362,2913,3515
2482
484,1760,1974,2434
2486
2489
1991,3570
1880,3290
2491
1410,2247,2962
2533,3508
1086,2580
1150,2420
1863,2139
2499
2500
1955
881,1891
2669
2511
3161,3559
2513
124,3585
1795,3091
2520
1601,2958
126,1804
2524
1683,3708
1077,1172
2533
110,1233,2235,3449
2534
2536
1702,2433
2443
110,2564
1322,3561
875,2955
59,146,157,158,197,264,279,321,334,384,417,456,485,864,868,973,1060,1142,1295,1302,1356,1452,1509,1548,1626,1745,1796,1830,1976,1981,2011,2026,2086,2141,2199,2291,2296,2320,2325,2407,2467,2505,2601,2659,2828,2872,2902,2999,3057,3205,3391,3427,3455,3480,3512,3650
937,3738
326,3413,3731
895,2433
747,2007
2549
110,2517,2684,3636
624,2586
1107,2433
2548
2427
1913
2557
2417,3021
502,3111
2563
1078,1211
2568
1052
2572
1338,2531
2576
2082,2955
2577
824,3340
2342,3067
2207,3420
1792,1925
1670
974,3139
1919,2101
1899,2047
521,1474
2586
814,1755
2588
511,3696
1694,3599
2593
1891,1931
2595
851,1877
917,3046
2986,3122
1166
2650
2459,2485,3212
1874,3591
824,3551
2749,3479
2607
13,131,1966
731,2298
1743
1345,2516
2391,2562
1156,1877
1613,1651
2611
2613
1239,2589
1880,2960
3062,3321
978,1562
1920,2168
3003
2628
793,829
1338,1542
2916,3389,3707
1962,2598
2635
470,2433
1661,3099
1899,3029
2637
2360,3495
2640
2643
110,227
1360,2681
1596,2330
2663
2664
315,413,425,588,921,927,1062,1151,1278,1676,1757,1813,1916,2272,2409,2763,3182,3198,3233
2671
13,2440
1037,3230
2685
625,1877
141,2391
2676
857,965
573,1543
420,2533
187,2570
1013,1625
3068,3252
2803
2681
2683
379,562,1633
2686
691,3265
1600,2721,3674
2692
899,1506
2703
1455,2834
1761,2569
11,441,3349
1100,3657
435,3575
837,2236
3431
1320,1655,3569
2682
2719
2721
1574,3350
2724
1576,3747
1628,3175
2729
1048,1672,2835
162,2640
2736
530,3312
1917
1236,2436
3014,3476
2800
2753
2754
2756
0,42,70,113,120,130,140,171,183,200,207,270,343,349,358,359,388,393,430,555,565,571,581,612,614,616,626,638,651,669,716,743,791,817,852,854,929,1007,1027,1102,1122,1128,1206,1216,1297,1372,1398,1424,1464,1467,1487,1511,1539,1637,1667,1679,1735,1748,1770,1788,1797,1896,1910,1941,2024,2040,2088,2102,2115,2210,2336,2367,2418,2419,2477,2490,2497,2525,2528,2539,2542,2641,2700,2710,2722,2733,2757,2764,2812,2829,2843,2874,2906,2930,2932,2952,2953,3025,3204,3234,3255,3302,3309,3371,3385,3402,3408,3425,3441,3466,3525,3567,3568,3584,3618,3645,3663,3676,3710,3717,3724,3726,3728,3736,3751
572,1406
500,633,975,990,1179,1314,1425,1490,2046,2089,2875,3080,3472,3522,3672
2163
2768
1280,2095
2775
2780
2781
2786
1383,3327
2793
95,3732
2801
1720,1894
2803
2806
2807
1611,3661
5,907,2815,2851
91,156,285,328,360,369,370,371,437,473,479,490,576,589,656,657,680,681,694,730,782,799,874,897,993,1065,1119,1147,1168,1174,1267,1323,1485,1501,1521,1527,1577,1628,1704,1746,1843,1943,2001,2025,2044,2064,2116,2215,2286,2304,2351,2352,2385,2386,2457,2473,2501,2518,2546,2594,2673,2681,2689,2782,2937,3039,3070,3231,3284,3347,3486,3631,3700,3749
2293,3044,3528,3536
1754,3684
40,1315,2335,2927,3742
2815
2820
1703,3060
2821
422,538
251,1782
364,1720,2552
2832
2833
1899
2155
2846
110,1090,1392,2094
2851
2678,3513
2856
2618,2928
2859
1654,1717
2862
2095,2217
2865
64,1543
152,2632
1912,2779
2876
2877
857,2768
2273
2881
679
421,1367,1752,2941
1510,3076
2887
1049,2978
501
2893
590,691
385,830
2894
180,2674,3269
1256,2037
2897
2308,2888
2901
3576,3578
2903
558,3082
2907
882,1253
162,1092,1768
2908
1594,1669,1725,2301,3282
2167,2378
2209,3034
1308,3340
2940
305,2007
1013,2017
2007,2950
2888
2532,2766
2411,2429
522,2508,3319
196,3747
2955
2866
2957
2960
2959
2958
1429,3269
2963
1600,1712
562,1149
2968
2970
2973
915,2484
211,1009,1113
3063
768
3563,3734
190,3314
2988
465,1988
1009,1488,1726
2110,2383
2996
1332,2149
61,660
2095,2998
792
110,2235,2517,2684
1300,2229
162,1639
3004
3007
1009,1259,2207
1000,2093
1053,3577
3018
890,3061
2919,3288
13,2053
2968,3195,3580
1300,2454,2770
2218,2516
2461
461,2398
2954,3021
2307,2959
3651
3035
3036
2435,3538
467,1613
1415,2207
1240,1617,3449
3040
654,3651
1838,3615
283,368
368,837,2950
3045
1217,1616
650,772
3047
75,1645
1829,2308
2613,3236
72,1857,3363
2440,2633
1651,2211
1979,2598
1331,3637
1199,1703
237,1812
1614,2067
584,674
471,1703
242,353
3176,3409
1940,3248
3067
3068
3069
674,2997
1703,3594
3073
3074
3077
1129,1853
1,375
1304,1432,1884
3078
3082
3083
3084
3085
3289,3759
351,2864
826,2316
3590
1195,1720
150,1923
3096
3099
840,1906
406,2543
2792,3175
3110
2287,3651
3116
1932,2958
2593,2990
78,1427,3176
3118
742,2863
1553,2619
32,2510
1130,1189
3125
55,1171,1371
3128
1969,2412
491,1909
560,566
955,3351
1651,2888
3236,3436
2603,3729
3139
3144
3145
1204,1536
243,503
3148
1973,2711,3241
186,317,2933,3217,3612
941,3479
869,2384
1039,1150,1455
3156
165,2955
3159
959,2379
3161
38,826
754,1876,3271
1359,1502
3169
748,3045
1737,3741
41,1912
353,2030
323,2373
508,1969
3249,3350
1169,2514
2774,3267
1137,1594,1725,2609,3282
85,1212
1646,1882
983,3040
630,2691,3051
62,1775
3196
352,970
1815,2138
46,2390
3203
382,976
24,34,69,92,174,213,217,282,333,338,344,354,404,475,492,499,551,557,615,637,675,687,733,755,760,821,870,918,920,939,1044,1054,1067,1112,1133,1143,1157,1228,1230,1260,1300,1317,1333,1379,1461,1483,1486,1508,1547,1588,1589,1595,1598,1696,1721,1728,1774,1784,1819,1839,1847,1855,2005,2031,2216,2297,2327,2451,2529,2545,2567,2583,2647,2702,2748,2762,2777,2810,2838,2867,2972,2974,2991,3037,3089,3177,3178,3202,3279,3298,3305,3346,3362,3392,3459,3460,3477,3481,3494,3506,3566,3681,3721
3209
481,1710
495,1343
3211
3212
1400,1610,2009
1555,2595
1644,2741,3206
1256,2984
3215
595,1439
3220
1514,2356
963,1437
2433,2821
3231
3232
3238
2202
3240
2356,3036
122,220,383,422,437,483,543,544,569,613,620,681,682,727,849,896,993,1005,1031,1080,1153,1207,1224,1272,1305,1335,1376,1390,1463,1477,1634,1672,1686,1705,1746,1843,1850,1959,1965,1994,2001,2059,2142,2145,2245,2264,2265,2448,2488,2500,2519,2575,2612,2617,2620,2622,2663,2689,2714,2747,2782,2854,2939,3106,3143,3221,3284,3292,3542,3579,3654,3700
721,1870,3147
406,2280
1135,1518,1961
2421,3030
3248
3250
408,3664
3252
6,3453
1092,1768
699,3280
2261,3196
524,1196
926,2032,2931
3262
3260
2455,2516
473,2047
1155
536,3739
3269
3272
2313,2613
3274
2003
125,2374
3278
1559,2188
567,1614
1259,1415,1422,3138,3679
585,1009
1451,3350
3290
478,3530
3291
3118,3300
35,1720
988,3252
3295
860,1764
578,3100
3303
3304
52,3189
3310
423,666
842,1286
3312
1536,2837
3335,3747
648,3185
2970,3211
311,3312
2593,2990
311,2273
390,3433
968,1434,2182,2742
2955,3363
2140,2727
564,2533
3332
1137,1619,2299,3308,3608
1053,3747
193,3381
3339
1897,2596
82,2433
54,3228
3345
476,3175
3351
2012,2255
1995,2648
10,1703
2311,2465,3414
3358
3359
96,3321
131,1966
3363
322,2106
726,3562
684,2814
2940,3575
257,1426
3370
2007,2892
1495,3517
2273,2433
723,1098,3171
1416,2403
367,1682,1800,2223,3553
2857,2929
3380
630,3051
1820,2625
1949,2581
674,1149,2717,2880
1438,1942
1720,2903
2901,3002
1050,3409
663,861,1980
3404
3405
3407
472,2387,3363
1644,1647
945,2124
3413
400,3488
432,1782
3420
2106
2749,3680
2339,2868
361,2671
2676,3215
1393,3463
529,2175
407,1040,1938
763,2994
1137,1619,2299,3017,3308
1720,3373
3438
1053,2598
1849,2423
329,3507
1346,1564,3360
1081,2598
3445
2876,3643
3449
1187,1720
1550,2495
193,3190
1009,2707,3622
2848,3325
3464
3465
1071,1137,3017
3467
3468
54,2373
2996,3258
592,3024
52,1256,1982,3189
776,3119
1369,1979
2070,2493
3479
695,1364,3287
2557,3262
1921,2680
133,2969
3497
2276,3270
744,2749
820
3500
365,531,708,823,1779,2043,2277,2639
3509
1045,3174
1002,3186
857,2058
2391,3539
72,350
925,2319
14,903,1856,2346,2805,3348
3519
3520
111,1924
3524
1071,1161
3528
172,1307
324,518
534,665
13,502,1692
3531
26,1646
3533
287,988
353,2534
3540
3541
2100,3734
2014,2042
3553
3551
21,1614,2982
558,2775
3556
110,2235,2270,3449
3557
438,889,1769,2283
3561
799,2708
57,3175
3564
3077,3289
3576
1563,1837
917,2305
3571
1622
1014
3578
3580
110,1158,1339
2105
3585
58,3253,3640,3725
1880,1951
259,1332,3711
1656,2169,2496,2693
2125,3207
3595
2313,3136
177,3580
202,2431
3602
3601
1039,1150,1167,1526
1475,2435
3605
1325,2340
311,2433
259,2983
3615
676
205,3586
837,3289
3625
2456,3130
1947,3148
67,415
3638
966
747,1657
4,2878
977,1986
1108,1136
3646
1753,3478
2380,2618
1781,1912
3653
3654
3655
3656
1862
631,2789
1529,2034,3032
3666
463,2435
3191
1707,2284
793,2349
3674
1703,2340
64,1543
151,3353
1478,2034
2672,3483
559,2303
1321,2070
3689
1662,2699
3185,3272
2533,3266
3694
690,3382
3693
265,800
1083,1545
2643,3151
336,2802,3244
3703
666,1891
3709
3715
100,1009,2274
444,857
840,1417,1791,3667
3725
1292,3363
3734
3735
3382
459,3520
3739
3740
294,382,887,961
1127,3651
3593
3741
225,249
3359,3521
176,426,1841
192,377
2493,3753
3744
3745
3647
3748
1188,1962
607,1414
3750
3752
1753,2458
185,2250
726,2958
350,3052
