1547,0,1
2221,0,-1
669,0,-1
46,1,1
88,1,-1
1738,1,-1
2560,1,1
2458,2,0
6,2,-1
1836,2,-1
1837,2,1
847,3,1
2578,3,-1
846,3,-1
1358,4,-1
1587,4,1
2195,5,1
1357,5,-1
2577,5,1
1362,6,-1
26,7,1
1457,7,-1
1456,7,-1
2100,8,-1
29,8,1
1831,8,-1
2096,9,-1
2097,9,1
2109,9,-1
2195,10,1
2127,10,1
31,10,-1
2446,10,1
1631,11,-1
40,11,1
39,11,-1
41,12,-1
42,12,1
1857,12,-1
41,13,-1
1858,13,-1
43,13,1
2223,14,-1
46,14,1
88,14,-1
2521,14,1
609,15,-1
2351,15,1
53,16,1
1496,16,-1
52,16,-1
48,17,-1
49,17,1
54,17,-1
2288,18,1
632,18,-1
56,18,-1
2429,19,-1
2428,19,1
1698,19,-1
2447,20,1
88,20,-1
1492,20,-1
46,20,1
46,21,1
706,21,-1
2505,21,1
88,21,-1
2505,22,-1
2505,22,1
47,23,-1
63,23,1
62,23,-1
88,24,-1
64,24,-1
65,24,1
46,24,1
2063,25,-1
64,25,1
63,25,-1
2138,26,-1
68,26,1
66,26,-1
70,27,1
1373,27,-1
67,27,-1
2032,27,-1
1478,28,-1
1790,28,-1
1475,28,1
90,29,1
88,29,-1
1667,29,-1
779,30,-1
86,30,1
88,30,-1
46,30,1
565,30,1
87,30,-1
1810,30,1
46,31,1
88,31,-1
1579,31,-1
1580,31,1
2456,32,1
46,32,1
88,32,-1
1354,32,-1
1853,33,-1
1681,33,1
1677,33,-1
1629,34,1
1628,34,-1
1510,35,1
1509,35,-1
46,36,1
88,36,-1
1564,36,0
2434,36,1
429,36,-1
1566,36,0
88,37,-1
1486,37,-1
46,37,1
2415,37,1
2067,38,1
102,38,-1
2065,38,-1
2067,39,-1
199,39,-1
2066,39,1
2642,40,1
1373,40,-1
2032,40,-1
2638,40,-1
2138,41,-1
2141,41,1
2061,41,-1
1896,41,0
2240,42,1
1373,42,-1
1368,42,-1
2032,42,-1
2406,43,-1
2035,43,-1
2407,43,1
1373,43,-1
2407,44,1
1373,44,-1
2035,44,-1
2406,44,-1
2418,45,-1
2418,45,1
2576,46,-1
2566,46,1
46,46,1
88,46,-1
234,47,0
154,47,1
157,47,-1
153,48,1
154,48,-1
284,49,1
276,49,-1
286,49,1
299,50,-1
531,50,1
530,50,-1
529,50,-1
757,51,-1
730,51,1
399,51,1
398,51,-1
1873,52,-1
2273,52,-1
1874,52,1
88,53,-1
429,53,-1
46,53,1
929,53,1
88,54,-1
46,54,1
2434,54,1
429,54,-1
1294,55,1
1289,55,-1
88,55,-1
73,55,1
2187,55,-1
1746,55,1
88,56,-1
882,56,-1
2513,56,0
884,56,1
46,56,1
144,57,-1
88,57,-1
46,57,1
146,57,1
1505,58,1
1504,58,-1
1488,59,-1
124,59,1
1672,60,1
1674,60,1
400,60,-1
1673,60,-1
757,61,-1
1824,61,-1
1825,61,1
730,61,1
730,62,1
1824,62,-1
1825,62,1
757,62,-1
1825,63,1
757,63,-1
730,63,1
1824,63,-1
1824,64,-1
757,64,-1
730,64,1
1825,64,1
757,65,-1
1834,65,1
730,65,1
1833,65,-1
1833,66,-1
757,66,-1
730,66,1
1834,66,1
843,67,1
853,67,-1
88,67,-1
46,67,1
46,68,1
2240,68,-1
2241,68,1
88,68,-1
573,69,-1
574,69,1
46,69,1
88,69,-1
46,70,1
2033,70,-1
88,70,-1
2196,70,-1
2036,70,1
2526,71,1
46,71,1
2210,71,-1
88,71,-1
399,72,-1
401,72,1
2218,72,-1
1707,72,-1
46,73,1
2596,73,-1
88,73,-1
105,73,1
1807,74,1
88,74,-1
46,74,1
2575,74,-1
2642,75,-1
46,75,1
88,75,-1
2641,75,1
109,76,-1
46,76,1
88,76,-1
110,76,1
109,77,1
1993,77,-1
108,77,-1
111,78,-1
708,78,-1
113,78,1
120,79,1
111,79,-1
787,79,-1
121,80,1
111,80,-1
1778,80,-1
44,81,-1
111,81,-1
2247,81,1
2248,82,1
2253,82,0
2254,82,0
111,82,-1
329,82,-1
2255,82,0
111,83,-1
2249,83,1
520,83,-1
742,84,-1
2250,84,1
111,84,-1
111,85,-1
2251,85,1
743,85,-1
111,86,-1
1423,86,-1
2252,86,1
1916,87,-1
2253,87,1
111,87,-1
2254,88,1
111,88,-1
1932,88,-1
111,89,-1
1933,89,-1
2255,89,1
2256,90,1
111,90,-1
1954,90,-1
111,91,-1
2257,91,1
1959,91,-1
111,92,-1
2022,92,-1
2258,92,1
745,93,-1
112,93,1
111,93,-1
46,94,1
2564,94,1
405,94,-1
88,94,-1
112,95,-1
722,95,-1
114,95,1
1964,96,-1
112,96,-1
115,96,1
116,97,1
1718,97,-1
118,97,-1
1720,98,-1
117,98,-1
118,98,1
1778,99,-1
117,99,-1
119,99,1
2260,100,1
2261,100,-1
1718,100,-1
2259,101,-1
2261,101,1
1720,101,-1
46,102,1
1601,102,-1
1605,102,0
1586,102,1
1804,102,1
88,102,-1
1804,103,1
1605,103,0
1586,103,1
46,103,1
88,103,-1
1601,103,-1
126,104,1
930,104,-1
124,104,-1
88,104,-1
46,104,1
88,105,-1
46,105,1
128,105,-1
127,105,1
577,106,1
1707,106,-1
779,106,-1
856,106,1
46,107,1
2566,107,-1
88,107,-1
2568,107,1
52,108,1
51,108,-1
50,108,-1
1641,109,1
778,109,1
1568,109,-1
1639,109,-1
1567,109,1
676,110,-1
132,110,-1
677,110,1
134,111,-1
138,111,-1
135,111,1
136,112,1
135,112,-1
134,113,1
137,113,-1
399,114,1
398,114,-1
757,114,-1
730,114,1
2605,115,1
1408,115,1
668,115,-1
97,116,1
152,116,1
156,116,-1
242,116,1
96,116,1
1218,117,-1
1217,117,1
1446,118,-1
1420,118,-1
1421,118,1
189,118,0
2408,119,1
88,119,-1
46,119,1
2407,119,-1
88,120,-1
2408,120,1
46,120,1
2407,120,-1
70,121,-1
88,121,-1
46,121,1
71,121,1
2640,122,-1
2195,122,-1
2638,122,1
67,123,1
2195,123,-1
69,123,-1
2141,124,-1
2195,124,-1
1368,124,1
2406,125,1
2195,125,-1
2409,125,-1
2195,126,-1
2409,126,-1
2406,126,1
1379,127,1
2136,127,-1
2195,127,-1
2195,128,-1
2137,128,-1
1380,128,1
2196,129,1
2139,129,-1
2190,129,1
1373,129,-1
2190,129,-1
88,130,-1
2367,130,0
46,130,1
2492,130,1
1487,130,-1
2392,131,1
46,131,1
88,131,-1
2393,131,-1
1460,132,-1
46,132,1
2533,132,1
88,132,-1
46,133,1
2380,133,-1
88,133,-1
2379,133,1
2367,133,1
88,134,-1
46,134,1
2431,134,1
1826,134,-1
400,134,1
2394,135,1
2565,135,-1
46,135,1
88,135,-1
1706,136,1
1707,136,-1
2494,137,-1
2495,137,1
178,137,-1
1707,138,-1
567,138,1
856,138,1
190,139,1
1446,139,-1
189,139,-1
1544,140,-1
191,140,-1
192,140,1
195,141,1
193,141,-1
94,141,-1
193,142,-1
197,142,1
1943,142,-1
193,143,1
12,143,0
194,143,-1
88,144,-1
163,144,1
164,144,-1
46,144,1
201,145,1
162,145,-1
200,145,-1
203,146,1
202,146,-1
2104,146,-1
205,147,1
204,147,-1
2225,147,-1
349,148,-1
207,148,1
206,148,-1
209,149,1
208,149,-1
101,149,-1
213,150,1
1744,150,-1
212,150,-1
210,151,-1
2597,151,-1
211,151,1
215,152,1
214,152,-1
101,152,-1
1878,153,-1
216,153,-1
217,153,1
1323,154,-1
218,154,-1
219,154,1
224,155,1
223,155,-1
1609,155,-1
612,156,-1
2071,156,-1
227,156,1
221,157,1
2195,157,-1
1589,157,-1
1818,158,-1
2486,158,-1
490,158,-1
2455,158,-1
2268,158,1
2455,159,-1
2455,159,1
228,160,-1
334,160,-1
232,160,1
230,161,1
229,161,-1
333,161,-1
231,162,1
231,162,-1
231,163,-1
233,163,1
138,163,-1
1971,164,1
911,164,-1
1978,164,-1
629,165,1
1465,165,-1
628,165,-1
2338,166,1
544,166,-1
2337,166,-1
1548,167,1
720,167,-1
1546,167,-1
479,168,1
479,168,-1
236,169,1
235,169,-1
788,169,-1
237,170,1
2089,170,-1
236,170,0
235,170,-1
238,171,1
2332,171,-1
235,171,-1
241,172,-1
788,172,-1
239,172,1
153,173,-1
1912,173,-1
155,173,1
156,174,1
155,174,-1
1819,175,1
246,175,-1
255,175,1
410,175,1
540,175,1
244,175,1
541,175,1
247,175,1
255,176,1
252,176,1
561,176,-1
250,177,-1
252,177,-1
251,177,1
255,178,-1
535,178,1
534,178,-1
258,179,-1
563,179,1
562,179,-1
268,180,-1
541,180,-1
262,180,1
263,181,1
5,181,-1
268,181,-1
264,182,1
262,182,-1
244,182,1
534,183,-1
266,183,-1
540,183,1
264,184,1
268,184,-1
266,184,-1
278,185,1
277,185,-1
276,185,-1
281,186,-1
283,186,1
282,186,-1
280,187,1
284,187,-1
279,187,-1
292,188,-1
287,188,1
286,188,-1
288,189,1
288,189,-1
463,189,0
287,190,-1
288,190,1
463,190,0
293,190,-1
288,191,-1
294,191,-1
463,191,0
290,191,1
290,192,-1
295,192,-1
1542,192,1
463,192,0
1904,193,1
301,193,-1
2043,193,1
2042,193,1
300,193,1
644,194,-1
305,194,-1
306,194,1
305,195,1
959,195,1
307,195,-1
308,196,-1
305,196,1
1125,196,1
1682,197,1
312,197,-1
1681,197,-1
2398,198,1
2397,198,-1
2395,198,-1
1474,198,-1
429,199,-1
1491,199,-1
2398,199,-1
2400,199,1
1562,200,-1
1563,200,1
184,201,-1
171,201,1
2542,201,-1
491,202,-1
2542,202,-1
2354,202,1
2542,203,-1
2208,203,-1
2356,203,1
713,204,1
46,204,1
711,204,-1
88,204,-1
712,205,1
713,205,-1
1359,205,-1
710,206,-1
745,206,-1
711,206,1
329,206,-1
2578,206,-1
2355,207,1
2354,207,-1
1839,207,-1
490,208,-1
1595,208,1
1594,208,-1
2443,209,0
332,209,1
2577,209,0
331,209,-1
1329,210,-1
1449,210,1
1448,210,-1
1706,211,1
1707,211,-1
88,212,-1
46,212,1
341,212,-1
2401,212,1
346,213,-1
347,213,1
348,213,-1
757,214,-1
2570,214,-1
730,214,1
352,214,0
2571,214,1
349,215,-1
858,215,-1
350,215,1
859,216,-1
349,216,-1
351,216,1
529,216,-1
349,217,-1
352,217,1
1541,217,-1
357,218,1
158,218,-1
353,218,-1
1706,219,1
88,219,-1
46,219,1
1707,219,-1
361,220,1
390,220,-1
360,220,-1
391,221,-1
363,221,1
360,221,-1
1004,222,-1
381,222,1
370,222,-1
374,223,-1
371,223,-1
372,223,1
379,224,1
376,224,-1
535,224,-1
376,225,-1
540,225,-1
380,225,1
382,226,-1
383,226,1
271,226,-1
385,227,1
244,227,1
383,227,-1
384,227,1
410,227,1
387,228,1
295,228,-1
290,228,-1
386,228,-1
359,229,1
358,229,-1
388,229,-1
393,230,-1
394,230,1
1788,230,-1
415,231,-1
539,231,1
535,231,-1
139,232,-1
425,232,-1
426,232,1
427,233,-1
926,233,-1
429,233,1
927,233,-1
440,234,-1
441,234,1
222,234,-1
529,234,-1
444,235,1
443,235,-1
2176,235,-1
1399,236,1
445,236,-1
1398,236,-1
447,237,1
1395,237,-1
446,237,-1
449,238,1
448,238,-1
792,238,-1
451,239,1
450,239,-1
792,239,-1
453,240,1
2054,240,-1
452,240,-1
2055,241,-1
455,241,1
454,241,-1
458,242,1
457,242,-1
2265,242,-1
460,243,1
459,243,-1
2,243,-1
1573,244,-1
464,244,-1
465,244,1
474,245,-1
469,245,-1
470,245,1
254,246,1
253,246,-1
480,247,-1
271,247,-1
482,247,1
486,248,1
485,248,-1
259,248,-1
487,249,1
486,249,-1
340,249,-1
529,250,1
529,250,-1
2487,251,1
2486,251,-1
490,251,-1
495,252,1
442,252,-1
494,252,-1
474,253,-1
495,253,-1
475,253,1
496,254,-1
496,254,1
498,255,-1
499,255,1
1789,255,-1
519,256,-1
506,256,-1
517,256,1
508,257,-1
509,257,1
46,257,1
88,257,-1
510,258,1
510,258,-1
88,259,-1
787,259,-1
2022,259,-1
2170,259,-1
511,259,-1
1345,259,-1
46,259,1
515,259,1
512,260,1
1974,260,-1
515,260,-1
515,261,1
514,261,-1
2549,261,1
722,262,-1
1778,262,-1
744,262,-1
515,262,-1
513,262,1
88,262,-1
46,262,1
1919,262,-1
518,263,-1
507,263,1
516,263,-1
519,264,-1
508,264,1
517,264,-1
506,265,-1
518,265,-1
516,265,1
521,266,-1
1352,266,-1
522,266,1
1741,267,1
524,267,-1
173,267,-1
317,268,-1
320,268,1
316,268,1
319,268,1
321,268,1
72,269,-1
527,269,-1
528,269,1
1683,270,-1
1684,270,1
1373,270,1
2195,271,1
606,271,1
1374,271,-1
530,272,-1
529,272,-1
299,272,-1
2420,272,-1
532,272,1
1810,273,1
2420,273,-1
779,273,-1
531,273,-1
1585,273,1
566,274,0
532,274,-1
693,274,0
630,274,1
298,275,-1
299,275,1
529,275,-1
1894,276,-1
142,276,-1
2023,276,1
37,276,0
533,277,1
318,277,-1
1003,278,-1
1002,278,1
1004,278,1
2263,279,-1
1478,279,1
1474,279,-1
1035,280,1
1033,280,1
1034,280,-1
2239,281,-1
2263,281,1
2238,281,1
2245,282,-1
2263,282,1
2244,282,1
303,283,1
302,283,-1
1544,283,-1
88,284,-1
1730,284,-1
46,284,1
2565,284,1
827,285,-1
2594,285,1
779,285,1
2593,285,-1
255,286,1
561,286,-1
252,286,1
1520,287,-1
1519,287,1
2077,288,-1
2080,288,1
691,288,-1
463,289,1
462,289,-1
289,289,-1
1905,290,-1
1894,290,1
1893,290,-1
2309,291,-1
658,291,1
1303,291,1
1302,291,-1
269,292,1
264,292,-1
416,292,-1
416,293,-1
419,293,1
378,293,-1
416,294,-1
422,294,1
413,294,-1
420,295,1
416,295,-1
543,295,-1
417,296,-1
416,296,1
418,296,-1
268,297,1
269,297,-1
272,297,1
274,297,1
416,297,1
244,298,1
243,298,-1
245,298,1
560,299,-1
266,299,1
265,299,1
577,300,1
1810,300,1
779,300,-1
1668,300,-1
1319,301,1
152,301,-1
680,301,-1
152,302,-1
678,302,-1
1320,302,1
681,303,-1
152,303,-1
1321,303,1
778,304,1
546,304,1
779,304,-1
1798,304,1
1795,304,-1
577,305,0
1805,305,1
1729,305,-1
46,305,1
88,305,-1
392,306,-1
812,306,1
582,306,-1
600,307,-1
594,307,1
2233,307,-1
599,308,1
596,308,-1
597,308,1
139,309,-1
595,309,-1
601,309,1
598,310,1
599,310,-1
602,311,-1
605,311,1
2271,311,-1
604,312,1
603,312,-1
2158,312,0
602,312,-1
2158,313,-1
2195,313,-1
1360,313,1
602,313,-1
2159,314,0
1864,314,-1
1373,314,-1
21,314,1
11,314,-1
2201,315,-1
614,315,1
613,315,-1
618,316,-1
619,316,1
1539,316,-1
2201,317,-1
617,317,-1
620,317,1
1404,318,-1
1748,318,-1
623,318,1
622,318,-1
2195,319,-1
1621,319,-1
1620,319,1
2011,319,1
624,319,1
1622,320,-1
2195,320,-1
1620,320,1
2297,320,1
624,320,1
59,321,1
779,321,-1
1810,321,1
2491,321,-1
1746,322,1
147,322,1
148,322,-1
883,323,-1
882,323,1
779,323,-1
1810,323,1
1810,324,1
910,324,-1
779,324,-1
907,324,1
144,325,1
779,325,-1
145,325,-1
1810,325,1
1810,326,1
888,326,1
779,326,-1
889,326,-1
779,327,-1
1810,327,1
883,327,1
884,327,-1
2475,328,-1
779,328,-1
1810,328,1
1978,328,1
1546,329,1
1547,329,-1
2220,329,1
2172,330,-1
582,330,1
831,331,-1
2581,331,1
2509,331,-1
1284,332,1
2372,332,-1
2364,332,1
2486,332,1
2364,333,1
2452,333,-1
2372,334,-1
2598,334,1
2486,335,1
2486,335,-1
2598,336,-1
2598,336,1
2632,337,1
325,337,-1
2633,337,-1
1908,338,1
1906,338,1
730,338,-1
1892,338,1
779,338,-1
1907,338,1
142,338,1
1902,338,1
757,338,1
479,338,-1
2589,339,1
1518,339,-1
389,339,1
809,339,-1
2375,340,1
2599,340,-1
2563,340,1
2523,341,1
2563,341,1
2600,341,-1
482,342,-1
244,342,1
483,342,1
481,342,1
410,342,1
78,343,-1
76,343,1
1810,343,1
167,343,1
16,344,1
305,344,1
17,344,-1
2316,345,1
2427,345,1
2144,345,-1
2142,346,1
2146,346,-1
1275,346,0
2425,346,1
2426,347,1
2143,347,-1
2317,347,1
2425,348,1
2149,348,-1
2148,348,1
1695,349,1
165,349,-1
2043,349,1
2042,349,1
143,349,1
300,349,1
2195,350,-1
1543,350,-1
2199,350,-1
73,350,1
1543,350,1
88,350,-1
1746,350,1
637,350,1
644,351,1
2540,351,0
645,351,-1
957,352,-1
306,352,-1
307,352,1
308,353,1
1124,353,-1
306,353,-1
653,354,-1
647,354,-1
651,354,1
650,355,-1
649,355,1
648,355,-1
652,356,1
651,356,-1
654,356,-1
659,357,-1
1544,357,-1
660,357,1
665,358,-1
1544,358,-1
664,358,1
2370,359,1
88,359,-1
661,359,-1
46,359,1
88,360,-1
2438,360,1
46,360,1
1870,360,-1
46,361,1
1879,361,-1
1806,361,1
88,361,-1
46,362,1
1511,362,-1
88,362,-1
2419,362,1
2417,363,-1
2213,363,0
1810,363,1
1493,363,1
779,363,-1
779,364,-1
1810,364,1
2417,364,-1
1493,364,1
668,365,-1
668,365,1
2582,366,1
2582,366,-1
634,367,0
2078,367,-1
2078,367,1
1738,367,0
1557,368,1
1781,368,0
1557,368,-1
2335,369,1
2335,369,-1
241,370,-1
239,370,0
655,370,0
240,370,1
2201,370,-1
1560,371,1
2201,371,-1
655,371,0
1559,371,-1
2310,372,1
2201,372,-1
2093,372,-1
593,373,1
667,373,1
1791,373,-1
1400,374,-1
404,374,-1
636,374,1
2582,375,1
2582,375,-1
169,376,-1
169,376,1
170,377,-1
170,377,1
717,378,-1
717,378,1
718,379,-1
718,379,1
2024,380,-1
2024,380,1
2025,381,-1
2025,381,1
2027,382,-1
2027,382,1
2028,383,-1
2028,383,1
2173,384,1
2173,384,-1
2174,385,-1
2174,385,1
1530,386,1
1531,386,-1
668,386,1
130,387,-1
142,387,1
1946,388,-1
1945,388,1
2226,388,0
2226,389,0
80,389,-1
79,389,1
57,390,1
2226,390,0
58,390,-1
180,391,-1
223,391,1
2555,391,0
187,392,1
188,392,-1
2226,392,0
1195,393,0
369,393,-1
33,393,1
2226,394,0
297,394,-1
296,394,1
2226,395,0
424,395,-1
423,395,1
673,396,-1
674,396,1
2555,396,0
727,397,-1
2535,397,0
726,397,1
756,398,-1
2226,398,0
755,398,1
816,399,1
817,399,-1
1195,399,0
2555,400,0
833,400,1
835,401,1
1195,401,0
834,401,-1
822,402,1
823,402,-1
2226,402,0
2226,403,0
821,403,-1
820,403,1
45,404,1
1258,404,1
878,404,1
874,404,1
2177,404,-1
1300,404,0
1550,404,1
656,404,1
198,404,1
1767,404,1
1642,404,1
868,404,1
876,404,1
866,404,1
729,404,1
548,404,1
1289,404,1
873,404,1
1281,404,1
872,404,1
1871,404,1
877,404,1
1298,404,1
1890,404,1
875,404,1
869,404,1
1857,404,1
2224,404,1
2226,405,0
899,405,1
902,405,-1
1642,406,1
1967,406,1
903,406,1
1536,406,1
1739,406,1
1772,406,1
1281,406,1
880,406,1
725,406,0
728,406,1
435,406,1
172,406,1
548,406,1
679,406,1
906,406,-1
867,406,1
1522,406,1
976,407,-1
977,407,1
972,407,0
972,408,0
979,408,1
978,408,-1
1015,409,1
1195,409,0
1014,409,-1
1199,410,1
1198,410,-1
1195,410,0
1195,411,0
1197,411,-1
1196,411,1
2178,412,-1
2205,412,0
879,412,1
944,413,-1
2226,413,0
936,413,1
1444,414,-1
2226,414,0
1443,414,1
1479,415,1
1195,415,0
1480,415,-1
1527,416,-1
1526,416,1
2226,416,0
2226,417,0
1534,417,1
1535,417,-1
2555,418,0
1577,418,1
1576,418,-1
1599,419,0
1618,419,-1
1610,419,1
1676,420,-1
2226,420,0
1675,420,1
2555,421,0
1773,421,1
1774,421,-1
1742,422,1
2226,422,0
1743,422,-1
2226,423,0
1728,423,-1
1727,423,1
1911,424,-1
1910,424,1
2226,424,0
2226,425,0
1692,425,1
1693,425,-1
1769,426,-1
2226,426,0
1768,426,1
731,427,1
2226,427,0
1830,427,-1
1835,428,1
1838,428,-1
2226,428,0
1538,429,-1
1537,429,1
2226,429,0
2535,430,0
1949,430,1
1950,430,-1
1956,431,-1
19,431,0
1957,431,1
2226,432,0
1961,432,-1
1960,432,1
1984,433,1
1986,433,-1
2555,433,0
1985,434,1
2555,434,0
1987,434,-1
2555,435,0
1988,435,-1
1990,435,1
1989,436,-1
2555,436,0
1991,436,1
438,437,0
437,437,-1
439,437,1
1996,438,-1
1997,438,1
2535,438,0
2535,439,0
1999,439,1
1998,439,-1
828,440,-1
836,440,1
2226,440,0
2226,441,0
2052,441,-1
2051,441,1
2226,442,0
74,442,1
75,442,-1
466,443,1
2226,443,0
467,443,-1
2226,444,0
309,444,1
310,444,-1
2226,445,0
397,445,-1
396,445,1
754,446,-1
2226,446,0
753,446,1
824,447,1
825,447,-1
2226,447,0
2488,448,0
898,448,-1
897,448,1
1427,449,1
1428,449,-1
2226,449,0
142,450,-1
142,450,1
2226,451,0
1868,451,1
1869,451,-1
1963,452,-1
1962,452,1
2226,452,0
2037,453,1
2226,453,0
2038,453,-1
95,454,1
1810,454,1
1548,454,-1
1556,454,-1
88,454,-1
1705,454,-1
2612,455,-1
693,455,1
692,455,-1
701,456,-1
2614,456,-1
703,456,1
2615,457,-1
698,457,-1
699,457,1
2248,458,-1
88,458,-1
2262,458,1
46,458,1
46,459,1
2259,459,1
88,459,-1
2251,459,-1
698,460,-1
701,460,1
700,460,-1
698,461,-1
702,461,1
701,461,-1
111,462,1
702,462,-1
699,462,0
46,462,1
703,462,0
88,462,-1
181,463,1
182,463,-1
706,463,0
405,464,1
706,464,0
406,464,-1
249,465,1
247,465,-1
409,465,-1
535,466,-1
538,466,1
409,466,-1
249,467,-1
248,467,1
408,467,1
538,468,-1
536,468,1
408,468,1
855,469,-1
414,469,1
411,469,-1
255,470,-1
411,470,-1
413,470,1
412,471,-1
414,471,0
542,471,1
536,471,-1
412,472,-1
535,472,-1
543,472,1
414,472,0
542,473,-1
410,473,1
543,473,1
480,474,1
260,474,1
257,474,1
484,474,-1
420,475,-1
421,475,1
261,475,1
419,476,-1
377,476,1
416,476,1
273,476,1
275,476,1
2330,477,1
416,477,1
261,477,1
411,477,1
422,477,-1
149,478,-1
150,478,1
1471,478,-1
683,479,-1
682,479,-1
684,479,1
529,479,-1
686,480,-1
685,480,-1
529,480,-1
687,480,1
689,481,1
690,481,-1
529,481,-1
688,481,-1
1270,482,-1
46,482,1
2404,482,1
88,482,-1
46,483,1
1269,483,-1
88,483,-1
2403,483,1
2402,484,1
88,484,-1
1268,484,-1
46,484,1
2083,485,-1
2084,485,1
719,485,-1
2311,486,1
468,486,1
89,486,-1
46,486,1
166,486,1
2366,487,1
2511,487,-1
2456,487,-1
2456,488,-1
2365,488,1
2506,488,-1
1637,489,-1
1638,489,1
478,489,-1
541,490,1
540,490,-1
244,490,-1
795,491,-1
794,491,-1
1517,491,1
1284,492,-1
490,492,-1
2203,492,1
537,493,-1
252,493,1
561,493,-1
256,493,1
319,494,-1
321,494,-1
318,494,1
535,495,-1
541,495,-1
270,495,1
1517,496,-1
2264,496,-1
17,496,1
2550,497,1
88,497,-1
1978,497,-1
46,497,1
176,498,-1
1516,498,-1
1525,498,1
2042,498,-1
300,498,-1
2043,498,-1
294,499,-1
295,499,-1
2216,499,1
2215,499,-1
2334,500,-1
2335,500,1
2192,500,-1
478,501,1
1638,501,-1
1637,501,1
2461,502,-1
2207,502,-1
2462,502,1
547,502,-1
547,502,1
46,503,1
88,503,-1
114,503,-1
117,503,1
725,504,1
2475,504,-1
906,504,-1
766,505,-1
763,505,1
732,506,1
759,506,-1
734,506,-1
735,507,-1
734,507,-1
733,507,1
735,508,1
735,508,-1
737,509,1
503,509,-1
504,509,-1
737,510,-1
1193,510,-1
738,510,1
139,511,-1
740,511,1
739,511,-1
739,512,-1
139,512,-1
740,512,1
739,513,1
739,513,-1
741,514,-1
1450,514,1
1421,514,-1
1420,514,1
2578,515,-1
1336,515,-1
1337,515,1
2595,516,-1
364,516,1
742,516,-1
1519,517,-1
1518,517,1
778,518,1
752,518,1
1625,518,-1
751,518,-1
2595,519,-1
365,519,1
745,519,-1
2396,520,-1
748,520,1
745,520,-1
759,521,-1
760,521,-1
766,521,1
735,522,-1
1345,522,-1
761,522,1
774,523,1
766,523,-1
1460,523,-1
760,524,1
761,524,-1
733,524,0
1798,525,1
779,525,1
1796,525,-1
780,525,-1
782,526,1
1433,526,-1
781,526,-1
784,527,1
1446,527,-1
783,527,-1
783,528,-1
785,528,1
1469,528,-1
2077,529,-1
783,529,-1
786,529,1
750,530,0
783,530,1
749,530,0
815,530,-1
779,531,1
818,531,-1
1561,531,1
370,532,-1
626,532,1
625,532,-1
819,533,1
625,533,-1
2312,533,-1
627,534,1
627,534,-1
627,535,-1
627,535,1
2269,536,1
2594,536,-1
714,536,0
1549,536,1
830,537,1
1282,537,-1
2046,537,-1
829,537,-1
139,538,-1
838,538,1
837,538,-1
1969,539,-1
839,539,1
840,539,-1
778,540,-1
778,540,1
2396,541,1
203,541,-1
46,541,1
88,541,-1
715,542,1
1655,542,1
2329,542,1
714,542,-1
780,542,-1
780,543,-1
780,543,1
545,544,1
1686,544,-1
1668,544,1
779,544,-1
577,545,1
1707,545,-1
856,545,1
779,545,-1
779,546,-1
1705,546,1
1810,546,1
1706,546,-1
267,547,1
779,547,-1
266,547,-1
2328,548,-1
2328,548,1
779,549,1
35,549,1
2285,549,-1
2329,549,-1
1468,550,1
779,550,1
2202,550,-1
1466,550,1
2329,550,-1
1054,551,1
2138,551,-1
1053,551,-1
826,552,-1
1796,552,-1
779,552,1
1795,552,1
826,553,-1
779,553,1
1802,553,1
1801,553,-1
1800,554,1
779,554,1
1802,554,-1
826,554,-1
779,555,1
2202,555,-1
827,555,-1
1467,555,1
779,556,1
2343,556,1
826,556,-1
2341,556,-1
778,556,-1
1328,557,-1
857,557,-1
1432,557,1
860,558,-1
863,558,-1
861,558,1
864,559,-1
865,559,-1
2292,559,1
895,560,0
879,560,-1
881,560,1
893,560,-1
894,560,0
891,561,1
890,561,-1
2171,561,-1
1344,562,-1
893,562,-1
894,562,1
893,563,-1
895,563,1
2613,563,-1
900,564,-1
901,564,1
904,564,-1
912,565,-1
900,565,-1
907,565,1
913,566,1
1344,566,-1
912,566,-1
914,567,-1
923,567,-1
915,567,1
953,567,-1
916,568,1
46,568,1
88,568,-1
915,568,-1
917,569,1
88,569,-1
916,569,-1
46,569,1
919,570,1
46,570,1
88,570,-1
918,570,-1
1972,571,-1
917,571,-1
918,571,1
923,572,-1
921,572,1
953,572,-1
920,572,-1
1598,573,-1
46,573,1
88,573,-1
2445,573,1
427,574,-1
926,574,-1
924,574,-1
428,574,1
1591,575,-1
88,575,-1
46,575,1
2459,575,1
1591,576,-1
46,576,1
1596,576,1
88,576,-1
429,577,-1
2637,577,1
2235,577,-1
429,578,-1
1369,578,-1
430,578,1
46,579,1
88,579,-1
2461,579,1
1944,579,-1
2344,579,0
1058,580,1
1065,580,-1
1057,580,-1
951,581,-1
937,581,-1
938,581,1
953,582,-1
938,582,-1
939,582,1
942,583,1
941,583,-1
1981,583,-1
937,584,1
936,584,-1
946,585,-1
936,585,0
945,585,1
936,586,0
948,586,-1
947,586,1
2107,587,1
936,587,0
2106,587,-1
950,588,1
936,588,0
949,588,-1
953,589,1
952,589,-1
2170,589,-1
954,590,-1
955,590,-1
956,590,1
1229,591,1
1232,591,-1
956,591,-1
964,592,1
964,592,-1
965,593,-1
960,593,1
957,593,-1
958,594,-1
957,594,1
2541,594,0
960,595,1
960,595,-1
960,596,-1
960,596,1
960,597,-1
960,597,1
2206,597,0
965,598,-1
1098,598,-1
966,598,1
965,599,-1
14,599,1
965,600,-1
965,600,1
14,601,-1
14,601,1
966,602,1
966,602,-1
968,603,1
967,603,-1
2170,603,-1
971,604,-1
969,604,1
968,604,-1
971,605,1
1345,605,-1
970,605,-1
962,606,1
46,606,1
961,606,-1
88,606,-1
972,607,-1
986,607,-1
980,607,1
972,608,-1
985,608,-1
981,608,1
1209,609,-1
981,609,-1
982,609,1
2170,610,-1
985,610,1
984,610,-1
987,611,-1
988,611,1
1000,611,-1
1145,612,-1
999,612,1
1147,612,-1
987,612,-1
1145,613,-1
1147,613,-1
1001,613,1
988,613,-1
1001,614,1
1001,614,-1
722,615,-1
994,615,-1
995,615,1
1919,616,-1
990,616,-1
991,616,1
990,617,-1
1982,617,-1
992,617,1
46,618,1
993,618,1
88,618,-1
991,618,-1
998,619,1
46,619,1
88,619,-1
992,619,-1
744,620,-1
994,620,1
993,620,-1
994,621,-1
1965,621,-1
996,621,1
88,622,-1
997,622,1
995,622,-1
46,622,1
88,623,-1
989,623,1
46,623,1
1001,623,-1
1116,624,-1
1010,624,-1
1117,624,1
1008,624,-1
1008,625,-1
36,625,0
1009,625,1
1005,625,-1
1011,625,-1
1007,626,1
1006,626,-1
1012,626,-1
1008,626,-1
1017,627,1
1013,627,-1
1022,627,-1
1016,627,0
1020,627,0
1021,628,0
1018,628,1
1017,628,-1
1025,628,-1
1013,629,-1
1019,629,-1
1020,629,1
1027,630,1
1026,630,-1
1076,630,-1
88,631,-1
1028,631,1
1027,631,-1
46,631,1
88,632,-1
1030,632,1
1029,632,-1
46,632,1
1028,633,-1
1029,633,1
1981,633,-1
1031,634,-1
1587,634,0
1032,634,1
1036,635,-1
1045,635,-1
1056,635,0
1037,635,1
1061,636,-1
1043,636,1
1039,636,-1
1044,637,1
1039,637,-1
1064,637,-1
1039,638,-1
1041,638,1
1040,638,1
1061,639,-1
1042,639,1
1041,639,-1
1056,640,1
1046,640,-1
1045,640,-1
1047,641,-1
1050,641,1
1540,641,-1
1050,642,-1
1048,642,1
1276,642,-1
1076,643,-1
1067,643,-1
1068,643,1
1095,644,-1
1067,644,-1
1073,644,1
1068,645,-1
1346,645,-1
1069,645,1
1069,646,-1
46,646,1
1070,646,1
88,646,-1
1071,647,-1
46,647,1
88,647,-1
1072,647,1
1981,648,-1
1070,648,-1
1071,648,1
1075,649,-1
1076,649,1
1077,649,-1
1078,650,-1
1084,650,-1
1079,650,1
1081,651,1
1080,651,-1
46,651,1
88,651,-1
1081,652,-1
1082,652,1
1976,652,-1
1082,653,-1
46,653,1
88,653,-1
1083,653,1
1080,654,1
1147,654,-1
1079,654,-1
1085,655,-1
1094,655,-1
1086,655,1
1097,655,0
953,656,-1
1087,656,1
1086,656,-1
46,657,1
88,657,-1
1087,657,-1
1088,657,1
1089,658,1
46,658,1
1088,658,-1
88,658,-1
88,659,-1
46,659,1
1092,659,1
1091,659,-1
1091,660,1
1090,660,-1
1981,660,-1
1090,661,1
1778,661,-1
1089,661,-1
1093,662,-1
1342,662,-1
1094,662,1
1096,663,-1
1097,663,1
1085,663,-1
1106,664,1
1105,664,-1
1345,664,-1
1099,665,-1
46,665,1
88,665,-1
1100,665,1
1108,666,1
1076,666,-1
1107,666,-1
1095,667,-1
1107,667,-1
1112,667,1
88,668,-1
1109,668,-1
1111,668,1
46,668,1
1112,669,-1
1113,669,1
88,669,-1
46,669,1
1113,670,-1
1114,670,1
1981,670,-1
46,671,1
88,671,-1
1114,671,-1
1115,671,1
1110,672,-1
1973,672,-1
1109,672,1
1075,673,-1
1122,673,1
1118,673,-1
1119,674,-1
1973,674,-1
1120,674,1
46,675,1
88,675,-1
1121,675,1
1120,675,-1
953,676,-1
1122,676,-1
1123,676,1
1123,677,-1
88,677,-1
46,677,1
1119,677,1
1124,678,-1
496,678,1
494,678,-1
1124,679,-1
1124,679,1
88,680,-1
1128,680,1
46,680,1
1127,680,-1
1342,681,-1
1131,681,1
1130,681,-1
15,682,1
1130,682,-1
989,683,-1
88,683,-1
46,683,1
990,683,1
1144,684,-1
1342,684,-1
1145,684,1
1349,685,0
1146,685,-1
1147,685,1
1347,685,-1
2208,686,-1
2058,686,1
2056,686,-1
1150,687,1
1149,687,-1
1663,687,-1
1153,688,-1
1063,688,1
1154,688,0
1062,688,-1
1155,689,1
1060,689,-1
1063,689,-1
1156,690,-1
500,690,-1
1161,690,1
501,691,-1
1157,691,-1
502,691,1
1158,692,1
1787,692,-1
1157,692,-1
1157,693,-1
1901,693,-1
1159,693,1
501,694,-1
1160,694,1
1159,694,-1
1156,695,-1
1157,695,1
1161,696,-1
1162,696,1
501,696,-1
1232,697,-1
971,697,-1
1172,697,1
1163,697,-1
971,698,-1
1163,698,-1
1164,698,1
971,699,-1
1163,699,-1
1169,699,1
1131,699,-1
1232,700,-1
931,700,1
1163,700,-1
1064,701,-1
1178,701,-1
1179,701,0
1176,701,1
1177,702,1
1060,702,-1
1181,702,0
1176,702,-1
1064,703,-1
1181,703,1
1180,703,-1
1188,704,-1
1022,704,-1
1023,704,1
1189,705,1
1182,705,-1
533,705,-1
1184,706,-1
1185,706,1
533,706,1
1183,706,1
1186,707,1
1940,707,-1
1185,707,-1
2451,708,-1
1187,708,1
1185,708,-1
1185,709,-1
1185,709,1
1187,710,-1
1187,710,1
1019,711,-1
1188,711,-1
1021,711,1
1188,712,-1
1188,712,1
1184,713,1
1189,713,-1
1024,714,1
1023,714,-1
1924,714,-1
845,715,1
844,715,-1
1194,716,-1
1200,716,1
1209,716,-1
1200,717,-1
1201,717,1
985,717,-1
1203,718,1
1200,718,-1
1147,718,-1
1208,719,-1
1209,719,1
1345,719,-1
46,720,1
975,720,1
983,720,-1
88,720,-1
46,721,1
1205,721,1
88,721,-1
1204,721,-1
1225,722,-1
1219,722,1
1215,722,-1
1228,722,0
1220,723,1
1215,723,-1
1227,723,-1
1232,724,-1
1222,724,1
1219,724,-1
1231,725,-1
1220,725,-1
1221,725,1
1224,726,1
1232,726,-1
1221,726,0
1220,726,-1
1228,727,1
1226,727,-1
1225,727,-1
88,728,-1
2179,728,1
46,728,1
1216,728,-1
790,729,-1
1233,729,-1
791,729,1
1243,730,-1
1233,730,-1
1234,730,1
1147,731,-1
1235,731,1
1234,731,-1
1238,732,-1
1714,732,-1
1241,732,1
1237,733,1
1288,733,-1
1241,733,-1
1994,734,-1
1238,734,-1
1239,734,1
1239,735,-1
88,735,-1
46,735,1
1240,735,1
1238,736,1
88,736,-1
1236,736,-1
46,736,1
1147,737,-1
1248,737,1
1254,737,-1
1247,737,-1
1248,738,-1
88,738,-1
1249,738,1
46,738,1
2000,739,-1
1251,739,1
1250,739,-1
46,740,1
1252,740,1
88,740,-1
1251,740,-1
1254,741,1
1253,741,-1
1342,741,-1
88,742,-1
1250,742,1
1249,742,-1
46,742,1
1256,743,1
1255,743,-1
1315,743,-1
1316,744,1
856,744,-1
1257,744,-1
55,745,0
529,745,-1
856,745,0
529,745,1
317,746,-1
1261,746,1
1260,746,-1
1259,747,-1
1260,747,1
1607,747,-1
1052,748,1
1262,748,-1
1051,748,-1
2321,749,1
2363,749,-1
2138,749,-1
1266,750,1
2425,750,-1
1264,750,-1
46,751,1
88,751,-1
2423,751,1
2145,751,-1
46,752,1
88,752,-1
2423,752,1
2145,752,-1
1264,753,-1
2427,753,-1
1265,753,1
1263,754,1
1264,754,-1
2426,754,-1
2138,755,-1
2148,755,-1
2409,755,1
2138,756,-1
2148,756,-1
2409,756,1
1051,757,-1
1271,757,-1
2405,757,1
46,758,1
1278,758,-1
2427,758,1
88,758,-1
2425,759,1
46,759,1
1277,759,-1
88,759,-1
2426,760,1
46,760,1
1279,760,-1
88,760,-1
2345,761,-1
1279,761,1
1276,761,-1
1277,762,1
1276,762,-1
2344,762,-1
1278,763,1
2346,763,-1
1276,763,-1
88,764,-1
46,764,1
1049,764,-1
1051,764,1
1055,765,1
1052,765,-1
46,765,1
88,765,-1
1053,766,1
88,766,-1
1055,766,-1
46,766,1
46,767,1
88,767,-1
2371,767,1
1621,767,0
2012,767,1
2013,767,-1
2237,768,-1
2236,768,1
1283,768,-1
1778,769,0
2243,769,-1
2242,769,1
1283,769,-1
1300,770,1
2177,770,-1
1299,770,-1
1297,771,-1
1292,771,1
606,771,-1
1290,772,1
2189,772,1
1304,772,1
73,772,1
1296,772,-1
88,772,-1
1746,772,1
639,772,-1
1746,773,1
1306,773,1
1290,773,1
1296,773,-1
88,773,-1
73,773,1
2189,773,1
1282,773,-1
1296,774,-1
2189,774,1
1305,774,1
88,774,-1
697,774,-1
1746,774,1
73,774,1
1290,774,1
2189,775,1
88,775,-1
73,775,1
1291,775,-1
1290,775,1
1296,775,-1
1746,775,1
1309,775,1
1745,776,-1
88,776,-1
1746,776,1
73,776,1
1290,776,1
1296,776,-1
1308,776,1
2189,776,1
1296,777,-1
657,777,-1
1302,777,1
2189,778,1
1307,778,1
1632,778,-1
1746,778,1
73,778,1
1290,778,1
1296,778,-1
88,778,-1
1312,779,1
2340,779,-1
1311,779,-1
676,780,1
1317,780,-1
675,780,-1
2350,781,-1
1318,781,1
1317,781,-1
144,782,1
779,782,-1
146,782,-1
1810,782,1
145,783,1
375,783,0
46,783,1
144,783,-1
88,783,-1
2300,784,1
2620,784,-1
85,784,-1
2513,785,1
1948,785,-1
882,785,-1
1520,786,1
1637,786,-1
1523,787,1
1523,787,-1
226,788,-1
1477,788,1
1476,788,-1
568,789,1
576,789,-1
179,789,-1
315,790,-1
178,790,-1
225,790,1
564,791,1
2531,791,-1
520,791,-1
368,792,-1
582,792,-1
461,792,1
582,793,-1
1280,793,1
367,793,-1
1386,794,-1
582,794,-1
589,794,1
582,795,-1
1388,795,-1
808,795,1
802,796,1
582,796,-1
1389,796,-1
582,797,-1
1390,797,-1
1391,797,1
1394,798,-1
582,798,-1
799,798,1
583,799,1
582,799,-1
456,799,-1
1603,800,-1
582,800,-1
590,800,1
1572,801,-1
582,801,-1
591,801,1
584,802,1
582,802,-1
2152,802,-1
585,803,1
582,803,-1
2153,803,-1
1296,804,1
1295,804,-1
1290,804,-1
2200,805,-1
131,805,1
641,805,-1
2267,805,-1
1695,806,-1
1521,806,1
2338,806,-1
746,807,-1
2530,807,-1
2463,807,1
1299,808,1
1287,808,-1
2480,808,-1
1289,809,-1
1293,809,1
1578,809,-1
2302,810,1
1487,810,-1
2301,810,-1
2628,811,1
1687,811,-1
2622,811,-1
1725,812,-1
2414,812,-1
2413,812,1
1784,813,1
2529,813,-1
1783,813,-1
1927,814,1
1926,814,-1
582,814,-1
1521,815,-1
544,815,1
172,815,-1
1516,815,1
1531,816,1
1530,816,-1
668,816,-1
1341,817,-1
2264,817,1
305,817,-1
1517,817,-1
593,818,-1
667,818,-1
1791,818,1
749,819,0
1338,819,-1
1338,819,1
1599,820,0
1339,820,1
1338,820,1
1340,820,-1
1060,821,-1
1037,821,-1
1047,821,1
1059,822,-1
1036,822,-1
1038,822,1
964,823,1
960,823,-1
14,823,0
965,823,0
969,823,-1
960,824,1
969,824,1
964,824,-1
1004,825,-1
1004,825,1
1066,826,-1
1143,826,-1
1141,826,1
1145,827,-1
1142,827,1
1141,827,-1
1106,828,-1
968,828,-1
1104,828,1
966,828,-1
1131,829,-1
1232,829,-1
2609,829,0
1125,829,-1
1126,829,1
1131,830,1
1124,830,0
1126,830,-1
1232,830,1
1125,830,1
1125,831,-1
1125,831,1
1137,832,1
1142,832,-1
1147,832,-1
1190,833,1
1192,833,-1
1148,833,-1
1193,834,-1
1191,834,1
1190,834,-1
1151,835,-1
1765,835,-1
1152,835,1
1163,836,1
959,836,-1
1211,837,1
1210,837,-1
1211,838,-1
1212,838,1
1214,838,-1
1193,839,-1
1213,839,1
1212,839,-1
779,840,-1
551,840,-1
757,840,-1
730,840,1
1810,840,1
1918,840,-1
551,840,1
1531,841,-1
1531,841,1
2197,842,-1
2197,842,1
778,843,1
778,843,-1
1217,844,-1
1216,844,1
88,844,-1
46,844,1
922,845,-1
1342,845,-1
923,845,1
1075,846,1
1074,846,-1
1342,846,-1
1342,847,-1
983,847,1
982,847,-1
1203,848,-1
1342,848,-1
1204,848,1
1243,849,1
1342,849,-1
1242,849,-1
88,850,-1
46,850,1
1108,850,-1
1110,850,1
88,851,-1
1207,851,1
1206,851,-1
46,851,1
88,852,-1
1132,852,1
1138,852,-1
46,852,1
1127,853,1
88,853,-1
46,853,1
1126,853,-1
46,854,1
1170,854,1
1169,854,-1
88,854,-1
46,855,1
935,855,1
88,855,-1
1171,855,-1
1232,856,1
1230,856,-1
1343,856,-1
46,857,1
88,857,-1
940,857,1
939,857,-1
88,858,-1
1175,858,1
1174,858,-1
46,858,1
46,859,1
1173,859,1
1172,859,-1
88,859,-1
931,860,-1
46,860,1
88,860,-1
1168,860,1
46,861,1
933,861,-1
88,861,-1
934,861,1
764,862,1
1973,862,-1
762,862,-1
1167,863,1
88,863,-1
1166,863,-1
46,863,1
46,864,1
1164,864,-1
1165,864,1
88,864,-1
842,865,1
844,865,-1
46,865,1
88,865,-1
88,866,-1
764,866,-1
46,866,1
765,866,1
106,867,-1
1752,867,0
46,867,1
88,867,-1
107,867,1
88,868,-1
769,868,1
762,868,-1
46,868,1
2515,869,1
88,869,-1
46,869,1
1288,869,-1
964,870,-1
46,870,1
961,870,1
88,870,-1
46,871,1
88,871,-1
1104,871,-1
1099,871,1
1349,872,1
1347,872,-1
1348,872,-1
1236,873,1
88,873,-1
1235,873,-1
46,873,1
1352,874,1
1343,874,-1
1438,874,-1
1353,875,1
1662,875,-1
1343,875,-1
142,876,-1
142,876,1
2035,877,-1
1678,877,-1
1679,877,1
1373,878,-1
1369,878,1
1849,878,-1
1382,879,-1
1381,879,1
2422,879,1
2190,879,1
88,880,-1
2501,880,-1
46,880,1
2502,880,1
1373,881,-1
2501,881,1
1746,881,1
73,881,1
2190,881,1
88,881,-1
2190,881,-1
2503,881,-1
2125,882,-1
1359,882,-1
2126,882,1
2434,883,1
46,883,1
88,883,-1
429,883,-1
805,884,1
800,884,-1
1383,884,-1
803,885,1
801,885,-1
807,885,-1
1384,886,-1
814,886,1
813,886,-1
1385,887,-1
806,887,1
801,887,-1
804,888,1
800,888,-1
1387,888,-1
798,889,-1
793,889,1
1392,889,-1
1393,890,-1
796,890,-1
797,890,1
1397,891,-1
1396,891,-1
810,891,-1
811,891,1
1457,892,1
1456,892,-1
2336,892,-1
1522,893,-1
1411,893,-1
1412,893,1
1413,894,-1
557,894,-1
1414,894,1
1416,895,1
1415,895,-1
559,895,-1
1425,896,-1
715,896,-1
1426,896,1
1431,897,1
1430,897,-1
139,897,-1
1352,898,-1
1434,898,-1
1437,898,1
473,899,1
1352,899,-1
472,899,-1
1514,900,1
1441,900,-1
1440,900,-1
525,901,-1
2294,901,1
2293,901,-1
1452,902,-1
789,902,-1
2293,902,1
433,903,1
1453,903,-1
926,903,-1
427,903,-1
1455,904,1
1454,904,-1
2108,904,-1
2583,905,-1
88,905,-1
2584,905,1
46,905,1
88,906,-1
357,906,-1
46,906,1
2561,906,1
1785,907,0
88,907,-1
158,907,1
46,907,1
151,907,-1
758,908,-1
1461,908,-1
1462,908,1
1462,909,-1
2269,909,1
779,909,-1
1549,909,1
1459,910,1
477,910,-1
1458,910,-1
715,910,-1
779,911,1
780,911,-1
1659,911,1
1900,911,-1
1464,912,-1
2069,912,-1
2070,912,1
1409,913,1
1410,913,-1
1909,913,-1
142,914,1
549,914,-1
141,914,-1
2590,915,1
809,915,1
1524,915,-1
2589,915,-1
165,916,1
141,916,-1
1525,916,-1
46,917,1
1496,917,-1
88,917,-1
2489,917,1
1326,918,-1
1327,918,1
1473,918,-1
2497,919,1
2496,919,-1
1474,919,-1
88,920,-1
46,920,1
1597,920,1
1591,920,-1
1061,921,0
1494,921,-1
2490,921,1
46,921,1
1042,921,0
88,921,-1
2430,922,1
88,922,-1
489,922,-1
46,922,1
1497,923,-1
2129,923,-1
1499,923,1
1852,924,-1
672,924,-1
2622,924,-1
2630,924,1
830,925,-1
1499,925,-1
2130,925,0
1500,925,1
222,926,-1
1502,926,-1
1503,926,1
529,926,-1
1631,927,-1
1506,927,-1
1509,927,1
1508,928,1
1507,928,-1
88,928,-1
338,929,-1
1513,929,1
1515,929,-1
140,930,-1
140,930,1
2616,931,-1
1524,931,1
632,932,-1
1533,932,-1
1532,932,1
2457,933,1
88,933,-1
83,933,-1
46,933,1
489,934,-1
46,934,1
2430,934,1
88,934,-1
667,935,-1
667,935,1
826,936,1
780,936,-1
778,936,-1
546,936,-1
779,936,1
734,937,1
736,937,1
735,937,-1
1558,938,-1
2195,938,-1
2339,938,1
1289,938,0
1531,939,-1
1531,939,1
2603,940,-1
2368,940,1
88,940,-1
46,940,1
46,941,1
2369,941,1
2604,941,-1
88,941,-1
2326,942,1
46,942,1
2602,942,-1
88,942,-1
1924,943,0
1949,943,0
2234,943,-1
1539,943,-1
1553,943,1
1539,944,-1
103,944,-1
1552,944,1
104,945,-1
1551,945,1
1539,945,-1
1539,946,-1
2346,946,1
1551,946,-1
1539,947,-1
1552,947,-1
2345,947,1
2344,948,1
1539,948,-1
1553,948,-1
1528,949,-1
534,949,-1
1529,949,1
779,950,1
1626,950,1
780,950,-1
2341,950,-1
778,950,-1
826,951,1
780,951,-1
778,951,-1
546,951,-1
779,951,1
1561,952,-1
1561,952,1
1561,953,-1
1561,953,1
1562,954,-1
2263,954,0
928,954,1
927,954,-1
2466,955,-1
1672,955,-1
2468,955,1
2466,956,-1
2217,956,-1
2467,956,1
1574,957,-1
1575,957,1
1573,957,-1
429,958,-1
1381,958,-1
1812,958,1
429,959,-1
2140,959,1
1367,959,-1
1366,960,-1
429,960,-1
2140,960,1
1599,961,1
1586,961,-1
52,961,0
1601,962,1
1600,962,-1
1586,962,-1
1581,963,1
1581,963,-1
1492,964,-1
1591,964,1
2127,964,-1
32,964,0
1590,964,-1
31,964,0
1587,965,-1
1587,965,1
621,966,0
1599,966,1
1586,966,-1
46,967,1
88,967,-1
2510,967,1
1488,967,-1
1604,968,-1
1463,968,1
1602,968,-1
1375,969,0
926,969,-1
434,969,1
2193,969,0
1608,969,-1
427,969,-1
2621,970,1
2620,970,-1
1608,970,-1
1507,971,1
1506,971,-1
1609,971,-1
1619,972,-1
1611,972,-1
1612,972,1
2020,972,1
1613,973,-1
1614,973,1
1619,973,-1
2020,973,1
1615,974,-1
1790,974,-1
1616,974,1
1620,975,-1
624,975,-1
2013,975,-1
1621,975,1
1622,976,1
1620,976,-1
2298,976,-1
624,976,-1
429,977,-1
431,977,1
1376,977,-1
1497,978,-1
1623,978,-1
1498,978,1
1626,979,-1
1624,979,-1
1561,979,1
1630,980,1
1628,980,-1
1470,980,-1
778,981,1
1567,981,1
1568,981,-1
1641,981,1
1639,981,-1
778,982,-1
631,982,-1
778,982,1
631,982,1
354,983,-1
1789,983,-1
355,983,1
2634,984,-1
2622,984,1
1359,984,-1
1363,984,1
1406,985,-1
1624,985,1
1639,985,-1
1568,985,-1
1567,985,1
1407,985,1
1626,986,1
1624,986,-1
1639,986,-1
1624,987,-1
1624,987,1
1624,988,-1
1624,988,1
1624,989,-1
2313,989,1
716,989,-1
1625,989,1
2341,990,-1
818,990,1
778,990,-1
2568,991,-1
2567,991,1
1646,992,1
1643,992,-1
1644,992,-1
1646,993,-1
1645,993,1
1647,994,-1
1872,994,-1
1648,994,1
1648,995,-1
1649,995,1
1650,996,-1
1651,996,-1
1652,996,1
88,997,-1
1746,997,1
9,997,1
606,998,-1
1653,998,-1
1654,998,1
1657,999,-1
558,999,-1
1658,999,1
1799,1000,1
779,1000,1
1659,1000,-1
1796,1000,-1
1439,1001,-1
1660,1001,-1
1661,1001,1
1436,1002,-1
1230,1002,-1
1435,1002,1
779,1003,-1
2634,1003,1
2623,1003,-1
1373,1003,1
1664,1004,-1
28,1004,1
1665,1004,-1
568,1005,-1
178,1005,-1
1474,1005,-1
569,1005,1
2395,1006,-1
226,1006,1
1808,1006,-1
98,1007,-1
315,1007,1
2454,1007,-1
2138,1008,-1
570,1008,-1
571,1008,1
2453,1009,-1
575,1009,-1
576,1009,1
90,1010,-1
91,1010,1
1355,1011,-1
1355,1011,1
91,1012,-1
1685,1012,-1
92,1012,1
46,1013,1
88,1013,-1
2572,1013,-1
2574,1013,1
1442,1014,-1
46,1014,1
2509,1014,1
88,1014,-1
1691,1015,0
1690,1015,1
1688,1015,-1
174,1015,-1
1689,1016,-1
1688,1016,-1
1691,1016,1
1698,1017,1
46,1017,1
88,1017,-1
2428,1017,-1
1565,1017,0
2491,1017,1
1700,1018,1
1699,1018,-1
758,1018,-1
2233,1018,0
758,1019,-1
1702,1019,1
1701,1019,-1
2233,1020,0
1701,1020,1
1702,1020,-1
779,1020,-1
1,1020,1
1405,1020,1
1704,1021,-1
758,1021,-1
2233,1021,0
1703,1021,1
46,1022,1
1706,1022,-1
592,1022,-1
88,1022,-1
2524,1022,1
1708,1023,-1
1709,1023,1
1446,1023,-1
1710,1024,-1
2361,1024,1
2360,1024,-1
366,1025,1
1711,1025,-1
2595,1025,-1
862,1026,1
2528,1026,-1
861,1026,0
1711,1026,-1
1715,1027,1
1710,1027,-1
2280,1027,-1
1706,1028,1
1707,1028,-1
46,1028,1
88,1028,-1
1706,1029,1
88,1029,-1
46,1029,1
1707,1029,-1
2475,1030,-1
1717,1030,-1
2474,1030,1
2021,1030,-1
1724,1031,1
1716,1031,-1
1721,1031,-1
1723,1032,1
1722,1032,-1
395,1032,-1
1306,1033,0
1725,1033,1
2413,1033,-1
60,1034,1
59,1034,-1
1706,1034,-1
1706,1035,-1
1697,1035,-1
1698,1035,1
46,1036,1
88,1036,-1
2458,1036,1
1836,1036,-1
578,1037,1
579,1037,-1
2493,1038,1
46,1038,1
312,1038,-1
88,1038,-1
2508,1039,-1
579,1039,1
577,1039,-1
1732,1040,1
1731,1040,-1
139,1040,-1
856,1041,1
577,1041,1
1707,1041,-1
779,1041,-1
1738,1042,-1
2587,1042,1
2586,1042,-1
2586,1043,1
2588,1043,-1
2560,1043,1
1740,1044,-1
523,1044,-1
524,1044,1
46,1045,1
88,1045,-1
314,1045,-1
2397,1045,1
1766,1046,-1
99,1046,1
529,1046,-1
1747,1046,-1
567,1046,-1
1751,1047,1
1754,1047,-1
1763,1048,1
1345,1048,-1
1750,1048,-1
220,1049,-1
1757,1049,-1
1756,1049,1
1758,1050,-1
1778,1050,-1
1759,1050,1
1762,1051,1
1758,1051,-1
1994,1051,-1
1757,1052,1
88,1052,-1
46,1052,1
1751,1052,-1
88,1053,-1
46,1053,1
1762,1053,-1
1761,1053,1
1763,1054,-1
1764,1054,1
304,1055,-1
302,1055,1
1821,1056,-1
1771,1056,1
1770,1056,-1
1810,1057,1
1706,1057,-1
1707,1057,1
779,1057,-1
1347,1058,-1
1775,1058,-1
1350,1058,1
1350,1059,-1
1351,1059,1
1777,1060,-1
772,1060,1
769,1060,-1
777,1061,1
779,1061,-1
772,1061,-1
1810,1061,1
1810,1062,1
779,1062,-1
768,1062,1
772,1062,-1
2181,1063,1
329,1063,-1
2180,1063,-1
2179,1064,-1
2180,1064,1
1778,1064,-1
88,1065,-1
46,1065,1
2180,1065,-1
1223,1065,1
779,1066,-1
2228,1066,1
2596,1066,-1
1810,1066,1
1779,1067,1
1780,1067,-1
520,1067,1
1776,1068,-1
1786,1068,1
1187,1068,0
2562,1069,1
779,1069,-1
111,1069,-1
780,1069,0
1810,1069,1
356,1070,1
1788,1070,-1
354,1070,-1
1617,1071,1
1616,1071,-1
317,1071,-1
667,1072,-1
2582,1072,1
2422,1073,-1
2142,1073,-1
2145,1073,1
2142,1074,-1
2145,1074,1
2422,1074,-1
1382,1075,1
2318,1075,-1
2190,1076,-1
2423,1076,-1
1373,1076,-1
2422,1076,1
2190,1076,1
1367,1076,1
1373,1077,-1
2190,1077,-1
2423,1077,-1
1366,1077,1
2422,1077,1
2190,1077,1
547,1078,-1
130,1078,1
2347,1078,-1
476,1079,-1
1803,1079,-1
2342,1079,1
1803,1080,-1
1803,1080,1
1635,1081,1
1796,1081,-1
1798,1081,1
1803,1081,-1
1803,1082,-1
1794,1082,1
1635,1082,1
1793,1082,-1
199,1083,-1
1738,1083,-1
161,1083,-1
1706,1083,-1
162,1083,1
1569,1083,-1
2208,1083,-1
88,1084,-1
163,1084,-1
46,1084,1
185,1084,1
2511,1085,1
84,1085,-1
88,1085,-1
46,1085,1
2436,1086,-1
2436,1086,1
1331,1087,-1
1332,1087,1
746,1087,-1
1330,1088,1
747,1088,-1
1331,1088,-1
1921,1089,-1
1334,1089,1
1331,1089,-1
2547,1090,-1
2546,1090,1
1132,1091,1
1136,1091,-1
2484,1091,1
2179,1092,1
2547,1092,1
2184,1092,-1
2636,1093,1
1372,1093,1
2641,1093,-1
2061,1094,1
1372,1094,1
2241,1094,-1
88,1095,-1
46,1095,1
2281,1095,-1
1706,1095,-1
2283,1095,1
88,1096,-1
2389,1096,-1
1706,1096,0
2378,1096,1
46,1096,1
46,1097,1
2381,1097,-1
2384,1097,1
88,1097,-1
2371,1098,1
2298,1098,1
1622,1098,0
46,1098,1
2299,1098,-1
88,1098,-1
2624,1099,1
2626,1099,-1
88,1099,-1
2372,1099,1
46,1099,1
2307,1100,-1
2452,1100,1
46,1100,1
88,1100,-1
2305,1100,1
2147,1101,1
2452,1101,1
88,1101,-1
1286,1101,-1
46,1101,1
2377,1102,1
88,1102,-1
46,1102,1
2381,1102,-1
88,1103,-1
225,1103,-1
46,1103,1
1808,1103,1
46,1104,1
313,1104,-1
98,1104,1
88,1104,-1
311,1105,-1
46,1105,1
2394,1105,-1
575,1105,1
88,1105,-1
46,1106,1
2595,1106,1
709,1106,-1
88,1106,-1
362,1106,-1
1740,1107,1
1741,1107,-1
2527,1107,1
46,1107,1
88,1107,-1
2029,1107,-1
588,1108,1
586,1108,-1
46,1108,1
88,1108,-1
709,1108,-1
88,1109,-1
2359,1109,-1
46,1109,1
2360,1109,1
46,1110,1
88,1110,-1
910,1110,-1
911,1110,1
2434,1111,1
429,1111,-1
46,1111,1
88,1111,-1
1919,1112,-1
1132,1112,-1
1134,1112,1
1133,1113,1
1132,1113,-1
1994,1113,-1
88,1114,-1
884,1114,-1
46,1114,1
885,1114,1
1272,1115,-1
46,1115,1
2410,1115,1
88,1115,-1
46,1116,1
2411,1116,1
1273,1116,-1
88,1116,-1
1274,1117,-1
88,1117,-1
2412,1117,1
46,1117,1
88,1118,-1
46,1118,1
2372,1118,1
2243,1118,1
2242,1118,-1
88,1119,-1
46,1119,1
2372,1119,1
2237,1119,1
2236,1119,-1
46,1120,1
88,1120,-1
148,1120,1
146,1120,-1
88,1121,-1
908,1121,1
46,1121,1
907,1121,-1
2376,1122,1
88,1122,-1
1418,1122,-1
46,1122,1
88,1123,-1
46,1123,1
2440,1123,1
1483,1123,-1
1485,1124,-1
46,1124,1
88,1124,-1
2441,1124,1
88,1125,-1
1419,1125,-1
46,1125,1
2357,1125,1
1690,1126,-1
46,1126,1
2529,1126,1
1424,1126,-1
88,1126,-1
46,1127,1
1707,1127,-1
1706,1127,1
88,1127,-1
46,1128,1
88,1128,-1
2565,1128,-1
129,1128,1
1730,1129,-1
46,1129,1
2565,1129,1
88,1129,-1
2392,1130,-1
46,1130,1
88,1130,-1
2391,1130,1
2377,1131,-1
88,1131,-1
2383,1131,1
46,1131,1
1734,1132,-1
335,1132,0
88,1132,-1
46,1132,1
1809,1132,1
88,1133,-1
46,1133,1
1920,1133,-1
2530,1133,1
46,1134,1
2523,1134,1
1939,1134,-1
88,1134,-1
88,1135,-1
46,1135,1
2387,1135,-1
2388,1135,1
1975,1136,0
46,1136,1
889,1136,1
1783,1136,0
1970,1136,-1
887,1136,-1
88,1136,-1
46,1137,1
88,1137,-1
2470,1137,1
2476,1137,-1
46,1138,1
88,1138,-1
1971,1138,-1
2476,1138,1
46,1139,1
887,1139,1
886,1139,-1
88,1139,-1
46,1140,1
88,1140,-1
555,1140,1
554,1140,-1
46,1141,1
2280,1141,1
2279,1141,-1
88,1141,-1
2305,1142,1
2304,1142,-1
46,1143,1
1417,1143,-1
88,1143,-1
2375,1143,1
88,1144,-1
2390,1144,-1
46,1144,1
2393,1144,1
88,1145,-1
2284,1145,1
2282,1145,-1
46,1145,1
2228,1146,-1
2596,1146,1
46,1146,1
88,1146,-1
88,1147,-1
2533,1147,-1
133,1147,1
677,1147,-1
46,1147,1
2294,1148,-1
88,1148,-1
2455,1148,1
2293,1148,1
46,1148,1
2580,1149,1
123,1149,-1
423,1149,-1
46,1149,1
88,1149,-1
46,1150,1
2418,1150,1
88,1150,-1
1495,1150,-1
2323,1151,1
2320,1151,-1
2035,1151,-1
88,1152,-1
638,1152,1
73,1152,1
643,1152,-1
2200,1152,-1
642,1152,1
1746,1152,1
1815,1153,1
1813,1153,-1
1814,1154,1
1816,1154,-1
627,1154,1
323,1155,1
322,1155,1
2632,1155,-1
327,1155,1
2631,1155,1
328,1155,1
326,1155,1
1686,1156,-1
38,1156,1
1445,1156,1
779,1156,-1
1756,1157,-1
1755,1157,1
220,1157,1
1817,1158,-1
1764,1158,-1
1756,1158,0
1754,1158,1
1819,1159,-1
536,1159,-1
537,1159,1
1408,1160,1
2349,1160,1
1364,1160,-1
2195,1160,1
2605,1160,1
2605,1161,1
668,1161,-1
1408,1161,1
1594,1162,1
1587,1162,-1
46,1162,1
88,1162,-1
2131,1163,1
2126,1163,-1
1488,1163,1
2099,1163,1
2328,1164,1
778,1164,-1
1641,1164,-1
1790,1165,-1
1822,1165,1
1821,1165,-1
400,1166,-1
1584,1166,0
1670,1166,1
1671,1166,-1
1826,1166,1
1706,1167,-1
2219,1167,-1
175,1167,-1
1825,1167,-1
2223,1167,1
2572,1168,1
1827,1168,-1
2571,1168,-1
1828,1169,-1
196,1169,0
1324,1169,-1
1829,1169,1
2100,1170,-1
1832,1170,-1
1831,1170,1
139,1171,-1
1847,1171,1
1844,1171,-1
1446,1172,0
1841,1172,1
1847,1172,-1
1845,1173,-1
1846,1173,1
758,1173,-1
2639,1174,0
929,1174,1
429,1174,-1
88,1174,-1
46,1174,1
2296,1174,0
1684,1175,1
1681,1175,-1
927,1175,-1
1373,1176,-1
1683,1176,1
1684,1176,-1
1678,1177,1
1684,1177,-1
1373,1177,-1
1850,1178,1
2062,1178,-1
1854,1178,-1
1854,1179,-1
1851,1179,1
2156,1179,-1
1811,1180,-1
34,1180,1
1860,1181,-1
1820,1181,0
41,1181,0
696,1181,1
1859,1181,1
1694,1181,0
9,1181,-1
2611,1182,-1
1855,1182,1
1855,1183,1
704,1183,-1
1856,1184,-1
1447,1184,-1
1861,1184,1
139,1185,-1
1862,1185,1
1856,1185,-1
608,1186,-1
1361,1186,1
1863,1186,1
640,1186,1
13,1187,1
2167,1187,-1
1866,1187,-1
46,1188,1
2430,1188,1
88,1188,-1
489,1188,-1
2232,1189,0
2246,1189,1
240,1189,-1
1713,1189,-1
1875,1190,1
1827,1190,-1
1834,1190,-1
1833,1191,1
1746,1191,1
1834,1191,-1
1837,1191,0
529,1192,-1
577,1192,-1
1877,1192,1
1876,1192,-1
88,1193,-1
1840,1193,-1
567,1193,-1
46,1193,1
2424,1193,1
1133,1194,-1
88,1194,-1
1136,1194,1
46,1194,1
46,1195,1
88,1195,-1
2295,1195,-1
2298,1195,1
2046,1195,-1
493,1196,1
2280,1196,-1
492,1196,-1
1706,1197,-1
2358,1197,-1
2359,1197,1
722,1197,-1
2385,1198,-1
723,1198,-1
2386,1198,1
2463,1199,-1
2357,1199,-1
2358,1199,1
2376,1200,-1
2463,1200,-1
2385,1200,1
742,1201,-1
724,1201,1
2375,1201,-1
882,1202,1
890,1202,-1
891,1202,0
881,1202,-1
429,1203,-1
2635,1203,-1
2308,1203,1
2298,1204,-1
1282,1204,-1
2049,1204,0
2299,1204,1
2626,1205,1
1283,1205,-1
2624,1205,-1
2305,1206,-1
2307,1206,1
1285,1206,-1
1359,1207,-1
2628,1207,-1
2629,1207,1
1310,1207,-1
1313,1208,-1
1314,1208,1
2523,1208,-1
2380,1209,1
2379,1209,-1
1669,1209,-1
1710,1210,-1
1712,1210,1
2534,1210,-1
2387,1211,1
2386,1211,-1
1733,1211,-1
1737,1212,1
2375,1212,-1
1735,1212,-1
1736,1213,1
1735,1213,-1
2523,1213,-1
2280,1214,-1
1733,1214,-1
2281,1214,1
849,1215,1
848,1215,-1
1919,1215,-1
1939,1216,1
1429,1216,-1
724,1216,-1
1980,1217,-1
885,1217,-1
886,1217,1
587,1218,1
588,1218,-1
2022,1218,-1
554,1219,1
2022,1219,-1
133,1219,-1
2022,1220,-1
2278,1220,-1
2279,1220,1
2023,1221,-1
479,1221,1
1908,1221,-1
1902,1221,-1
2032,1222,-1
573,1222,1
572,1222,-1
2039,1223,-1
2303,1223,1
2301,1223,-1
2306,1224,1
2303,1224,-1
1929,1224,1
2048,1224,-1
2047,1225,-1
1370,1225,-1
46,1225,1
88,1225,-1
2237,1225,1
2243,1226,1
46,1226,1
2047,1226,-1
1371,1226,-1
88,1226,-1
2389,1227,-1
2057,1227,-1
1706,1227,-1
2390,1227,1
1378,1228,-1
2623,1228,1
2622,1228,-1
2138,1229,-1
570,1229,1
569,1229,-1
2622,1230,-1
2301,1230,1
2132,1230,-1
1706,1231,-1
2211,1231,-1
199,1231,-1
2388,1231,-1
2381,1231,1
2388,1232,-1
2389,1232,1
2209,1232,-1
2282,1233,1
2209,1233,-1
1706,1233,-1
2280,1233,-1
2228,1234,1
2229,1234,-1
148,1234,-1
2633,1235,1
325,1235,-1
2630,1235,-1
1523,1236,-1
551,1236,1
552,1236,-1
2616,1237,1
140,1237,-1
1309,1238,-1
1291,1238,1
2601,1238,1
642,1239,-1
641,1239,1
1364,1239,1
1706,1240,1
2421,1240,1
2283,1240,-1
2280,1240,1
905,1241,1
2470,1241,-1
911,1241,1
2383,1242,-1
2374,1242,1
2382,1242,1
889,1243,-1
885,1243,1
2480,1243,1
2278,1244,-1
88,1244,-1
2278,1244,1
1548,1244,-1
1810,1244,1
1555,1244,1
1554,1244,-1
1635,1245,1
1796,1245,-1
1797,1245,1
1561,1245,-1
1882,1246,1
2077,1246,-1
1881,1246,-1
2233,1247,-1
1883,1247,-1
1884,1247,1
1886,1248,-1
1545,1248,-1
1634,1248,-1
1887,1248,1
2079,1249,1
1885,1249,-1
2077,1249,-1
2233,1250,-1
1888,1250,1
1886,1250,-1
1936,1251,1
1935,1251,-1
1891,1251,-1
1896,1252,1
2061,1252,-1
1895,1252,-1
1897,1253,1
1895,1253,-1
2636,1253,-1
1588,1254,-1
220,1254,-1
1589,1254,1
0,1255,1
2195,1255,-1
31,1255,1
1899,1255,-1
0,1256,-1
2460,1256,-1
1899,1256,1
1583,1257,1
1580,1257,-1
0,1257,-1
127,1258,-1
125,1258,1
1898,1258,-1
2186,1259,-1
1898,1259,1
125,1259,-1
2186,1259,1
1356,1259,-1
721,1259,-1
126,1259,1
1357,1259,1
721,1259,1
0,1260,1
1582,1260,1
2195,1260,-1
1583,1260,-1
1903,1261,-1
301,1261,1
2042,1261,-1
300,1261,-1
2017,1261,-1
2043,1261,-1
46,1262,1
88,1262,-1
2574,1262,-1
2573,1262,1
1913,1263,-1
2071,1263,-1
1914,1263,1
2077,1264,-1
1913,1264,-1
1966,1264,1
2020,1265,1
832,1265,-1
2019,1265,-1
1610,1266,-1
2020,1266,-1
1619,1266,1
1915,1267,-1
1752,1267,1
1751,1267,-1
1135,1268,1
88,1268,-1
1134,1268,-1
46,1268,1
849,1269,-1
850,1269,1
88,1270,-1
46,1270,1
1336,1270,1
1330,1270,-1
1783,1271,-1
2396,1271,-1
1922,1271,1
771,1272,1
769,1272,-1
1782,1272,-1
771,1273,-1
767,1273,1
1810,1273,1
848,1274,-1
852,1274,1
1783,1274,-1
852,1275,-1
851,1275,1
2561,1276,-1
1785,1276,1
1782,1276,-1
1778,1277,-1
745,1277,-1
1923,1277,1
46,1278,1
1760,1278,1
1759,1278,-1
88,1278,-1
1778,1279,-1
2579,1279,1
2527,1279,-1
1930,1280,-1
2172,1280,-1
1931,1280,1
1935,1281,1
1934,1281,-1
1937,1282,-1
1938,1282,1
436,1283,-1
769,1283,-1
770,1283,1
769,1284,-1
773,1284,1
1947,1284,-1
908,1285,-1
1948,1285,-1
909,1285,1
1953,1286,1
515,1286,-1
1948,1286,-1
1952,1287,-1
2198,1287,-1
510,1287,1
663,1287,1
1948,1287,1
662,1287,1
1865,1287,1
526,1287,1
1951,1288,-1
1952,1288,1
1865,1288,-1
662,1288,-1
526,1288,-1
663,1288,-1
1951,1289,1
1953,1289,-1
2179,1290,-1
2182,1290,1
1955,1290,-1
1958,1291,-1
1202,1291,1
1201,1291,-1
757,1292,-1
2571,1292,1
730,1292,1
2570,1292,-1
730,1293,1
2571,1293,1
757,1293,-1
2570,1293,-1
46,1294,1
88,1294,-1
3,1294,1
460,1294,-1
2546,1295,-1
1979,1295,1
1173,1296,-1
1970,1296,-1
1992,1296,-1
1174,1296,1
932,1297,-1
933,1297,1
1970,1297,-1
1942,1298,-1
2475,1298,0
1941,1298,1
1970,1299,-1
1129,1299,1
1128,1299,-1
1981,1299,-1
1171,1300,1
1981,1300,-1
1170,1300,-1
1970,1300,-1
975,1301,-1
973,1301,1
1977,1301,-1
974,1302,1
973,1302,-1
88,1302,-1
46,1302,1
2553,1303,1
1129,1303,-1
46,1303,1
88,1303,-1
1245,1304,1
1981,1304,-1
1244,1304,-1
1981,1305,-1
1100,1305,-1
1101,1305,1
88,1306,-1
1246,1306,1
46,1306,1
1245,1306,-1
943,1307,1
46,1307,1
942,1307,-1
88,1307,-1
2554,1308,1
1024,1308,0
88,1308,-1
1981,1308,-1
46,1308,1
1102,1309,-1
1103,1309,1
46,1309,1
88,1309,-1
1205,1310,-1
1206,1310,1
1983,1310,-1
1992,1311,-1
1165,1311,-1
1166,1311,1
1101,1312,-1
1992,1312,-1
1102,1312,1
1992,1313,-1
962,1313,-1
963,1313,1
46,1314,1
963,1314,-1
20,1314,1
88,1314,-1
769,1315,-1
1994,1315,-1
775,1315,1
2483,1316,-1
2483,1316,1
1994,1317,-1
853,1317,1
842,1317,-1
776,1318,1
775,1318,-1
46,1318,1
88,1318,-1
2001,1319,-1
488,1319,1
1656,1319,-1
2161,1320,-1
2001,1320,-1
2003,1320,1
2001,1321,1
2002,1321,-1
529,1321,1
2008,1322,1
2160,1322,-1
2004,1322,-1
2272,1323,-1
2005,1323,-1
2009,1323,1
2270,1324,-1
2010,1324,1
2005,1324,-1
1377,1325,0
2005,1325,1
2004,1325,-1
1606,1326,0
623,1326,0
2010,1326,0
1532,1326,0
2154,1326,0
2006,1326,1
2005,1326,-1
604,1326,0
605,1326,0
2292,1326,0
2046,1326,-1
2009,1326,0
1282,1326,-1
1995,1327,-1
2046,1327,-1
2007,1327,1
2005,1327,-1
2160,1328,1
1377,1328,1
2008,1328,-1
2195,1328,-1
2586,1329,1
46,1329,1
2585,1329,-1
88,1329,-1
159,1330,-1
46,1330,1
88,1330,-1
1785,1330,0
160,1330,1
1139,1331,1
1138,1331,-1
2022,1331,-1
4,1332,1
2022,1332,-1
3,1332,-1
159,1333,1
158,1333,-1
2022,1333,-1
2022,1334,-1
2584,1334,-1
2585,1334,1
1139,1335,-1
46,1335,1
1140,1335,1
88,1335,-1
46,1336,1
2587,1336,-1
88,1336,-1
2588,1336,1
88,1337,-1
2403,1337,-1
2604,1337,1
46,1337,1
2602,1338,1
2404,1338,-1
46,1338,1
88,1338,-1
46,1339,1
2402,1339,-1
88,1339,-1
2603,1339,1
1451,1340,1
1421,1340,-1
336,1340,-1
1420,1340,1
2278,1341,1
88,1341,-1
46,1341,1
2277,1341,-1
2184,1342,-1
2185,1342,1
88,1342,-1
46,1342,1
1925,1343,-1
2026,1343,-1
1928,1343,1
779,1344,-1
561,1344,-1
247,1344,1
88,1345,-1
46,1345,1
403,1345,1
402,1345,-1
1641,1346,-1
1803,1346,1
1624,1346,-1
1641,1347,-1
1624,1347,-1
1803,1347,1
778,1348,-1
780,1348,1
1641,1348,-1
714,1349,1
778,1349,-1
780,1349,1
2592,1349,-1
1640,1349,-1
2591,1349,1
2400,1350,-1
122,1350,1
46,1350,1
2399,1350,1
88,1350,-1
1680,1351,1
1679,1351,-1
2324,1352,1
2323,1352,-1
2437,1353,1
88,1353,-1
1484,1353,-1
46,1353,1
2039,1354,-1
1380,1354,-1
2041,1354,1
1379,1355,-1
2040,1355,1
2039,1355,-1
1370,1356,1
2041,1356,-1
2195,1356,-1
1371,1357,1
2040,1357,-1
2195,1357,-1
2044,1358,-1
2047,1358,-1
2045,1358,1
2298,1359,-1
2266,1359,-1
2049,1359,1
88,1360,-1
2013,1360,1
2006,1360,-1
46,1360,1
2007,1361,-1
88,1361,-1
46,1361,1
2014,1361,1
2627,1362,-1
2047,1362,-1
2625,1362,1
2014,1363,-1
46,1363,1
2012,1363,1
2450,1363,1
88,1363,-1
1024,1364,0
88,1364,-1
2512,1364,1
2046,1364,-1
46,1364,1
88,1365,-1
2625,1365,-1
46,1365,1
2050,1365,0
2624,1365,1
2047,1366,-1
2304,1366,1
2306,1366,-1
2627,1367,1
1472,1367,0
2623,1367,-1
1929,1367,1
2048,1367,-1
343,1368,1
2030,1368,-1
342,1368,-1
2030,1369,-1
345,1369,1
344,1369,-1
2053,1370,1
142,1370,-1
2031,1370,-1
1637,1371,-1
633,1371,-1
550,1371,-1
168,1371,-1
77,1371,-1
78,1371,1
77,1372,1
1637,1372,1
550,1372,1
2059,1372,-1
2349,1373,-1
2348,1373,1
66,1374,1
65,1374,-1
2065,1375,1
2064,1375,-1
1707,1375,-1
46,1376,1
88,1376,-1
2066,1376,-1
2234,1376,1
468,1377,-1
166,1377,-1
88,1377,-1
89,1377,1
2090,1377,-1
694,1378,-1
778,1378,0
235,1378,1
695,1378,-1
241,1378,1
2073,1379,-1
2072,1379,1
741,1379,-1
2074,1380,1
2071,1380,-1
1913,1380,0
2072,1380,-1
2239,1381,1
672,1381,-1
324,1381,-1
2639,1381,-1
1369,1382,0
1849,1382,-1
324,1382,-1
2245,1382,1
672,1382,-1
1557,1383,-1
2078,1383,-1
2150,1383,1
2087,1384,-1
741,1384,-1
2085,1384,1
33,1384,-1
2088,1385,1
2086,1385,-1
2085,1385,-1
2091,1386,-1
2089,1386,-1
2092,1386,1
695,1387,-1
1559,1387,1
2096,1388,1
2109,1388,-1
2095,1388,-1
1678,1389,-1
1373,1389,1
1684,1389,1
2113,1390,1
2120,1390,-1
2112,1390,-1
1832,1391,-1
2101,1391,-1
2116,1391,1
2117,1392,-1
2110,1392,-1
2111,1392,1
2118,1393,-1
2119,1393,1
2105,1393,-1
2122,1394,1
2114,1394,-1
2121,1394,-1
2115,1395,-1
2124,1395,1
2123,1395,-1
61,1396,0
60,1396,-1
46,1396,1
88,1396,-1
2429,1396,1
2432,1397,-1
925,1397,-1
2433,1397,1
925,1398,-1
924,1398,1
2433,1398,0
46,1399,1
1481,1399,-1
88,1399,-1
2439,1399,1
2125,1400,1
1373,1400,-1
1636,1400,-1
434,1401,-1
926,1401,1
2195,1401,-1
427,1401,1
1375,1401,1
2276,1402,-1
373,1402,1
372,1402,-1
26,1403,-1
2276,1403,-1
27,1403,1
24,1404,-1
2276,1404,-1
25,1404,1
23,1405,1
2276,1405,-1
22,1405,-1
2061,1406,-1
2134,1406,-1
1896,1406,0
2136,1406,1
2134,1407,-1
2137,1407,1
2636,1407,-1
2276,1408,1
2133,1408,-1
2135,1408,-1
1275,1409,0
1050,1409,1
2128,1409,1
2363,1409,1
2507,1409,1
1054,1409,-1
2498,1410,-1
2138,1410,-1
2499,1410,1
646,1411,0
1512,1411,1
2138,1411,-1
1487,1411,-1
2146,1412,1
2368,1412,-1
2138,1412,-1
2314,1413,-1
2138,1413,-1
2143,1413,1
2138,1414,-1
2315,1414,-1
2144,1414,1
2138,1415,-1
2149,1415,1
2410,1415,-1
1286,1416,1
1285,1416,-1
2147,1416,-1
2322,1417,-1
2319,1417,1
2504,1418,-1
2190,1418,1
88,1418,-1
1746,1418,1
2500,1418,1
73,1418,1
1373,1418,-1
2190,1418,-1
2138,1419,-1
68,1419,-1
69,1419,1
1286,1420,-1
1373,1420,-1
1365,1420,1
2190,1420,-1
2190,1420,1
30,1421,1
2276,1421,-1
29,1421,-1
2060,1422,-1
2061,1422,1
2150,1422,-1
2151,1423,-1
407,1423,-1
2157,1423,1
2617,1424,-1
2154,1424,-1
2155,1424,1
1543,1424,-1
2061,1425,-1
1852,1425,-1
1896,1425,0
1854,1425,0
1849,1425,1
2032,1426,-1
2503,1426,1
2500,1426,-1
529,1427,-1
529,1427,1
497,1428,-1
2162,1428,-1
1244,1428,1
2610,1429,-1
2102,1429,-1
24,1429,1
2018,1430,0
2163,1430,-1
2015,1430,-1
2164,1430,1
2165,1431,1
2016,1431,-1
2163,1431,-1
2163,1432,-1
2166,1432,1
2017,1432,-1
1610,1433,-1
816,1433,0
2168,1433,-1
2169,1433,1
2175,1434,1
2168,1434,-1
2167,1434,-1
1666,1435,-1
13,1435,1
2168,1435,1
140,1436,-1
183,1436,-1
151,1436,1
2128,1437,-1
1048,1437,-1
1049,1437,1
1335,1438,1
1333,1438,-1
745,1438,-1
670,1439,-1
1889,1439,-1
671,1439,1
1193,1440,1
505,1440,-1
1345,1440,-1
844,1441,1
854,1441,-1
276,1442,-1
291,1442,1
285,1442,1
1637,1443,-1
1637,1443,1
2189,1444,-1
2187,1444,1
1295,1444,1
1294,1444,-1
1913,1445,0
1448,1445,-1
1867,1445,0
2077,1445,-1
2078,1445,1
638,1446,1
73,1446,1
131,1446,-1
88,1446,-1
1746,1446,1
643,1446,1
2200,1447,1
2199,1447,1
637,1447,-1
638,1447,-1
311,1448,-1
1696,1448,-1
313,1448,1
1585,1449,-1
1585,1449,1
1401,1450,1
1301,1450,-1
1299,1450,1
1402,1450,1
1633,1451,1
1307,1451,0
1325,1451,-1
1632,1451,-1
1697,1452,-1
1696,1452,1
1726,1452,-1
1749,1453,-1
1730,1453,1
577,1453,-1
100,1454,1
1707,1454,-1
2563,1454,-1
2475,1455,1
905,1455,-1
2059,1456,1
76,1456,-1
757,1456,-1
633,1456,1
1810,1456,1
730,1456,1
2138,1457,-1
2139,1457,1
1477,1457,-1
2208,1458,-1
2210,1458,1
1706,1458,-1
365,1458,-1
1810,1459,1
2347,1459,1
46,1459,1
88,1459,-1
2349,1459,-1
779,1459,-1
18,1460,1
2364,1460,-1
1401,1461,1
2544,1461,1
2551,1461,-1
1402,1461,1
142,1462,1
142,1462,-1
18,1463,1
1284,1463,-1
2486,1463,-1
1284,1463,1
2486,1463,1
2364,1463,-1
88,1464,-1
908,1464,-1
46,1464,1
1782,1464,0
909,1464,0
910,1464,1
46,1465,1
123,1465,1
2581,1465,-1
831,1465,1
88,1465,-1
779,1466,-1
46,1466,1
2349,1466,-1
88,1466,-1
1810,1466,1
2347,1466,1
1637,1467,1
1637,1467,-1
1637,1468,-1
1523,1468,1
176,1469,1
142,1469,1
143,1469,-1
2043,1470,-1
300,1470,1
2043,1470,1
1903,1470,-1
2042,1470,-1
1903,1470,1
300,1470,-1
2042,1470,1
88,1471,-1
1403,1471,1
1823,1471,1
2590,1471,-1
81,1471,-1
635,1471,-1
46,1471,1
2590,1471,1
81,1471,1
635,1471,1
1968,1471,-1
1403,1471,-1
1823,1471,-1
1968,1471,1
1408,1472,1
2605,1472,-1
2349,1472,1
2605,1473,-1
141,1473,1
1408,1473,1
1408,1474,1
2347,1474,-1
141,1474,1
1843,1475,1
1845,1475,1
1842,1475,-1
848,1476,1
844,1476,-1
46,1476,1
88,1476,-1
2179,1477,-1
2183,1477,1
1973,1477,-1
1758,1478,1
88,1478,-1
1753,1478,-1
46,1478,1
2184,1479,1
2182,1479,0
46,1479,1
2183,1479,-1
88,1479,-1
2190,1480,1
2319,1480,-1
2320,1480,1
896,1481,1
2194,1481,-1
892,1481,-1
2335,1482,-1
695,1482,1
2091,1482,1
694,1482,1
2075,1482,1
2192,1482,1
779,1483,-1
2195,1483,1
1608,1483,1
1375,1483,-1
429,1484,-1
432,1484,1
2194,1484,-1
1581,1485,1
1582,1485,-1
2195,1486,1
1587,1486,1
1592,1486,-1
2195,1487,-1
111,1487,-1
2197,1487,1
2435,1488,1
2434,1488,-1
2190,1488,-1
432,1488,0
2190,1488,1
2195,1488,-1
2434,1489,-1
2190,1489,-1
1373,1489,-1
2190,1489,1
2435,1489,1
1918,1490,1
553,1490,1
551,1490,-1
1637,1490,1
2205,1491,1
2178,1491,-1
2204,1491,-1
2212,1492,-1
1311,1492,-1
2333,1492,1
1312,1492,0
2094,1493,1
2155,1493,-1
10,1493,1
2287,1493,1
779,1493,-1
2286,1493,1
2154,1493,1
2076,1494,-1
2618,1494,1
2075,1494,-1
2618,1495,-1
2636,1495,1
2060,1495,-1
2640,1496,1
2138,1496,-1
2636,1496,-1
1854,1497,0
1852,1497,-1
2639,1497,1
2636,1497,-1
2214,1498,-1
2215,1498,1
288,1498,-1
82,1499,-1
2220,1499,-1
720,1499,-1
2221,1499,1
2222,1500,-1
401,1500,-1
402,1500,1
1917,1500,-1
1138,1501,1
88,1501,-1
1137,1501,-1
46,1501,1
2538,1502,-1
2226,1502,1
2295,1503,1
2231,1503,-1
2230,1503,-1
1852,1504,-1
2295,1504,-1
2296,1504,1
1854,1504,-1
2436,1505,1
1482,1505,-1
46,1505,1
88,1505,-1
1358,1506,1
2444,1506,-1
1356,1506,-1
2188,1506,-1
1898,1506,-1
2188,1506,1
1898,1506,1
2506,1507,1
46,1507,1
705,1507,-1
88,1507,-1
2274,1508,-1
1501,1508,-1
2275,1508,1
2270,1509,1
1746,1509,1
757,1509,-1
88,1509,-1
1362,1510,1
2276,1510,-1
1359,1510,-1
2125,1510,0
2133,1510,1
2134,1510,1
2097,1511,-1
2276,1511,-1
2098,1511,1
2289,1512,-1
2290,1512,1
1790,1512,-1
317,1513,-1
2290,1513,-1
2291,1513,1
472,1514,1
1232,1514,-1
471,1514,-1
2327,1515,1
2325,1515,-1
46,1515,1
88,1515,-1
2362,1516,-1
2325,1516,1
1792,1516,-1
2191,1517,-1
2322,1517,1
2321,1517,-1
1267,1518,1
2327,1518,-1
2191,1518,-1
1627,1519,-1
2331,1519,-1
1628,1519,1
2081,1520,-1
2082,1520,1
2352,1520,-1
336,1521,-1
2353,1521,-1
337,1521,1
1422,1522,1
2353,1522,-1
1420,1522,-1
160,1523,-1
161,1523,1
46,1523,1
186,1523,-1
88,1523,-1
339,1524,1
745,1524,-1
1719,1524,-1
2401,1524,-1
2525,1525,1
1738,1525,-1
2524,1525,-1
46,1526,1
88,1526,-1
2514,1526,1
2521,1526,-1
330,1527,1
18,1527,-1
490,1527,-1
18,1528,1
615,1528,0
2364,1528,-1
177,1529,1
1719,1529,-1
2373,1529,-1
2570,1530,-1
757,1530,-1
730,1530,1
2571,1530,1
2444,1531,1
1322,1531,-1
46,1531,1
88,1531,-1
1848,1532,-1
2443,1532,1
2442,1532,-1
46,1533,1
1488,1533,-1
2416,1533,1
88,1533,-1
2449,1534,1
2449,1534,-1
2448,1535,-1
2449,1535,1
46,1536,1
2448,1536,1
88,1536,-1
2450,1536,-1
846,1537,1
845,1537,-1
2227,1537,-1
2522,1538,-1
2464,1538,1
707,1538,-1
2522,1539,-1
1569,1539,-1
2466,1539,1
2464,1540,-1
666,1540,-1
2465,1540,1
1121,1541,-1
2477,1541,1
1119,1541,1
1173,1542,1
1175,1542,-1
2479,1542,1
2554,1543,-1
2552,1543,1
2543,1543,-1
2472,1544,1
1401,1544,-1
2471,1544,-1
7,1545,-1
7,1545,1
7,1546,1
2469,1546,-1
932,1547,1
2469,1547,1
934,1547,-1
935,1548,-1
2481,1548,1
2469,1548,1
1170,1548,1
917,1549,1
919,1549,-1
2478,1549,1
1111,1550,-1
1110,1550,1
2477,1550,1
2539,1551,1
2479,1551,-1
2472,1552,-1
2473,1552,1
1402,1552,-1
19,1553,1
8,1553,-1
8,1554,1
2481,1554,-1
1070,1555,1
1072,1555,-1
2481,1555,1
1115,1556,-1
1113,1556,1
2481,1556,1
1244,1557,1
1246,1557,-1
2481,1557,1
1165,1558,1
1167,1558,-1
2482,1558,1
438,1559,1
2483,1559,-1
437,1559,-1
2484,1560,-1
2483,1560,1
194,1561,-1
12,1561,1
2483,1561,-1
110,1562,-1
108,1562,1
2484,1562,1
842,1563,1
2484,1563,1
843,1563,-1
1240,1564,-1
1238,1564,1
2484,1564,1
776,1565,-1
769,1565,1
2484,1565,1
162,1566,-1
46,1566,1
88,1566,-1
164,1566,1
2486,1567,1
2371,1567,-1
2488,1568,1
2487,1568,-1
898,1568,-1
511,1569,1
46,1569,1
509,1569,-1
88,1569,-1
512,1570,-1
514,1570,1
46,1570,1
88,1570,-1
1953,1570,0
88,1571,-1
46,1571,1
940,1571,-1
941,1571,1
2517,1572,-1
2518,1572,1
1950,1572,-1
2517,1573,-1
1956,1573,-1
2519,1573,1
1949,1574,1
1950,1574,-1
2518,1574,0
1955,1575,1
2519,1575,0
1956,1575,-1
2517,1576,-1
2517,1576,1
2517,1577,1
2549,1577,-1
2554,1578,1
990,1578,1
998,1578,-1
2536,1578,1
2520,1579,1
2536,1579,-1
2554,1579,-1
2520,1580,1
2520,1580,-1
2545,1581,1
2548,1581,-1
2548,1582,1
974,1582,-1
975,1582,1
2545,1583,-1
2545,1583,1
2532,1584,-1
1810,1584,1
1880,1584,1
2536,1585,-1
2485,1585,1
2537,1586,-1
2538,1586,1
2537,1587,1
20,1587,-1
2537,1588,1
1103,1588,-1
1100,1588,1
2554,1588,1
2554,1589,1
2543,1589,1
1129,1589,1
2553,1589,-1
2552,1590,1
2543,1590,-1
2554,1590,-1
2543,1591,-1
2516,1591,1
1250,1592,1
1252,1592,-1
2549,1592,1
2552,1593,-1
2552,1593,1
2552,1594,-1
2552,1594,1
2537,1595,-1
2559,1595,1
2554,1595,-1
2555,1596,1
2555,1596,-1
2557,1597,1
2556,1597,-1
2555,1598,1
2554,1598,-1
2554,1599,1
1090,1599,1
1092,1599,-1
941,1600,1
2554,1600,1
943,1600,-1
2556,1601,1
2558,1601,-1
1207,1602,-1
1205,1602,1
2558,1602,1
2559,1603,1
2559,1603,-1
577,1604,1
779,1604,-1
856,1604,1
1707,1604,-1
2560,1605,-1
2560,1605,1
2569,1606,-1
126,1606,-1
128,1606,1
1595,1607,-1
556,1607,1
93,1607,-1
1593,1607,1
46,1608,1
1870,1608,-1
2438,1608,1
88,1608,-1
2577,1609,-1
2577,1609,1
2138,1610,-1
1490,1610,1
1489,1610,-1
1035,1610,0
580,1611,-1
581,1611,1
1710,1611,-1
610,1612,-1
611,1612,1
610,1613,-1
610,1613,1
610,1614,1
610,1614,-1
1028,1615,1
2554,1615,1
1030,1615,-1
2103,1616,-1
2606,1616,-1
22,1616,1
2608,1617,1
2034,1617,-1
2607,1617,-1
2609,1618,1
2609,1618,-1
1570,1619,-1
841,1619,-1
1571,1619,1
616,1620,0
88,1620,-1
606,1620,-1
11,1620,1
1292,1620,0
607,1620,-1
870,1621,-1
2068,1621,1
871,1621,-1
2619,1621,1
2620,1622,-1
1498,1622,0
1497,1622,-1
2622,1622,1
2621,1622,0