445,573,603,729
1
473,480
2
401,562
5
89,499
539,826
7
10
414,703
15
16
621,894
49,249,341,649,685
19,58,166,167,287,297,320,357,380,426,469,558,572,860
18
20
22
23
275,453
352,555,894
28
763,785
50,316,563,802
32
33
256,309,559
171,183
38
59,156,188,239,343,391,579
37
44
331
16,140,153,200,282,418,804
47
52
53
110,713
29,361
60
61
62
65
66
511,664
70
336,827
518,809
126,143
72
385,468,701
372,560
387,665
74
131,634
76
694,760
225,252,378,710,797
178,395
83
229,412
89
88,544,651,681,858
93,801
92
63,79,198,712
56,67,87,103,144,155,207,227,240,295,306,329,376,419,425,431,449,455,549,589,672,695,853
97
225,378,704
130,194
100
169,292,360
104
105
746
106
174,887
111
112
118
214,863
120
122
123
446,500
124
41,442
89,435
30,653,792
126
60,599
552,678
130
540,734
135
136
137
490,773
76,338
141
24,110
266,381,400,407
145
294,398,807
513
152
153
53,753
216,267,514,539,627
158
163
157,225,252,430,643,704,710
168
169
170
78,254,305,889
173
174
290,786
225,252,378,710,797
179
180
409,587
113
624
145,172
43,299,447,481,541,564,705
98,154,731
190
192
193
194
196
139,168,189,381,400
200
263,609
246,308,315,465,718,747,874
3,730
328,529
402,537
184,752
211
212
6,138,217,809
213
128,168,189,311,348,381,400,407,444,452,502,518
218
220
231,834
223
224
16,153,200,804
225
594,758,848
219,778
226
563,742
1,118,247,299,349,362,507,541,610,696,717,771,817,839,895
456,486
235
252,378,784
238
241
114,625,772
98,731
243
245
62,122
248
264
250
249
252
17,470
255
256
257
387,482,665
258
317,445,573,736
259
104,585
260
261
262
265
268
266
269
83,157,225,252,269,430,622,643,704,710
271
256,559
126,143
272
273
274
337,351
395,740
211,518
258,538
286
291
293
7,16,147,153,200,228,248,434,436,461,615,804
34,199,276,473,480,638
296
555,894
721
27,284,413,508,596,856
301
31,142
139,168,189,211,266,311,381,400,518
304
83,269,430,607,643,704
132,437
13,21,57,90,318,424,440,457,601,724,787,890
39,301
310
309
311
150,700
314
274,551
319
64,222,870
101,754
344,529
322
325
326
327
330
332
604,842
335
97,607
338
339
740,766
341
128,452,502
342
345
635
428,494,619,668,835
49,249,341,440,685
75,209,233,464,503,521,591,657,676,683,714,876
350
303,495
260,373
352
354
355
403,727
356
13,57,90,424,440,890
358
80,294,398,807,821,881
360
7,8,16,127,147,153,200,228,248,418,434,443,615,767,804
302,364
363
437,734
97,99
40,300
365
366
8,127,147,228,248,434,443,767
195,370,466,516,566,586
489,880
374
379
182,477
381
383
386
387
232,743
394
581
196,498
400
157,225,252,622,710
402
810
47,829
307,416,659,887
407
91,277,281,639
408
175,636,783,869
411
13,90,424,440,584
415
387,665
139,168,381,400,518,647
8,126,143,147,153,200,228,248,418,434,767,783,804
417
55,195,586,616,623,875
202,783
128,189,311,348,444,452,502,647
418
420
437,568
421
178,314
107,321,593,679,814,840,845
429
474,580
7,200,615,767
733,788
0,94,230,283
700,893
83,157,225,252,269,430,622,643,704,710
436
54,221,828
831
439
35,176,641,744
83,269,607,622
235,702
418,436
242,497,567,690
450
148
387,647,665
96,353,709,850,871
730,780
211,400,518
216,267,539,627
454
458
456
574,758
462
463
470
116,225
519,559
472
471
252,607
51,476
280
475
477
478
23,203
109
482
630,664
9,25,115,206,215,270,406,505,525,570,640,667,756,803
111,327,652
134,201,236
556,703
438,524,859
345,833
492
493
45,165,375,393,397,441,517,536,658,884
498
12
501
504
108,471
147,228,248,434,443
11,69,77,84,85,129,181,185,187,191,205,346,367,427,459,509,697,811,819,836,867,886,892
510
258,766
512
225,252,378,704,710
515
36,408
518
404,622
66,102,141,169,360
128,138,189,311,348,381,387,400,407,444,518,647,665
526
527
125,405
528
22,312,339
529
530
133,186,759,861
531
532
36,323
535
537
121,637
539
86,152,522
540
542
453,663
543
741,751
550
158,322
368,682,706
71,540
553
555
557
354,571
61,73,179,296,782
68,576
288
565
547,805
159,647
569
568
279,307,633,659
26,545,830
575
686,879
389,523
577
578
365,607
55,195,586
496
583
585
586
13,57,90,424,440,787,890
592
200,418,436
597
598
204,600
602
208,332
605
33,95
225,252,378,704,710
608
22,628,799
611
285,388,671
612
613
614
7,8,127,147,153,200,228,248,418,434,443,804
761
622
624
350,448,582
251,432
15,152,546,605,660,687,699
388,554,800
628
629
631
258,703
632
491,620
149,193
636
642
644
645
646
648
650
7,200,418,615,767,804
7,16,147,200,248,418,436,615,804
321,483,548,593,617,679,840
652
75,233,503,521,657,876
451,778
654
4,289,382,389,523,711
46,617,755
655
7,147,200,615,804
656
221,828
660
661
410,726
487,862
666
475,506
520
674
675
119,614
678
138,162
1,118,771,839,876
226,669
256,519
456,834
687
685
688
686
689
691
317,488
693
14,595,837
72,132
696
699
700
139,168,400,647
178,710
104,542,543
703
704
75,233,657,692,876
71,678
57,424,440,890
374,661
707
708
710
275,851
715
716
319,765
719
720
722
723
5,62
725
727
730
732
163,237,607
734
735
737
738
81,259,383
333,422,684,846
49,164,249,321,392,548,593,629,649,679,680,685,745,768
89,313
416,813
746
396,398,590,670,807,812
189,311,348,444,502
214,384
128,139,168,189,266,311,348,381,400,407,444,452,502,518,647
757
760
762
369,460
764
324,479
739,882
766
769
770
390,534,698,728,748
774
99,225
775
776
777
779
781
782
340,588
225,378,704,710
786
790
791
433,725
793
794
75,503,521,876
796
798
1,42,118,160,247,299,362,485,541,610,696,705,771,895
799
618
806
804
614,750
807
49,197,249,321,341,483,548,617,629,649,679,680,685,745,847
808
809
210
815
816
43,299,362,541,705,717,817
818
241,843
820
146,377
823
824
278
825
826
378,710,784
358,749
829
151,266,381,400,407,518,795
832
117,177,399,626,789,822
82,126,143
838
839
841
152,244,522,606
844
253,740
555,621
849
76,161,338,423,467
852
854
855
857
139,168,189,211,266,311,348,381,400,407,444,662
864
865
866
319,334
868
872
873
561,644
8,127,443
371,677,717
48,588
877
298,785
878
883
347,816
885
484,673
408,533
137,234,359
887
888
891
896
