474,181,-1.0
18,131,1.0
73,103,-1.0
531,234,-1.0
521,349,-1.0
555,42,1.0
5,157,-1.0
346,335,1.0
319,51,-1.0
438,142,-1.0
285,9,1.0
70,173,1.0
559,275,-1.0
503,347,-1.0
521,398,-1.0
399,375,-1.0
566,125,1.0
339,59,1.0
617,276,-1.0
344,124,1.0
632,29,-1.0
322,334,1.0
266,10,-1.0
79,431,-1.0
521,155,-1.0
402,116,-1.0
324,232,-1.0
552,103,-1.0
418,64,-1.0
339,305,-1.0
199,22,-1.0
552,23,-1.0
552,308,-1.0
18,313,1.0
523,403,1.0
75,28,1.0
341,78,-1.0
363,153,1.0
642,236,1.0
182,238,-1.0
354,238,1.0
504,27,1.0
177,80,-1.0
423,90,1.0
543,43,-1.0
521,167,-1.0
339,49,-1.0
455,280,1.0
428,86,-1.0
521,258,-1.0
208,150,-1.0
457,360,1.0
557,123,1.0
577,255,1.0
291,354,1.0
75,307,-1.0
521,137,1.0
130,124,1.0
411,316,1.0
317,131,1.0
147,285,-1.0
491,24,-1.0
632,305,-1.0
110,367,1.0
243,203,1.0
513,350,-1.0
411,368,1.0
312,305,1.0
317,263,1.0
554,394,-1.0
185,109,-1.0
35,191,1.0
206,294,1.0
528,322,-1.0
128,376,1.0
591,425,1.0
590,7,1.0
194,255,-1.0
317,123,1.0
502,174,1.0
318,311,-1.0
401,127,-1.0
302,319,1.0
459,119,-1.0
344,8,1.0
457,116,1.0
488,131,-1.0
341,284,1.0
471,225,1.0
55,416,1.0
473,362,1.0
447,358,-1.0
603,358,1.0
75,373,-1.0
429,417,-1.0
317,412,1.0
398,202,1.0
158,174,-1.0
339,230,1.0
302,343,1.0
521,279,-1.0
262,210,-1.0
312,251,1.0
442,6,-1.0
407,144,-1.0
222,86,1.0
75,225,-1.0
521,303,1.0
1,66,1.0
153,125,1.0
310,209,1.0
521,348,-1.0
18,72,-1.0
334,145,-1.0
31,251,-1.0
218,161,1.0
8,141,1.0
538,395,-1.0
549,8,-1.0
415,75,1.0
394,302,-1.0
51,310,1.0
317,349,1.0
540,383,1.0
126,37,-1.0
111,289,-1.0
564,329,-1.0
508,15,-1.0
612,71,1.0
529,2,1.0
428,331,-1.0
115,219,1.0
18,49,1.0
317,398,1.0
430,70,1.0
179,115,-1.0
140,30,1.0
521,45,-1.0
411,251,1.0
478,0,-1.0
521,39,-1.0
386,143,-1.0
522,160,-1.0
89,142,1.0
277,323,-1.0
433,357,1.0
622,71,-1.0
590,312,-1.0
506,370,-1.0
321,252,-1.0
622,383,-1.0
123,188,1.0
388,122,1.0
387,139,1.0
171,145,1.0
312,175,-1.0
34,67,-1.0
335,53,-1.0
627,31,-1.0
175,49,1.0
226,1,1.0
174,11,-1.0
521,101,-1.0
339,72,1.0
150,113,1.0
126,285,1.0
190,171,-1.0
384,293,-1.0
232,71,-1.0
322,139,-1.0
382,390,-1.0
114,98,-1.0
598,9,-1.0
312,327,1.0
47,62,-1.0
155,178,1.0
410,107,1.0
67,292,-1.0
579,188,-1.0
558,130,1.0
339,131,-1.0
81,186,-1.0
325,132,-1.0
83,280,-1.0
581,426,1.0
552,116,-1.0
324,225,-1.0
357,377,1.0
18,430,-1.0
326,347,1.0
102,210,1.0
407,263,-1.0
118,211,-1.0
69,257,-1.0
552,325,-1.0
315,156,-1.0
18,335,-1.0
166,59,1.0
641,239,1.0
632,319,1.0
31,349,-1.0
632,238,-1.0
521,388,-1.0
383,416,-1.0
628,81,-1.0
485,226,-1.0
343,290,-1.0
645,409,1.0
540,354,-1.0
30,167,1.0
370,113,-1.0
322,299,-1.0
100,200,-1.0
407,187,-1.0
202,372,-1.0
333,141,-1.0
140,235,1.0
552,329,-1.0
240,419,1.0
552,383,-1.0
317,47,1.0
36,58,1.0
432,21,1.0
390,343,-1.0
54,128,-1.0
18,211,-1.0
34,232,1.0
274,298,1.0
641,94,-1.0
584,182,1.0
457,322,1.0
386,402,-1.0
334,177,1.0
521,19,-1.0
555,372,1.0
461,16,-1.0
474,220,-1.0
312,352,1.0
286,195,1.0
392,220,1.0
322,386,-1.0
521,407,-1.0
137,351,1.0
38,327,-1.0
312,313,1.0
411,354,1.0
317,373,1.0
215,159,-1.0
247,292,-1.0
521,332,-1.0
471,169,1.0
530,226,1.0
157,68,1.0
60,262,-1.0
2,180,-1.0
317,157,1.0
33,62,1.0
251,184,-1.0
31,313,-1.0
192,234,1.0
145,115,1.0
361,337,1.0
202,393,-1.0
82,358,-1.0
431,77,-1.0
302,33,1.0
525,36,-1.0
290,421,1.0
544,2,-1.0
595,280,1.0
265,227,-1.0
457,76,1.0
632,249,-1.0
622,201,1.0
105,180,1.0
339,211,1.0
312,249,1.0
201,292,1.0
521,196,-1.0
156,376,-1.0
411,313,1.0
138,288,-1.0
481,239,-1.0
536,346,-1.0
552,251,-1.0
325,230,-1.0
344,86,1.0
521,419,-1.0
521,228,-1.0
530,109,1.0
639,366,-1.0
317,201,-1.0
358,18,1.0
237,352,-1.0
632,23,-1.0
550,99,1.0
594,270,1.0
317,332,-1.0
459,399,-1.0
457,233,1.0
75,241,1.0
317,433,1.0
200,343,-1.0
181,261,1.0
369,408,1.0
327,332,1.0
166,314,-1.0
339,172,-1.0
405,301,-1.0
329,193,1.0
471,303,1.0
19,3,-1.0
202,378,-1.0
172,148,1.0
6,117,1.0
521,264,1.0
140,62,-1.0
45,130,1.0
521,131,-1.0
515,193,-1.0
530,102,-1.0
514,343,-1.0
75,231,1.0
317,165,1.0
457,260,1.0
35,153,-1.0
33,30,-1.0
18,341,-1.0
420,154,1.0
407,401,-1.0
34,50,1.0
619,186,-1.0
117,108,-1.0
31,368,-1.0
552,309,-1.0
436,52,1.0
50,81,1.0
367,332,-1.0
324,303,-1.0
312,387,1.0
317,112,1.0
407,300,1.0
521,412,-1.0
92,359,1.0
233,338,1.0
429,89,1.0
127,96,1.0
182,389,-1.0
63,244,1.0
613,49,-1.0
464,217,-1.0
275,66,-1.0
471,364,1.0
383,53,-1.0
274,69,1.0
469,315,1.0
341,353,-1.0
209,127,1.0
197,293,1.0
261,402,1.0
104,255,-1.0
179,135,-1.0
75,263,1.0
471,420,1.0
255,340,-1.0
601,261,1.0
571,53,1.0
441,268,1.0
636,308,-1.0
541,257,1.0
18,328,-1.0
428,222,-1.0
312,433,1.0
282,40,-1.0
317,354,-1.0
521,137,-1.0
317,264,1.0
47,30,1.0
397,291,-1.0
339,207,1.0
339,130,-1.0
552,331,1.0
75,46,1.0
632,33,1.0
616,39,1.0
317,207,-1.0
428,341,1.0
293,41,-1.0
202,355,1.0
101,270,-1.0
10,427,1.0
88,52,-1.0
49,1,-1.0
611,152,-1.0
18,420,1.0
552,20,-1.0
457,68,1.0
327,123,1.0
317,242,1.0
239,121,-1.0
111,346,-1.0
596,192,1.0
210,287,1.0
552,233,-1.0
520,102,-1.0
183,282,-1.0
274,31,1.0
202,32,-1.0
548,156,1.0
339,146,-1.0
552,194,-1.0
547,350,1.0
176,379,1.0
521,195,1.0
44,23,-1.0
528,116,1.0
59,51,1.0
330,403,-1.0
499,96,-1.0
153,125,-1.0
365,414,1.0
261,143,1.0
217,308,1.0
130,60,-1.0
457,198,1.0
220,60,1.0
39,135,-1.0
149,305,1.0
575,159,1.0
373,396,-1.0
339,328,1.0
457,276,1.0
555,32,1.0
258,221,-1.0
282,183,1.0
317,0,1.0
78,75,-1.0
608,119,1.0
75,47,-1.0
634,407,1.0
552,313,-1.0
545,150,-1.0
317,340,1.0
526,361,1.0
412,397,1.0
407,349,1.0
205,179,-1.0
339,339,1.0
233,142,-1.0
515,40,1.0
32,276,1.0
140,1,-1.0
279,247,-1.0
250,282,1.0
433,26,1.0
324,263,1.0
457,103,1.0
202,155,-1.0
136,173,-1.0
229,357,-1.0
312,196,1.0
140,347,-1.0
274,56,1.0
457,308,1.0
219,411,-1.0
525,50,-1.0
419,124,-1.0
485,102,1.0
359,13,1.0
67,189,-1.0
592,182,-1.0
138,110,-1.0
411,211,-1.0
632,329,-1.0
151,419,-1.0
627,69,-1.0
632,383,-1.0
49,274,-1.0
257,24,1.0
552,136,-1.0
202,57,-1.0
317,379,-1.0
593,34,1.0
521,47,-1.0
317,195,1.0
339,290,1.0
317,61,1.0
451,120,-1.0
200,33,-1.0
457,29,1.0
409,101,-1.0
457,319,-1.0
521,419,1.0
317,137,1.0
283,140,-1.0
256,246,1.0
364,212,-1.0
607,396,1.0
198,22,1.0
317,140,1.0
273,39,-1.0
277,82,1.0
454,236,-1.0
339,128,-1.0
467,400,1.0
507,77,1.0
341,199,1.0
468,3,1.0
97,47,-1.0
521,373,-1.0
189,297,1.0
363,21,-1.0
272,356,1.0
317,381,1.0
400,297,-1.0
211,192,-1.0
454,160,-1.0
631,68,-1.0
521,157,-1.0
317,423,1.0
202,42,-1.0
357,297,-1.0
337,1,1.0
142,284,-1.0
567,359,-1.0
75,315,-1.0
381,302,1.0
90,301,-1.0
77,317,-1.0
647,404,1.0
632,149,-1.0
407,84,-1.0
578,136,-1.0
312,149,1.0
162,219,-1.0
631,133,1.0
457,305,1.0
107,14,1.0
317,175,-1.0
148,277,1.0
351,92,1.0
243,333,1.0
66,107,-1.0
113,178,1.0
409,388,-1.0
632,177,-1.0
247,189,-1.0
555,355,-1.0
2,65,-1.0
632,251,-1.0
393,281,1.0
461,333,-1.0
18,284,-1.0
407,47,1.0
463,252,-1.0
312,322,1.0
347,336,1.0
485,109,-1.0
196,257,1.0
460,428,-1.0
31,241,1.0
596,265,-1.0
317,350,1.0
559,385,-1.0
165,425,-1.0
141,390,1.0
233,174,1.0
317,228,1.0
231,430,-1.0
359,271,-1.0
323,1,1.0
552,380,-1.0
475,321,1.0
456,291,-1.0
588,299,1.0
296,150,1.0
339,117,-1.0
461,106,1.0
106,417,1.0
213,340,1.0
407,373,1.0
339,85,-1.0
106,345,-1.0
317,173,1.0
521,433,-1.0
375,113,1.0
533,80,1.0
640,197,1.0
311,152,1.0
138,100,-1.0
443,414,-1.0
379,382,1.0
622,129,-1.0
492,25,1.0
20,189,1.0
582,248,1.0
212,329,1.0
632,351,1.0
411,258,-1.0
428,325,1.0
401,130,-1.0
173,177,1.0
632,309,-1.0
312,76,1.0
293,60,-1.0
138,273,-1.0
321,163,-1.0
359,11,1.0
370,20,1.0
80,260,-1.0
519,254,1.0
269,150,-1.0
408,320,1.0
224,178,-1.0
643,40,1.0
521,337,-1.0
632,34,-1.0
322,74,-1.0
630,254,-1.0
518,122,1.0
421,159,-1.0
91,227,-1.0
234,374,-1.0
543,92,-1.0
583,428,-1.0
518,176,-1.0
139,279,1.0
378,99,1.0
293,304,-1.0
407,46,-1.0
359,345,1.0
449,126,-1.0
433,118,1.0
433,432,1.0
259,91,-1.0
632,231,-1.0
481,176,1.0
336,181,1.0
339,54,1.0
552,267,-1.0
357,13,-1.0
552,305,-1.0
458,122,-1.0
34,138,-1.0
76,209,-1.0
85,261,-1.0
339,129,1.0
289,406,-1.0
407,28,-1.0
223,97,-1.0
21,367,-1.0
75,300,-1.0
317,79,1.0
635,300,-1.0
75,144,1.0
623,208,1.0
146,236,-1.0
521,264,-1.0
312,260,1.0
521,22,-1.0
268,52,1.0
0,3,-1.0
97,104,-1.0
340,280,-1.0
600,58,-1.0
124,337,-1.0
293,151,-1.0
632,20,-1.0
154,248,1.0
101,80,1.0
317,169,-1.0
521,251,1.0
34,36,1.0
590,61,1.0
17,163,1.0
457,238,1.0
521,242,-1.0
317,356,1.0
280,323,1.0
312,417,1.0
270,268,1.0
485,205,1.0
610,306,-1.0
531,254,1.0
301,58,-1.0
317,315,1.0
565,429,-1.0
235,15,-1.0
142,353,1.0
79,114,-1.0
339,289,1.0
555,250,1.0
264,118,-1.0
131,137,1.0
396,175,1.0
143,307,1.0
191,91,1.0
632,313,-1.0
89,338,-1.0
646,275,1.0
293,281,-1.0
647,170,-1.0
521,0,-1.0
174,271,1.0
521,340,-1.0
552,14,-1.0
111,290,-1.0
521,18,-1.0
180,207,-1.0
332,98,1.0
163,151,-1.0
317,264,-1.0
639,60,1.0
196,269,-1.0
328,107,-1.0
317,49,1.0
18,199,-1.0
16,328,1.0
253,306,-1.0
135,198,-1.0
587,311,-1.0
288,150,-1.0
510,136,1.0
452,306,1.0
622,258,-1.0
312,68,1.0
132,317,-1.0
262,291,1.0
57,272,-1.0
407,422,1.0
317,357,1.0
99,16,-1.0
599,406,1.0
627,56,-1.0
515,256,1.0
41,147,-1.0
399,344,1.0
632,136,-1.0
219,196,-1.0
466,211,1.0
404,242,1.0
418,95,1.0
322,288,1.0
51,202,-1.0
559,215,-1.0
339,313,-1.0
75,349,-1.0
457,249,1.0
49,343,1.0
168,227,1.0
521,195,-1.0
312,198,1.0
284,262,-1.0
58,201,1.0
312,276,1.0
555,87,1.0
521,61,-1.0
292,192,1.0
240,332,-1.0
440,118,-1.0
471,384,1.0
26,262,-1.0
263,381,-1.0
357,4,-1.0
476,274,1.0
317,22,1.0
521,140,-1.0
490,105,-1.0
52,137,-1.0
444,134,1.0
371,249,-1.0
75,384,-1.0
527,309,-1.0
177,35,1.0
543,180,-1.0
339,199,1.0
330,114,1.0
11,197,-1.0
552,44,-1.0
552,224,1.0
552,238,-1.0
411,241,-1.0
485,59,-1.0
58,333,-1.0
521,381,-1.0
407,172,1.0
229,26,-1.0
521,423,-1.0
525,341,1.0
424,147,-1.0
71,279,-1.0
534,95,-1.0
380,163,1.0
457,329,1.0
428,392,1.0
249,45,1.0
203,41,-1.0
550,206,-1.0
298,257,1.0
110,391,-1.0
590,258,1.0
562,54,1.0
18,414,-1.0
62,140,1.0
521,123,1.0
246,216,1.0
586,90,-1.0
122,253,1.0
590,126,1.0
521,282,-1.0
61,72,-1.0
475,200,1.0
293,269,-1.0
552,352,-1.0
317,195,-1.0
521,169,1.0
185,226,-1.0
317,18,1.0
583,304,1.0
293,391,-1.0
474,311,1.0
295,179,1.0
632,380,-1.0
646,12,-1.0
521,350,-1.0
352,189,-1.0
18,230,-1.0
406,40,1.0
317,137,-1.0
339,368,-1.0
150,98,-1.0
331,248,-1.0
170,268,-1.0
14,162,-1.0
322,171,1.0
622,7,-1.0
200,319,-1.0
400,29,1.0
516,104,1.0
234,324,1.0
521,173,-1.0
496,114,-1.0
516,47,1.0
34,243,1.0
586,158,1.0
552,260,-1.0
317,310,1.0
317,196,1.0
505,105,1.0
339,414,1.0
552,249,-1.0
521,240,-1.0
632,368,-1.0
331,41,-1.0
317,419,1.0
312,368,1.0
366,379,-1.0
324,384,-1.0
426,197,-1.0
280,63,-1.0
160,120,1.0
312,152,1.0
111,172,1.0
125,300,1.0
44,352,1.0
314,287,-1.0
632,387,-1.0
589,424,-1.0
509,240,1.0
317,337,1.0
69,151,1.0
3,245,-1.0
620,376,-1.0
304,154,-1.0
372,52,-1.0
40,179,-1.0
428,224,-1.0
312,9,-1.0
455,209,1.0
430,388,1.0
484,237,-1.0
306,221,1.0
522,206,1.0
348,126,1.0
353,302,-1.0
625,141,-1.0
367,419,1.0
305,382,-1.0
151,332,1.0
644,170,1.0
471,84,-1.0
542,85,-1.0
632,80,-1.0
625,416,-1.0
89,174,-1.0
350,247,1.0
615,317,1.0
23,311,-1.0
402,249,1.0
149,128,1.0
429,44,1.0
68,400,-1.0
479,181,-1.0
96,43,1.0
222,124,1.0
72,79,1.0
521,79,-1.0
580,327,1.0
317,282,1.0
552,387,-1.0
28,257,1.0
317,402,1.0
407,241,-1.0
498,159,1.0
304,318,1.0
462,429,-1.0
216,413,-1.0
489,304,-1.0
110,271,-1.0
312,233,1.0
574,264,-1.0
445,88,-1.0
521,2,-1.0
322,110,1.0
557,137,1.0
59,371,-1.0
339,379,1.0
489,366,-1.0
140,253,1.0
521,307,-1.0
521,356,-1.0
307,289,1.0
299,193,-1.0
477,253,-1.0
317,338,1.0
329,183,-1.0
4,270,-1.0
440,9,1.0
552,232,1.0
5,88,1.0
239,266,1.0
556,295,-1.0
457,383,1.0
402,149,-1.0
629,75,1.0
552,276,-1.0
598,118,1.0
229,432,-1.0
303,295,-1.0
521,315,-1.0
569,44,1.0
403,134,1.0
18,283,-1.0
594,35,-1.0
144,272,-1.0
133,6,-1.0
445,157,1.0
632,14,-1.0
385,406,1.0
453,12,1.0
65,8,1.0
22,262,1.0
110,11,1.0
609,147,-1.0
521,378,-1.0
618,354,-1.0
487,167,-1.0
445,278,1.0
339,346,1.0
521,49,-1.0
317,339,-1.0
486,4,1.0
457,33,-1.0
622,214,1.0
470,283,-1.0
81,54,-1.0
521,357,-1.0
430,101,1.0
483,129,1.0
407,307,1.0
632,327,-1.0
308,342,-1.0
457,149,1.0
18,407,1.0
428,8,-1.0
519,197,1.0
326,235,-1.0
476,387,1.0
339,283,1.0
472,195,-1.0
18,132,-1.0
339,261,1.0
503,235,1.0
530,394,-1.0
521,211,-1.0
407,315,1.0
18,226,-1.0
500,72,1.0
339,263,-1.0
83,209,-1.0
429,380,-1.0
339,415,-1.0
388,51,-1.0
522,382,-1.0
277,204,-1.0
576,301,1.0
164,1,-1.0
339,268,-1.0
167,10,1.0
574,195,-1.0
482,44,-1.0
173,217,-1.0
18,146,1.0
614,161,-1.0
192,29,-1.0
493,117,-1.0
186,107,1.0
622,410,1.0
407,225,1.0
574,137,-1.0
322,100,1.0
283,418,-1.0
339,232,-1.0
312,360,1.0
116,115,-1.0
158,338,-1.0
345,10,-1.0
18,109,-1.0
317,251,-1.0
322,273,1.0
552,1,1.0
468,111,-1.0
471,185,1.0
243,16,1.0
339,132,1.0
632,352,-1.0
501,97,1.0
457,309,1.0
278,336,-1.0
75,187,1.0
485,314,1.0
497,246,-1.0
18,83,-1.0
152,244,1.0
28,345,-1.0
428,226,1.0
585,129,-1.0
230,38,1.0
539,421,-1.0
312,23,1.0
339,335,1.0
75,84,1.0
528,113,-1.0
341,218,1.0
407,231,-1.0
18,263,1.0
99,208,1.0
632,213,-1.0
457,231,1.0
187,283,1.0
552,149,-1.0
225,410,-1.0
632,260,-1.0
406,256,1.0
324,138,1.0
312,329,1.0
317,411,1.0
521,310,-1.0
276,260,1.0
316,315,-1.0
140,243,-1.0
5,278,-1.0
428,109,1.0
103,76,-1.0
317,240,1.0
552,322,-1.0
428,420,-1.0
31,316,-1.0
13,264,1.0
521,123,-1.0
376,269,1.0
339,83,1.0
359,397,-1.0
106,397,-1.0
535,179,1.0
522,92,-1.0
339,284,1.0
254,148,1.0
512,342,-1.0
214,409,-1.0
457,20,1.0
339,186,1.0
475,73,-1.0
552,213,-1.0
414,346,1.0
252,405,-1.0
553,396,-1.0
568,17,1.0
457,417,1.0
7,245,1.0
317,174,1.0
407,18,1.0
22,55,-1.0
140,415,-1.0
238,409,-1.0
163,257,1.0
154,43,-1.0
622,203,-1.0
549,86,-1.0
291,207,1.0
454,359,-1.0
342,395,1.0
589,272,1.0
646,25,-1.0
433,83,1.0
407,364,1.0
401,54,-1.0
477,93,1.0
140,85,1.0
419,428,1.0
166,205,-1.0
633,240,-1.0
324,185,-1.0
40,259,-1.0
362,168,-1.0
379,191,-1.0
457,313,1.0
82,291,-1.0
552,76,-1.0
560,292,-1.0
43,369,-1.0
34,85,-1.0
157,133,-1.0
166,1,1.0
389,75,-1.0
402,322,1.0
293,367,1.0
546,18,-1.0
324,84,1.0
48,415,1.0
120,339,1.0
93,266,-1.0
407,384,1.0
590,214,-1.0
138,334,-1.0
521,402,-1.0
119,370,-1.0
317,419,-1.0
558,208,-1.0
624,125,-1.0
482,89,-1.0
94,156,-1.0
502,338,1.0
349,125,1.0
75,401,1.0
428,194,1.0
557,264,1.0
495,389,1.0
632,360,-1.0
317,2,1.0
202,250,-1.0
317,307,1.0
317,24,1.0
622,354,1.0
106,257,1.0
75,364,-1.0
94,134,1.0
293,248,-1.0
632,276,-1.0
521,338,-1.0
457,136,1.0
602,175,1.0
18,78,1.0
317,432,1.0
243,106,-1.0
457,163,1.0
312,14,1.0
435,243,-1.0
109,96,1.0
34,5,-1.0
632,116,-1.0
12,407,-1.0
98,10,1.0
312,116,1.0
408,259,1.0
312,309,1.0
112,135,1.0
621,294,-1.0
18,353,1.0
552,360,-1.0
317,378,1.0
422,81,-1.0
646,385,1.0
525,67,1.0
75,388,-1.0
196,345,-1.0
27,186,1.0
371,223,-1.0
407,402,1.0
322,408,-1.0
371,159,1.0
552,417,-1.0
521,66,-1.0
293,428,1.0
338,375,1.0
15,333,1.0
558,105,-1.0
57,394,1.0
584,166,1.0
638,244,-1.0
95,64,-1.0
21,391,1.0
317,300,1.0
425,15,1.0
368,427,-1.0
146,220,-1.0
312,383,1.0
169,190,1.0
643,256,1.0
281,424,1.0
202,87,-1.0
480,326,1.0
43,216,-1.0
134,45,-1.0
570,142,1.0
437,328,-1.0
460,55,1.0
312,80,1.0
410,421,1.0
317,211,1.0
13,127,1.0
646,363,1.0
254,223,-1.0
328,421,-1.0
457,380,1.0
312,238,1.0
202,365,1.0
324,364,-1.0
244,262,-1.0
320,262,-1.0
557,195,1.0
552,68,-1.0
530,94,-1.0
642,431,-1.0
122,93,-1.0
297,342,1.0
129,212,1.0
608,423,-1.0
18,398,1.0
552,89,-1.0
93,121,1.0
248,262,-1.0
643,183,-1.0
196,198,1.0
526,27,-1.0
53,41,1.0
324,360,-1.0
600,309,1.0
552,198,-1.0
300,108,1.0
457,368,1.0
428,267,1.0
241,289,-1.0
138,296,1.0
195,161,-1.0
369,164,1.0
40,320,-1.0
236,339,-1.0
287,6,1.0
457,152,1.0
427,277,-1.0
188,310,-1.0
339,138,1.0
355,356,-1.0
552,392,-1.0
228,377,-1.0
178,150,-1.0
237,23,1.0
282,256,-1.0
528,149,1.0
62,418,1.0
137,34,-1.0
204,261,-1.0
457,387,1.0
64,4,-1.0
338,99,-1.0
194,430,1.0
525,420,-1.0
407,388,1.0
321,35,-1.0
365,348,1.0
312,213,1.0
552,138,-1.0
638,217,1.0
75,229,1.0
521,146,-1.0
407,405,1.0
166,415,-1.0
455,259,1.0
351,344,-1.0
106,269,-1.0
121,20,-1.0
555,393,1.0
457,80,1.0
606,381,1.0
521,411,-1.0
644,404,-1.0
42,108,-1.0
632,322,-1.0
588,386,1.0
439,262,-1.0
317,155,1.0
260,295,1.0
207,374,1.0
339,78,-1.0
471,263,-1.0
559,363,-1.0
457,251,1.0
590,48,-1.0
543,219,-1.0
632,152,-1.0
317,167,1.0
521,112,-1.0
159,431,1.0
409,70,-1.0
317,258,1.0
542,243,1.0
227,162,1.0
574,123,-1.0
420,318,-1.0
626,131,1.0
558,16,1.0
75,422,-1.0
521,174,-1.0
339,353,-1.0
31,211,1.0
496,160,1.0
312,231,1.0
632,120,-1.0
593,351,-1.0
521,263,-1.0
448,76,1.0
37,281,-1.0
555,378,1.0
417,148,-1.0
416,242,-1.0
632,76,-1.0
435,85,1.0
322,164,-1.0
537,233,1.0
552,368,-1.0
646,215,1.0
207,324,-1.0
555,365,-1.0
622,61,-1.0
604,413,1.0
457,14,1.0
140,93,-1.0
9,429,1.0
551,254,-1.0
324,169,-1.0
563,252,1.0
18,368,1.0
339,71,1.0
504,361,-1.0
517,38,-1.0
637,335,-1.0
166,371,1.0
219,433,-1.0
317,279,1.0
75,18,-1.0
294,0,1.0
142,78,1.0
305,366,1.0
277,63,1.0
312,380,1.0
74,213,-1.0
312,20,1.0
312,103,1.0
417,223,1.0
632,233,-1.0
317,348,1.0
312,308,1.0
271,132,1.0
450,168,1.0
196,13,-1.0
243,201,-1.0
521,24,-1.0
317,146,1.0
457,327,1.0
552,80,-1.0
572,147,-1.0
219,112,-1.0
56,163,-1.0
24,79,-1.0
552,222,1.0
561,304,-1.0
18,117,1.0
625,239,1.0
395,424,1.0
317,45,1.0
532,147,1.0
521,432,-1.0
339,398,-1.0
474,65,-1.0
229,83,-1.0
524,294,-1.0
356,390,1.0
142,199,-1.0
317,123,-1.0
525,5,1.0
246,369,1.0
569,89,1.0
360,213,1.0
317,39,1.0
342,330,1.0
25,111,1.0
339,243,1.0
84,184,1.0
83,259,-1.0
592,166,-1.0
622,48,1.0
87,265,1.0
632,417,-1.0
106,380,1.0
407,128,1.0
184,74,1.0
622,286,1.0
443,348,-1.0
100,73,1.0
317,101,1.0
317,66,1.0
147,37,1.0
511,210,-1.0
327,419,-1.0
550,21,1.0
367,123,-1.0
312,136,1.0
521,300,-1.0
413,406,-1.0
313,264,-1.0
313,127,-1.0
322,296,-1.0
236,405,1.0
538,330,-1.0
31,258,1.0
459,423,1.0
280,82,-1.0
142,218,-1.0
521,332,1.0
457,352,1.0
373,237,-1.0
161,65,1.0
521,165,-1.0
548,134,-1.0
309,103,1.0
155,190,-1.0
411,349,1.0
471,341,-1.0
374,172,-1.0
75,402,-1.0
86,105,-1.0
631,14,-1.0
108,237,1.0
457,23,1.0
49,387,-1.0
446,326,-1.0
632,68,-1.0
87,192,-1.0
312,411,1.0
317,388,1.0
280,204,1.0
622,126,-1.0
193,286,-1.0
331,43,1.0
267,427,-1.0
622,312,1.0
555,155,1.0
457,213,1.0
271,230,1.0
573,190,-1.0
465,290,1.0
423,158,-1.0
317,303,-1.0
552,327,-1.0
605,426,-1.0
383,94,1.0
285,343,1.0
608,399,1.0
632,198,-1.0
312,112,1.0
632,163,-1.0
18,59,-1.0
627,298,-1.0
106,13,-1.0
555,57,1.0
25,162,-1.0
377,425,-1.0
434,370,1.0
317,19,1.0
407,229,-1.0
29,233,-1.0
245,148,-1.0
471,360,1.0
457,120,1.0
221,304,-1.0
100,321,-1.0
146,426,-1.0
391,208,-1.0
552,152,-1.0
494,17,-1.0
317,332,1.0
339,405,-1.0
444,147,-1.0
242,95,-1.0
597,307,-1.0
413,64,1.0
46,362,-1.0
632,103,-1.0
552,231,-1.0
632,308,-1.0
