422
53
861
481,597,613,638,1040
249,632,1242
1007,1040
1011
98,123,285,378,444,486,521,538,592,667,784,1276
722,1037
768,926
940
406,551
1046
89
88
87,676
656,1037
995,1243
524
71,698
102
987
852,938
247,375,650,1102
1135
5,740
399,953
1172
269,999,1191
78,1040
1251
698,894
94
93,306,408,854,934,1041
706
213,270,402,534,728
1042
60
847
647
289,430,523,547,852
903
347,1149
248
970
192
572,691,852,926
1040,1160
113,230,246,646,724,946,1030
795
213,388
117,177,385,447,485,679,869,952,1015,1095,1261
289,324,327,428,547,698,1149
736,927,947
660
924
61,138,163,214,259,300,554,672,855,898,1147,1257
597,640
1067
78
1158
917
649,829,979
15,359
1130,1243
91,742
1225
14,736
437,1067
684
132,295,361,439,490,552
1237
76,852,943
365
631,894
207,315,449,559,589,658,752,872,1026,1053,1169,1200
648
842
181
944
883
430,1149
245,501
170,887
40,75,164
830
193
84,881
1277
1249
852,1233
65,947
810
740,858
15,847
598,1135
808
359
901,1127
927,944
386,610
20
0
65
102,873,970
111,115,209,302,345,484,652,729,978,992,1104,1170
206,212,321,360,371,579,593,710,733,815,904,1260
671
1014,1037
964
926,1032
247,375,878
101,680,1040
36,1185
546
1197
553
204,751,1161
595,1178
289,430,547,698,852,894
1213
545
131,316,340,412,416,533,539,738,748,910,942,993
417
515,857
187,1037
213,270,296,326,388,402,436,454,534,550,728,1246
781
1256
336,725
71,437,532
103,421,580,824,1139,1270
12
392
556
1084
299,1140
620
609
328,769
168,1081
1124
282,870
587
202,216,500,675,819,1154
20,32,350,395,418,703,1167
76,698,1225
481,613,866,1040,1204
1240
1039
341,870
1103
736,927,947
576,851
59,478,582,726,744,936,959,984,1055,1082,1116,1263
247,375,960
1024,1108
100,487,850
341
1027
46
87,1175
1109
867
77,374
755
488,607,1035
14
352,1058,1225
284,1244
226
930
323,396,1236
77
8
520
37,54,77
698,1106
394,858
578
359,1020
451
673,852
110
22,127,154,234,252,471,890,928,1065,1077,1110,1231
388,1253
1186
38,1171
430,1159
92
773,1037
796
437,786
68
641
419,462,779
257,701
330,489
62,82,85,297,298,732,840,920,990,1062,1145,1179
81
12,64
736,930
636
276,812,1214
866,1040
121,338,380,468,661,718,791,1048,1112,1176,1211,1227
725,836
566
430,802
90,191,239,243,325,605,612,664,669,813,1019,1068
747,1256
5,394
140,339,556,629,1152
575
603,1201
87
77,237
852,1238
108,152,218,242,288,293,440,821,1012,1150,1157,1192
473
958,1076
16
109
193,332
196
58,885,899
245
101,591,1213
944
858,955
125
511
95,780
140,927
6,51,441,448,606,674,688,734,838,1128,1190,1230
989,1151,1164
248,947
63,167,286,409,415,616,692,973,1100,1122,1223,1224
99
135,180,382,491,621,775,837,1023,1155,1156,1196,1212
107
467,588,741
862,1051
507
15,687
866,927
1037,1248
314
865
1234
613,866,1040
89,1017
44,148,251
949
95,638
1040,1094
963,1037
55,367,839,1003,1025
359,1264
305,926
331
631,698,852,894
311
70,603,1101
908
95,245
560,602,1002
77,80
505,926
410,852
271,522,561,743,763,771,820,835,853,1036,1078,1136
197,279,939
29,169,255,483,686,707,758,782,1008,1144,1198,1217
438,1037
903,1004,1115
112,762
76,1016
43,194,384,477,665,677,750,754,914,1142,1255,1275
4,79,195,407,530,569,625,809,1049,1181,1189,1262
15,874
957,995,1243
807,1046
916
48,179,983
261,1060
95
531,926
1160
11,288,674,1268
95,760
71,430,1225
470
525,556
719
118,470
831
573
642
69,1052
879
140,1033
404,725
7,144,183,351,401,458,498,788,969,980,1228,1269
465
1071
583
480,1099
866,1040,1204
847,968
845
747
613
640,977
56,800
427
114
319
240,613,866,1040
766,1037
792
597,1165
219,281
101,977
213,270,326,388,454,534,728,1113
789
437,532,613,762,794
691
312
28,139,203,628,694,864,915,998,1098,1218,1229,1269
151,446
289,430,547
1254
228,863
532,1038
211
618
27,349,518
359,1106
1163,1248
987,1137
30,150,184,200,208,357,432,570,584,619,735
289,430
310
1105
591
507
1,198,389,495,822,895
26,292,334,366,1096,1265
926
162
15,967
13,19,318,356,506,604,611,626,859,1005,1118,1173
437,894
640
876
227,643
15,1143
526,954,1254
347,852,1225
562
304,355,450,466,514,544,599,727,841,918,1258,1268
889
32
330,422
77,536
594
794,1165
532,1047
873
159,275,1210
811
411
564
972,1130
542
64,954
716,739,764,849,886,1031
1167
161,1066
368,1020
770
39,223,236,459,574,697,717,746,816,1029,1074,1087
843
391,683,1088
77,642
224
95,597
210,258,309,335,363,376,377,482,516,567,902,988
235,290,463,464,639,653,670,772,828,844,1061,1121
283,555,668,714,723,798,806,907,1079,1168,1202,1216
73,373,801
34,35,201,469,475,492,503,951,1183,1207,1250,1267
72,182,405,423,502,549,563,790,856,877,986,1209
41,57,120,479,776,848,933,950,1009,1129,1219,1272
703
663
740,887
343
1271
15
359,693
601,757,925
240,1046
434
141
455,699,932,1022,1146,1162
610
158,205,232,474,814,1111,1245
320,352
337
614
1046
317
572
381
369,497
852,1044
66,146,494,753,961,1070
64,1205
0,320
488,607,1035
1072
526
128,512
1205
676
254,1127,1137
