658,253
2,3273
3,2614
2920,2921
3199
3207
135
7
10
1324
1453
2942,1871
3184
3207
3373,2724
2723,3378
19,2959
1797,1796
2959,21
2084,2083
2721,2355
2959,23
26
28
31,30
29,1361
257,32
38
2400,38
38,2401
52
54
59,60
65,1627
67
68
69
71
55,82
2667,83
83,3239
3239,83
84,1689
84,2759
84,2759
85,2633,1677,1833,2628
2628,3217,1677,85,2633
87
2048,96,805,696
109
110
129
1848,131
135
1171,135,575,2699
144
2105,145
147
151,2489
152,2489
3186,2116
2232,675,2212,714
3101,2138
157
2677,2690
263,264
166,167
161,2591
161,3210
194,907
988,162
163,946
163,3249
2160,164
164,2265
162,1046
2265,162
3147
170
2465,172
170,3158
171,3115
171,3340
716,3336
692,3071
2871,2947,811
174
3135,174
796,795,797,794,793,792
176,179
179
1932,179
181
182
182,695
201,2305
448,2624,1869,1752
3291,2624,448,1869
448,1869,3291,2627
181,216
1632,181
186,269
270,186
187,2489
186,9,267
186,271
3117,181
2614,188
188,3114
3118,189
2183,238,1960,2884,190
3280,190,2183,1960,2884
182,1877
1171
2749,651,1957,125,2072,788,649,1801,739,2796,853,2089,738,1901,929,922,773,1145,2382,1058,2442,2085,961,957,276,56,2301,505,1057,783,974,223,93,2403,969,968,111,2765,851,2396,990,2245,2883,2395,594,958,345,1898,606,146,44,2481,2803,1835,2604,405,1608,2209,2010,977,1053,1819,124,928,2229,275,47,2794,2090,2487,1900,669,2303,2176,653,2260,648,2040,1556,1004,2797,780,1161,2468,831,2214,42,406,2845,2231,927,2215,326,2892,123
480,477
204
205
205,1814
210,208
474,1633,473
3280,190,1960,2884,3327
221
222
223
223,1783
231
149,231
2534,231
234
236
2932,3412,3383,3389,3047
237,191
240
2915,240
241
241,427
246,247
3354,244
240,243
245,2201
248
157,248
2517,251,2371,657
252,2002
254
207,209
255,2020
353,205
3116,353
757,759
259,400
757,755,759
179,260
261,267
2697
262,1048
1048,265
265,2872
2704
268
272
273
274
306,684,687,685,278
276,3005
277,511
277,510
280
317,280
318,281
283,276
685,282
276,284,286
291
687,305
304,305
298,294
302,303
521,293
684,687
301,297
307,292
295,299
308,3045
310,311
315
318,317
316,315
319
321,311
320,325
320,327,325
322,332,328
325,328,320,327
311,313
325
327
330,331,329
332
333
334
336
336,675
338
2644,2470,2641,2608,338
339
339,1932
812,343
1450,344
347
348
352
351
2116,3186
357,359
357
359
363
360,363
369
605,14
385,377
378,386
400
407
409
409,3078
3113,2884,988,2159
413,479
420,423,418
416,2624
424
424,425
425
427
427,1222
1930,427
431
470,431
433
477,434
198,434
985,3353
3353,2143
440
448
595,456
466
324,332,466
469
472
476
1141,483
489
490
959,489
1002,489
491,2347
491,2138,2902
2907,491,2138,2497,2902
2138,3285,2907,2497,491
498
499
2232,507,2120
509
511
513
1217,513
517,520,519,518
522,523
521,457
688,521
524
525
533
1299,533,1297
1301,1299,533
1674,534
534,1682
534,2849
2548,2545,539
3209,540
538,2544,2547
542,1847,1846
543,675,254
544
547
549
550,1717
554,864
555,2657
561
2,566
569,570
323,568
572
572,1968
573
574
575
578,1538
579,1653
582
583
2461,2617
2617,2616
595
595,282
599,597
686,595
595,3045
290,600
601,414
2599,2069
603
841,604
613
613,544
613,1450
617
2300,617
618
620
625
635,630
636,631
637,632
627,3134,3125,3263,3242
629,2578
3296,987,3303,629,3259
3263,3134,3125,3242,628
635,626
626,636
635
1942,1646,635
638
644
645,2193
659
675
2204,2205
2203,677
356
282,682
282,682,511
2324,682,282,511
516,683
682,304
686,273
514,684
683,514
690
691
196,2115,693
1074,1077,2980,2986,1073,1131,2991,2965,2983,2967,2971,1143,2975,1105,1080,1085,1099,2982,1083,1075,2985,1102,1098,2969,1082,2994,1100,1094,1086,1101,2974,1096,2989,1079,2996,2993,1071,1084,1097,2987,1093,2973,1088,2964,2979,1106,2970,1095,2988,2972,1072,2984,1087,2997,1081,1091,2966,1103,1092,1104,2978,1090,2995,2992,2968,2976,1069,1070,1076,2990,1089,1078,2977,2981
693,196
1875,699
696,173
175,2614
701
2492,706
703,702
276,275
714
3122,3112
3112,370
371,3112
3112,3185
3121,3112
716
716,2940
716,3233
2807
717,561
2768,717
2614,719
932,3338,718
717,2013
1966,717
720
444,2944
723
727,728
728,180
180,724
731
2874,1178
732,731
2954,731
733
1239,733
738
763
2872,763
764,768
769,765
1043,2874
2219,771,1729
786
739,743,744
448,798
743,739
738,757
799,1803
803
776
2831
2834
2780,2409,2404,2464,2411,2413,2930,2789,2410,2503,1878,2412,657,2847,2787,2369,2504,2565,1927,2841,1188,1975,856,2405,785,2772,1056,1054,1780,2535,2929,2912,1055,2370,2393
1669,811
811,2869
816
816,820
820
822
825
828
653,831,2231
1932,832
833
835
836
842,1932
3029,1798,3030,568
846
847
349,350
2450,849
852
854
855
1630,862
174,863
867
869,447
1847,1846,877
2619,1946,1945
675,879,878
881,1847,1846
1945,1946,1807,2
883,882,675
1945,713
885,888,675
1847,887,1846
890,892,895
898
898,3386
2696
2702
904
905
905,3394
906
907,905
905,908
3393,908
909
917
1752,931
931
369,988,933,3343
3343,3310,933,988
934
935
938
944
946
3105,985
951
952
955
959
965,1028
965,966
965
966
967
623,621
1507,972
976
180,976
982
985
986
987
988
3119,988
994
996
997
998
1002
1027
962,963
1030
1649,966
154,1028
2577,1031
1031,3313
2286,1034
2812,1028
1035,2286
1035,2264
1035,2593
1035,3210
2264,1036
1037
1038
1039
1045
1045,1783
1807,1045
1045,2685
1046
1048
1051
1061
1061,1541
1077,196
1128,1713
196,1098
1099,196
1137,1136
1134,1707
1698,1134
1136,1703
1700,1699
1140,1138
1104,196
1141,1718,1719
717,484
1106,196
1701,1142
1146
1150
1151
1152
1157
1162
1163,1164
1582,2650,1165
1170,1167
1170
1177
1181,1185,1182,1184
1183,180
1503,1192,1208
1202,1500,1194
2921,1209
1210,3343
1498,1197,1205
1501,1206,1198
1218
1222,1224,1220,1223,1225
1222
1226
1227,1226
1227
1229
1178,2874,1735,3396
1231
1235
1237
1241
1243
1245
1247
1249
1251
1253
1257,1267
1265,1255
1262,1259
1263,1260
3126,1260
2586,1255,1266
3204,1255,1266
3206,1266,1255
1261,2805
1262,2806
1264
1264,2585,1646
1648,1265
3392,1265
2849,1264
1267
1268
1269
1269
1270,1273
1271
3021,3026
3192
1270,1280
1270,1278
1275,2543
1277,1270
1270,3128
1281,1279
1282
1288,1282,1313
1314,1289,1282
3289,1314,1282
2576,1283
1283,3202
1284,1286
1285,1288,1313
1287,1646
1297
1299
1301
1301,1950
1301,3159,3157
533
1535,3133,1484,3134
1302,2574
3199,1302
3199,1321,3207
1303
1303
1311,1304
1305,1313
1306,1315
1315,1307
1308,3323
1309
1549,1378,389,381,2715,384,664,391,1763,1324,379,387,1522,1365,395,1940,1319,393,662,666,625,621
394,1320,1379,1366,385,1325,661,663,1377,383,390,388,622,380,1523,665,392,634,2712,1764,382,1550
1312
1312,2805
1319,812
1324,1319
3333,1330,1322
1323,2590
1329,1322
1324
1324,1434
1327
2805,1327
1332,1328
1331,1649
1334
1335,2581
1335,3315
1338,1646
2712,1377,1320,1379,1325
1384,2715,1322
1617,1619,860,2890,1614,1621
861,1616,2889,1618,1620,1613
1341,1334
1340,1334
1339
2805,1339
1341
1342
1343,1471,1468
3257,3252,3251,1343,3256
2500,1344
1344,2588
1344,3259
987,1345
946,1346
2560,1346
1344,3262
1467,1342,1470
1343,1470,1467
1359,1355,1352
1361
1363,1361,1353
1362
1363
1365,1372
1374,1370
1497,1371
1372
1497,1372
2505,1373
1374
1375
1414,1375
1418,1415,1375
2587,1376
1376,3323
1379
1380
1381
1382
1383
1940,1378
1389,1384
1386
1387
1388
1401,1388
1386,1405
1389
1574,1394
2749,1393
1924,1392
2749,1392,3232,1924
1391,1389
1389,1398
1406,1397
1400
1401
1405
1406
1408
1409
1409,1414
1410,1650
3266,1410
1411,2587
3207,1411
1418,1432,1409
1412
1646,1412
1418,1413
1419
1424,1419
1470,1420
1421,1472
1422,2580
3314,1422
1646,1423
1425
1430,1425
1313,1426
1314,1432,1425
1425,3247,1314
2265,1427
2587,1428
3323,1428
1646,1429
1430,1418
1433,1425
1434
1330,1326,1441
1326,3250,1328
2587,1436
1437,2590
1440,1326,1328
1438
1649,1438
1442
1414,1442
1442,1431
1442,1418,1432
1445
1361,1446,1362
1447
1416,1447,1314
2577,1448
3201,1448
1413,1447
1450
1450,812
1454,1538,1451
1451,1455,1537
3253,3299,1451
2587,1452,2574
1453
1453,1646
1464,1408,3290,1470,3256
1459,2593
1459,2500
3259,1459
1470,1463
1465,1470
2614,1461
3263,1461
1464,1408
1462,1467
1464
1646,1466
1651,1469
1478
1478,2231
1480
1480,618
1483,620
812,1319
1332,1484
2574,1321,2587
1332,1538,1484
1539,1484,1333
3199,1486,3208
1405,1489
1487,1400
1491,1488,1490
1492
1405,1493
1494
356,1496,1495
1496
3183,1496
1496,1494
680,1494
1474,1506
1507,1504
624,1649
1508
1508,1334
1940,1378,381,2715,1549,1522
2712,382,1550,1379,1377,1523
1516,1508
1509,1340
1510,2553
1511,1646
3256,1512
1514,1649
1517
1517
1518,1521
1521
1522
1524
1522,1531
1534,1522
1536,1527
3296,2813
1538,1527
1531
3379,3380,3390
1533,1531
1536
1647,1535
1541
1547,1541
1546
1546,1646
1548,2587
1548,3207
1551
1554,1470,1551
1473,1554,1551
1473,1551,3269
2596,1552
1552,3316
1553
1553,1646
1697,2949,3032
1560,1624
1561
1562
3362,942
2018,1564
3038,1577
1570,3146
1572
1572,3145
1574
3068,1574
1574,3070
3069,1574
717,440
1589,1580,1582,1581,1591,1588,1585,1590,1587
1582
1589
2762,1589
1595
113,1055
1839,1241,2179,2574,1646,2835
1595,1974
1595,2818
2836,1595
1596,1599
1602
3205,1591
2810,1604
1600,828
904,1595
1595,1582
2045,1595
1595,2202
1598,1595
1618,1610
3063,1611
1623
3268,1623
1625
1626,1218
1631,1628
1630,3074
867,186
874,186
1636
1620,1612
1460,1216
1643,2502
1646
1646,1649
2948,3391,3370,3008
1649
1650
1647,1767
1655
2857,2860,2853,2863,2858,2865,2855,2851,2854,2859,2861,2862,2864,2852
1661,2381
1662,1999
1660
1665,1664
1666
1669
2665,1689
1683,2665
1687,1685
2628,1689,3217,1677,2633
1671
1681
1682
1684
1686
1686,2665
3407,1686
1692
1693,2838
1698
1701
1702,2807
2807,1706
1713
1716
1718
1719
1720
548,1721
2916,2917
1733
1739
1739,708
1747
1749
1750
1783,1750
3078,1750
1752
638,1752
8,1754
1756,935
1759
1641,1219
1767
1653,1654
1772,1774,1775
196,1770
1778
1779
1783
1786,1785
409,1783
1792
1793
1794,2730
1796
1796,3056
1798
583,1798,935
1027,1801
1803
1807
1810,2650
1814
2939,1814
1821
1822
1826
1828,1826
1830
2568,1831
2759,1832
1836,1840,1841
1842
1848
2029,1848
1848,2751
1851,1846,1847
1852,675,254
886,884,880,1853
1854,939,940,941
1858
1858,2037
1769,1771
196,3061,2115
1067,1068
472,1872
1872,3053
1872,3054
3062,2115
1068,1645,1067
2641,338,1870,2644,201
1882
1883
426,871
847,1904
1905,803
1905
1923
1930
1931
1932
1934
848,116
2304,1936
1920,1919
160,1925
1925,159
2935,1925
1926,1929
1938,1935,54
1941
2703
1948,2872
1949
1950
1810,1943,2117
1953
1954
1960
1966
889,1967
1969
1968,1969
1974
1991,1983,1978,1987
1984,1988,1992,1979
1980,0
1993
801,676
2380,1997
1996,2380
3173,1996,2380
252,2000
2001,2748,1834
2003,605
2004,605
2001,3179,2748
3178,2001,2748
2049,2380
1998,2009
1723
2016,2015
2018
2019
2020
2021
106,178
2021,2022
2027
2021,2610
2028
786,3015,2028
2029
2031
2032
2037
2043
2046
2047
24,452,22,18,2717,20
1645,1871
2048,590
2050
2051
2052
2061,2059,2057,2054
2056
2054,2055
2057
2057,2430
2061
733,2061
2070
2075
707,2075
2076
2077
1768,2077
2083
2742
10,2804
2088
2094,2097
2093
2093
2096,2099,2093
2094,2097,2100
2095,492
2096
2098
1861,2036
1301,2102
2637,2103
2101,2391
2856,2104
2104,1301
2105
2106
2107
2109
2963,2961,3067
199,2109
2110,2109
2115
2117
2117,2137
2132,1025
2131
2137
2138
2148,2149
2150,2157
2154
2160,2158
2160
2168
2217,716
2174,675
2175,180
2181,2180
2179
2179,3268
2182
2195,2196,2194
198,646
2201
2202
2206
2212
2219
155,2322
2223,2493
2322,156
3079,2322
2322,3080
2593,2226
2231
2232
2241
2254
2255
2256
2257,2326
2268,2283,2281,2270,2276,2274,2266,2272,2278,2292,2290,2287,2285
2265
2279
638,2279
2282
2286
2265,2286
3279,2288
2286,3330
2275,2280,2282,2289,2271,2291,2269,2286,2267,2265,2277,2284,2273
2300
846,722
2309
2310
2311
2312
2316
3161,3173
3096,3094,3097
353,3116
3356,3355
2319
1736,1178,814
756,745,748,758,751,740,735,754
736,741
757,749,755,759,746,737,752,742
737,742
526
1864
959,2346
2346,1002
492,2093
2349
2350,2352
2351,1636
2721,2355
2356,959
2356,1002
2359
2360
5,2360
2363
2368,2367
2372
2375
2375,180
2381
2665,2390
3409
2389
2390
2391
2392
2394
2399,2398,2396
2400
2400
2397,180
2406
2414
1799,412
2421
2422
2427
2428
2430
2365,2366
2432,2956
2349,2357
2426,2425,2424
675,2437
2438,2685
2445,2448
2446,675
2447,2046,1934
2931,2446,675
2449
2456
2495,2496
2471,2460
2462
2462,2665
2950,657,2517
3194,0
2466
2469
2470
2478
2489
2492,2490
2493
2494
2498
2500
2501
1559,1558
2265,988
2505
442,2513,2512
2506,2619
2514
2516
2807,2516
2518
2520
2520
2521,2458
1759,948
2532
2533
2534
2536
2540
2541
2544,2549
2544
2545
2543,629
2546,835,836,659,2414
2543,629
2549
2550
2552
2554
2560
2583,2582
1276,2582
2587,2574
2587,2593,2574
2579,1943
2587,2591,2574,2590
2574,2587,2595
2582
2585
2587
2591,2587
1167,71,924,2895,2038,2386,1856,496,2160,1585,2549,2574
1754,1887,1060,1889,1892,2077,2190,1434,2662,1763,2668,1896,1351,2455,1522,2893,1750,894,1303,1358
925,1857,497,2550,1586,2039,2387,2161,72,2575,2896,1168
1888,1523,1755,1354,2661,2454,1886,2669,1895,1360,1059,1751,1309,2894,2078,1764,893,2189,1891,1435
2590
2591
2592,2594
860,1515,2068,2066
2065,1514,2067,861
2592,2574,2594,2587
2598
2790,2599
2600
2600,2778
2955,2601
2607
2608
2609
2609,1170
2611
2614
2471,2460,183
2172,2440,34,2892,843,2451,2238,2445,2119,112,2125,368,2302,2247,823,897,654,2001,2415,341,80,2916,2208,2200,2917,964,1144,2252,1174,761,133,2439,2134,488,276,975,2248,1557,1167,591,2244,77,2126,1897,46,2030,2251,2303,730,66,2239,104,2188,1882,2482,979,512,88,108,1175,2240,958,1917,2198,1005,876,2448,406,2481,74,995,1001,2249,721,1838,1066,217,275,2237,672,2253,641,2250,2246,791,335,63,608,639,2243,76,122,1170,2891,1188,588,2570,2091,1556,1145,2082,1228,824
2619
2295,1745,2605,2135,1855,2463,102,233,501,571,2526,670,671,141,2842,2524,279,2086,1696,75,2705,2525,1890,1773,26,64,1620,1613,2064,760,541,1062,482,89,2527,2793,546,2335,1899,2536,532,921,136,2073,2537,1746,1612,2750,2709,981,2293,461,1615,2645,1744,2528,1907,50,2361,2603,2529,2184,1148,2358,2791,51,142,762,460,774,466,442,2710,2338,1884,1189,143,561,2706,984,2177,502,500,554,1738,411,2879,983,857,2731
437,2623,436,430
2624,475
2628,2633,1833
2632,3137
2635,215
2628,1833,2633
2867,3357
2638
2639
2640
1687,2640
1688,2640
2642,2643
2644
2646,2719
2651,2647
2650
2650,1300
2514,2651
3015,2945
2625,183
2657
2659,1623,236
96,696,2048
2664
2764,2664
3407
2666
2683
2435,1052,1179,1044,1639
12,11
408,2685,1783
2446,2685
2685,891
12,2691
3076,2688
26,982,2694
2691,2682
3060,1807,802,700
2692,2693
1634,1003
2702,2696
2700
2701,2698
2711
2713
2714,2731
2731,2714
21,17,19,2716,23,451
2721
2724
2728,2725,2731
2731
2734
2740,2734
2740
2718,2758,2754
2754,2718,1668
2749
2751
2755,1691
2755,2759
2755,2958
2757
1830,2757
2757,3407
2759
1817,2759
2759,3033
2759,3034
3142,2761
2759,3093
2759,3129
2759,3131
2686,1941
2769,438
2768
2770
3396,2771,1931
2665
2766,508
2772
2777,2784
2790
2801
2607,2801
2804
2804,2021
2805
2807
1798,978,2075,1801,2566,2720,654,2197,2211,531,342,573,662,488,902,926,77,1555,526,2328,641,640,2327,2298,2919,655,196,652,1042,1158,127,912,721,339,672,1893,2127,115,2230,1795,76,1894,1787,2654,1865,126,991,2286,1228,961,2133,607,2063,2670,2071,2011
1242,1254,1597,1603,2402,1563,2914,826,2053,694,53,956,1579,2457,2429,1252,1246,1918,1248,1238,2242,1244,1236,1232,235,1250
1529
2265,2813
2813,2549
3313,2813
2815,2813
2816
2818
2833,2832
2836
2837,2840
2840,1677,2837
2846
2849
2827,2828,2821,2829,2824,2830,2825,2823,2819,2826,2423,2817,2820,2822
1689,1817
2868,907
2850,2866
808,2850
2872
2878
2877,2879
2884
2137,435,2884
2888,2886
2889
2899
2899,322
2901,1944
200,2137,2903,2347
2913
2915
3306
2922,184
2922
2923
1180,1047
2931
158,236,3103
1677,1673,2630
2628,3217,1677,2633,1673
1583,2938
2934,1676
2390,2665,852,363
369,162
638,162
162,986
1752,162
2494,162
162,2518
2519,162
2554,162
162,2614
162,3244
681
1645,1871,343
2945
2947
2951
2953,2955
2955
2956
2758,2756
875,186
3124,186
2614,2998
2998,3114
2999,2137,2885
2137,2999,3141
2999,3243
3003,3009
3002
3004
67,803
1229,1230
1789,1051
3013,647
2924,2925
2390,3014,2392
3014,3344
3014,3156
3015,1582
132,3399
3399,1567
3016,2640
3017,3150
2651,3017
1589,3018
3406,534
3031
3035,3145
3146,3035
2839,3037
2838,3042,1689
3042,1689
2759,3089
2839,3041
3040,2637
3036,1575
1576,3037
3043
3044
1611,2889
2683,3025
3049,2846
3055,2739
3061,689
3063
3064
3065
3066
2935,1937
1937,159
160,1937
3071
3073
3074
3075
26,3077
3078
3082
3196,3082
2137,3083,3293
2142,3084
3088,2759
3184
3189,3238
3153,3152
3088,3146
3095
3098
3184,3098
3105
3106
2137,2887,3110,3282
2137,3243,2347,3110
3107,2092
236,3110,2137,2887
2137,3276,236,3110
3196,3106
3108,2178,949
3110,2885
3110,2660,2137,2885
3110,2137,2885,3091
2137,2885,3110,3241
3116
3283,2725
3188
2884,3113
3222,3144
3146,3222
3129
1689,3129
2637,3130,1677
3130,3217,1677,2628,2633
2759,2763
3144,3129
3129,3145
2168,3132
3104
3169,3166
3278,3214,3219
3326,3101
3140,3139
2761,3142
714,3143
3232,3068
3232,3069
3232,3070
3149,2118
2137,3148
3151
3153
533,3159,1301
1680,3159,533
3163
3166
3171
3171,2381
3173,1999
3180
3180
3181
3183
3184
3185
3186
3187
3189
3190
3191
2748,3193,3178
3195
3195,2880
3284,989
3199
1276,1274
3200,2154,2611
3192
3318,1276
3199,3208
3207
3210
3308,3309
3098
605,3211
1268,3212
3213
3229
3224
3224
3225,205
1690,3227
3228,2630
2760,3227
3230
3233
3235
3238
3127,1260
3245,200,2137,2347
3311
3209,3324,15
3260,2545
2550,3260
3304,3323
2137,2347,3264,200
3267,948
3270,2137
3271,2182
3272,435,2137
3275,2621
199,1753,3281
3284
3301
3304
3306
3306
3306,3311
3311
3324,3302,3312
3323,3311,3301
3304,3323,3311
3323,3311
3323
3323
3324,3302
3323,3301
3306,3323
3328
3329,188
3332
3334
716,3337
3170,3339
169,3339
2381,2006
959,3058
3058,1002
3341,2349
2005,2381
2143,2144,2146
3274,2265
1169,3235
564,558
559,565
3346,3114
2182,3347
3328,3347
1872,1139
2304,936
937,2304
2317,932,198
184,3294
3354
3090,3211
3105,3332
3221,1578
3221,3146
3361
3372
3373,3371
2636,3374
3375
3386
3364,3385,2960,3359,3382,3388,3352
3395
3411,3410
2683,2684
16,3398
1848,3399
3401,1686
3402,2652
2651,3402
3401,2107
2390,3401,852
3404,364
2757,3401
3399,1566
2664,3397
3407,1689
2390,3407
3407,2759
2628,2634,3217,1677,3408
1833,2628,2634,1677,3408