814,166,-1.0
71,11,-1.0
609,125,-1.0
203,15,1.0
1095,60,-1.0
517,416,1.0
98,416,1.0
702,40,1.0
169,374,1.0
294,274,1.0
622,113,-1.0
1154,312,-1.0
145,111,1.0
877,357,-1.0
897,223,1.0
806,46,-1.0
682,304,-1.0
806,135,-1.0
408,59,1.0
67,481,-1.0
113,437,1.0
248,334,1.0
850,205,0.0
966,511,-1.0
1129,317,1.0
1039,224,-1.0
1181,135,1.0
512,87,-1.0
399,245,-1.0
765,388,0.0
774,310,1.0
487,279,1.0
517,157,1.0
255,201,-1.0
806,320,-1.0
517,333,1.0
365,474,-1.0
334,521,1.0
1136,238,-1.0
238,140,-1.0
165,396,-1.0
418,475,-1.0
786,66,-1.0
537,512,-1.0
828,16,1.0
806,525,-1.0
889,123,-1.0
130,63,-1.0
73,360,-1.0
727,398,-1.0
26,65,1.0
788,104,1.0
837,242,1.0
273,398,1.0
247,183,-1.0
798,462,-1.0
833,177,-1.0
1071,211,-1.0
295,447,-1.0
648,46,-1.0
497,121,-1.0
717,13,1.0
676,423,-1.0
1040,164,1.0
176,13,0.0
1036,359,1.0
601,175,-1.0
602,316,1.0
332,244,1.0
499,485,-1.0
152,19,1.0
132,170,1.0
517,533,1.0
517,229,1.0
990,146,-1.0
571,138,1.0
973,454,-1.0
8,69,1.0
116,311,1.0
516,517,1.0
1133,452,-1.0
806,338,-1.0
1189,471,-1.0
1078,104,0.0
710,260,-1.0
517,494,1.0
1105,63,-1.0
463,412,-1.0
517,499,1.0
806,139,-1.0
697,486,-1.0
808,455,1.0
874,175,1.0
905,373,1.0
806,450,-1.0
38,10,1.0
260,339,1.0
160,461,-1.0
88,31,1.0
500,401,-1.0
380,407,0.0
927,393,-1.0
320,192,1.0
1123,192,-1.0
517,319,1.0
806,451,-1.0
89,91,-1.0
1161,488,-1.0
32,440,-1.0
223,348,1.0
659,403,-1.0
1054,35,-1.0
623,456,-1.0
1042,221,-1.0
330,136,-1.0
1162,74,1.0
1088,240,-1.0
234,179,-1.0
898,486,1.0
1077,287,-1.0
6,332,1.0
530,76,1.0
517,381,1.0
953,207,1.0
778,249,-1.0
208,270,-1.0
573,462,-1.0
426,533,-1.0
785,394,-1.0
187,522,1.0
806,250,-1.0
144,301,1.0
686,396,1.0
955,292,-1.0
285,31,-1.0
997,495,-1.0
939,492,-1.0
428,469,-1.0
1094,436,0.0
517,404,1.0
330,302,-1.0
365,79,-1.0
676,151,1.0
420,54,-1.0
284,195,-1.0
293,294,1.0
517,273,1.0
884,503,1.0
907,36,-1.0
1178,504,-1.0
757,265,1.0
517,518,1.0
1158,30,1.0
715,525,1.0
1041,129,-1.0
515,106,-1.0
0,328,1.0
517,359,1.0
806,330,-1.0
719,407,-1.0
858,348,0.0
265,82,-1.0
1000,422,-1.0
513,93,-1.0
294,101,1.0
1006,230,1.0
785,98,1.0
806,416,-1.0
76,427,1.0
771,523,-1.0
666,71,1.0
346,77,1.0
1063,434,1.0
886,258,-1.0
906,290,1.0
969,268,-1.0
182,154,1.0
997,289,-1.0
166,464,-1.0
602,370,-1.0
63,208,-1.0
612,142,-1.0
1138,268,1.0
998,89,-1.0
52,121,1.0
309,23,-1.0
662,355,1.0
513,52,1.0
806,333,-1.0
954,311,-1.0
22,259,0.0
149,272,1.0
269,393,1.0
54,54,1.0
819,507,-1.0
834,401,-1.0
186,436,1.0
68,244,-1.0
462,171,-1.0
148,448,-1.0
1180,373,-1.0
517,481,1.0
517,37,1.0
82,206,1.0
229,215,-1.0
997,426,-1.0
555,58,1.0
1181,58,1.0
527,351,1.0
252,376,1.0
436,109,1.0
711,418,-1.0
1188,442,-1.0
438,70,-1.0
815,374,-1.0
806,533,-1.0
806,229,-1.0
18,503,-1.0
1069,64,-1.0
636,42,-1.0
106,482,-1.0
294,484,1.0
257,152,-1.0
210,121,-1.0
1129,365,-1.0
937,86,-1.0
679,405,1.0
264,283,1.0
30,11,1.0
567,169,1.0
863,272,-1.0
500,232,-1.0
658,55,-1.0
650,198,-1.0
621,358,-1.0
517,362,1.0
298,48,1.0
960,429,-1.0
310,262,1.0
713,353,-1.0
4,304,1.0
42,502,1.0
602,137,-1.0
735,417,1.0
51,4,-1.0
1020,88,-1.0
202,399,-1.0
935,47,-1.0
1023,388,1.0
530,159,1.0
806,319,-1.0
183,409,1.0
63,434,-1.0
216,25,-1.0
517,413,1.0
914,90,0.0
348,90,-1.0
209,51,1.0
596,39,1.0
1102,265,-1.0
173,125,-1.0
952,196,-1.0
343,455,1.0
339,239,1.0
581,404,1.0
796,402,-1.0
517,519,1.0
1007,222,1.0
358,266,-1.0
543,387,1.0
1163,336,-1.0
689,514,1.0
167,422,0.0
311,225,-1.0
1038,107,1.0
536,181,1.0
1179,94,-1.0
549,470,-1.0
152,216,-1.0
517,131,1.0
460,74,-1.0
66,327,-1.0
564,518,1.0
523,184,1.0
806,273,-1.0
466,424,-1.0
806,518,-1.0
848,68,1.0
335,482,0.0
693,175,-1.0
517,435,1.0
301,130,-1.0
387,199,-1.0
806,359,-1.0
823,271,1.0
865,493,-1.0
562,364,1.0
29,380,-1.0
913,524,-1.0
618,122,1.0
1124,467,1.0
445,245,-1.0
304,302,1.0
807,406,-1.0
1061,26,-1.0
1056,135,1.0
268,161,-1.0
256,163,1.0
726,323,-1.0
57,109,-1.0
837,242,-1.0
535,366,-1.0
733,148,-1.0
156,341,-1.0
174,152,1.0
1114,477,1.0
1106,520,1.0
295,293,1.0
842,214,1.0
524,132,1.0
853,373,1.0
1138,367,-1.0
1049,371,-1.0
974,494,1.0
1052,28,-1.0
671,392,-1.0
205,101,1.0
903,35,1.0
764,144,1.0
69,34,1.0
1078,53,1.0
1103,258,1.0
951,202,1.0
585,532,1.0
550,338,-1.0
506,356,-1.0
137,400,1.0
414,282,-1.0
1093,341,1.0
207,266,-1.0
44,85,1.0
470,429,1.0
517,399,1.0
1159,294,-1.0
824,100,-1.0
626,432,1.0
806,302,-1.0
1163,513,-1.0
783,292,1.0
680,340,1.0
70,461,1.0
565,293,-1.0
490,254,1.0
803,249,1.0
806,481,-1.0
48,356,-1.0
806,37,-1.0
1145,162,1.0
534,497,-1.0
691,517,-1.0
517,48,1.0
754,402,-1.0
296,117,1.0
1181,302,1.0
85,476,0.0
143,305,1.0
191,8,1.0
837,108,-1.0
1028,41,-1.0
517,253,1.0
94,1,-1.0
20,477,0.0
459,240,1.0
676,449,1.0
288,127,-1.0
875,38,-1.0
518,227,-1.0
987,281,1.0
517,10,1.0
672,460,-1.0
409,361,0.0
1016,349,-1.0
427,246,-1.0
683,433,-1.0
942,127,1.0
105,125,1.0
827,395,-1.0
961,228,-1.0
1071,172,1.0
1118,452,-1.0
1104,218,-1.0
687,82,1.0
806,380,-1.0
806,362,-1.0
999,7,-1.0
912,446,-1.0
517,159,1.0
1175,269,1.0
117,365,-1.0
388,457,-1.0
517,283,1.0
505,347,-1.0
143,502,-1.0
48,40,0.0
821,316,1.0
430,342,1.0
718,508,-1.0
637,516,1.0
741,265,-1.0
328,124,-1.0
806,413,-1.0
915,292,-1.0
321,287,-1.0
23,67,1.0
195,367,-1.0
15,72,1.0
325,329,1.0
908,257,1.0
517,463,1.0
1130,344,1.0
517,528,1.0
344,337,-1.0
24,483,1.0
144,95,-1.0
656,156,1.0
547,296,1.0
806,519,-1.0
346,136,-1.0
1006,230,-1.0
171,256,-1.0
412,282,-1.0
860,421,1.0
859,259,1.0
1116,209,1.0
262,417,1.0
1131,523,-1.0
649,342,1.0
806,131,-1.0
181,185,1.0
225,255,-1.0
522,238,1.0
220,145,-1.0
370,371,1.0
877,289,1.0
360,268,1.0
575,534,1.0
21,401,1.0
806,218,-1.0
1026,62,-1.0
1155,500,-1.0
641,277,1.0
346,302,-1.0
752,300,-1.0
517,274,1.0
806,435,-1.0
472,133,0.0
638,200,1.0
812,390,1.0
587,146,1.0
929,306,1.0
931,505,-1.0
432,168,-1.0
1156,316,1.0
413,333,1.0
48,182,-1.0
517,239,1.0
377,243,1.0
921,3,-1.0
333,18,-1.0
517,9,1.0
501,103,-1.0
802,132,-1.0
517,152,1.0
188,200,-1.0
517,425,1.0
1113,424,1.0
1168,51,0.0
379,324,1.0
1170,180,0.0
391,40,0.0
793,321,-1.0
22,222,0.0
349,25,-1.0
958,50,-1.0
837,379,1.0
287,165,0.0
769,288,1.0
323,491,-1.0
363,453,-1.0
552,438,1.0
546,310,1.0
1024,478,-1.0
517,436,1.0
772,373,1.0
485,375,-1.0
829,500,1.0
345,531,-1.0
398,151,-1.0
1164,479,-1.0
318,430,-1.0
787,153,-1.0
221,413,1.0
1012,399,1.0
968,14,1.0
503,382,-1.0
107,284,-1.0
1168,7,0.0
417,188,-1.0
847,480,1.0
140,287,1.0
58,161,1.0
883,290,-1.0
633,291,0.0
449,82,-1.0
1092,212,1.0
60,462,1.0
806,253,-1.0
216,165,-1.0
101,114,-1.0
22,244,0.0
766,176,-1.0
240,316,1.0
452,126,-1.0
1009,102,1.0
342,198,-1.0
1076,275,-1.0
943,512,1.0
53,308,-1.0
806,10,-1.0
1,350,1.0
975,334,-1.0
159,427,-1.0
676,141,-1.0
300,393,0.0
517,410,1.0
368,354,1.0
892,530,1.0
391,182,1.0
640,51,-1.0
1100,205,1.0
806,522,-1.0
605,114,1.0
204,463,0.0
419,213,1.0
956,445,-1.0
36,433,1.0
543,387,-1.0
985,195,1.0
771,456,-1.0
983,378,1.0
389,167,1.0
161,197,-1.0
916,484,1.0
806,283,-1.0
676,193,-1.0
523,184,-1.0
1072,510,-1.0
1134,233,1.0
594,132,-1.0
909,251,-1.0
806,328,-1.0
703,131,1.0
900,352,1.0
178,419,1.0
899,345,1.0
578,80,-1.0
404,335,-1.0
306,321,-1.0
395,505,-1.0
150,318,-1.0
716,463,1.0
806,58,-1.0
647,294,-1.0
1137,252,-1.0
517,491,1.0
1108,96,-1.0
660,527,1.0
1091,83,1.0
584,268,1.0
668,473,-1.0
855,116,-1.0
132,158,-1.0
373,183,1.0
724,396,-1.0
762,14,-1.0
78,219,-1.0
746,141,-1.0
16,405,-1.0
1182,428,1.0
139,156,1.0
900,204,1.0
439,322,-1.0
294,80,1.0
22,210,0.0
570,487,1.0
639,377,-1.0
617,342,1.0
517,368,1.0
878,258,-1.0
12,269,1.0
872,494,-1.0
1100,521,-1.0
670,423,1.0
167,11,0.0
201,452,1.0
676,328,-1.0
457,79,1.0
722,407,-1.0
430,122,1.0
836,150,-1.0
1176,219,-1.0
951,202,-1.0
962,513,1.0
806,499,-1.0
486,16,-1.0
316,466,1.0
1117,441,1.0
806,130,-1.0
184,316,1.0
765,134,1.0
514,234,-1.0
81,36,-1.0
933,389,-1.0
523,224,1.0
525,143,-1.0
294,141,1.0
607,129,-1.0
705,468,-1.0
950,115,-1.0
107,294,-1.0
806,239,-1.0
606,407,1.0
520,309,-1.0
351,449,1.0
83,12,1.0
723,294,-1.0
40,515,-1.0
789,532,-1.0
873,105,-1.0
1145,162,-1.0
876,2,1.0
881,227,-1.0
517,24,1.0
750,418,0.0
1139,87,1.0
806,152,-1.0
806,425,-1.0
979,348,-1.0
680,78,0.0
719,354,-1.0
401,128,-1.0
701,231,1.0
242,381,1.0
279,248,1.0
921,431,-1.0
936,313,1.0
195,268,1.0
1070,153,1.0
335,280,0.0
870,372,-1.0
734,361,0.0
1103,156,-1.0
1057,443,1.0
493,533,-1.0
1030,498,1.0
647,6,-1.0
806,436,-1.0
183,164,-1.0
664,493,-1.0
586,155,1.0
709,191,-1.0
1166,411,-1.0
835,226,1.0
598,450,-1.0
744,529,-1.0
698,38,1.0
192,215,1.0
458,13,-1.0
817,443,-1.0
1084,61,-1.0
1025,325,-1.0
737,283,-1.0
491,52,-1.0
1136,112,-1.0
232,104,-1.0
1029,314,-1.0
359,120,-1.0
580,58,-1.0
3,149,1.0
629,383,1.0
101,252,-1.0
959,36,1.0
1096,407,0.0
1046,458,0.0
791,335,-1.0
517,429,1.0
849,382,1.0
806,410,-1.0
760,297,1.0
443,45,-1.0
610,247,1.0
259,130,-1.0
43,211,0.0
725,435,1.0
235,210,-1.0
326,416,-1.0
1015,371,-1.0
478,85,-1.0
168,262,-1.0
818,252,1.0
517,300,1.0
526,25,1.0
732,160,1.0
494,78,1.0
517,223,1.0
1001,291,-1.0
11,159,-1.0
806,458,-1.0
725,339,-1.0
879,197,1.0
0,274,1.0
806,157,-1.0
72,110,1.0
457,42,1.0
517,263,1.0
340,460,-1.0
646,133,1.0
825,220,1.0
1065,54,-1.0
893,96,1.0
806,196,-1.0
119,361,-1.0
809,59,-1.0
275,199,1.0
46,465,1.0
840,464,1.0
350,88,1.0
1005,247,-1.0
1153,9,-1.0
806,294,-1.0
280,324,-1.0
1189,392,-1.0
517,294,1.0
742,401,-1.0
351,241,1.0
294,189,1.0
1125,33,-1.0
1143,441,-1.0
272,185,-1.0
48,444,1.0
90,108,1.0
533,420,-1.0
352,32,-1.0
278,303,1.0
396,373,1.0
1151,484,-1.0
932,251,1.0
1034,2,-1.0
517,487,1.0
517,515,1.0
706,499,-1.0
397,198,1.0
538,17,1.0
616,365,1.0
170,326,1.0
930,170,-1.0
347,472,1.0
1107,360,1.0
200,381,-1.0
1027,181,-1.0
1040,57,-1.0
353,23,1.0
468,407,0.0
87,139,-1.0
972,150,1.0
471,410,1.0
661,174,-1.0
806,494,-1.0
676,212,-1.0
346,466,-1.0
681,9,1.0
86,446,1.0
781,392,1.0
188,190,1.0
1058,304,-1.0
496,318,1.0
806,393,-1.0
241,477,-1.0
753,226,-1.0
597,81,-1.0
481,66,-1.0
867,296,-1.0
777,279,-1.0
806,24,-1.0
253,44,-1.0
644,526,1.0
364,179,0.0
33,159,0.0
792,113,1.0
1054,534,-1.0
517,344,1.0
1033,430,1.0
806,2,-1.0
830,344,-1.0
302,366,-1.0
1074,316,1.0
699,384,1.0
704,136,-1.0
864,210,1.0
1152,375,1.0
423,62,1.0
647,317,-1.0
759,111,-1.0
589,119,1.0
1050,354,-1.0
199,248,-1.0
448,350,1.0
185,277,-1.0
394,368,1.0
61,453,1.0
755,489,1.0
212,189,0.0
1157,81,1.0
751,506,-1.0
806,313,-1.0
383,105,-1.0
623,523,-1.0
274,174,1.0
517,313,1.0
464,28,1.0
569,308,0.0
7,467,-1.0
389,424,1.0
676,80,-1.0
645,531,0.0
1048,101,-1.0
651,149,-1.0
810,298,-1.0
756,459,-1.0
226,499,1.0
879,172,1.0
862,205,-1.0
243,190,1.0
1064,253,-1.0
703,169,-1.0
517,299,1.0
604,235,-1.0
992,469,1.0
14,308,0.0
740,168,1.0
887,270,-1.0
366,338,1.0
367,465,-1.0
663,273,-1.0
900,352,-1.0
627,10,-1.0
155,408,1.0
1062,449,-1.0
242,496,1.0
309,1,-1.0
631,84,-1.0
1097,245,1.0
745,402,1.0
517,160,1.0
1098,20,1.0
806,206,-1.0
517,28,1.0
10,329,-1.0
196,397,1.0
129,61,1.0
517,206,1.0
360,305,-1.0
517,382,1.0
676,401,1.0
372,70,-1.0
806,245,-1.0
910,27,-1.0
869,68,-1.0
980,91,-1.0
776,391,-1.0
357,50,1.0
1126,63,1.0
135,178,1.0
492,171,1.0
45,161,1.0
381,43,1.0
825,428,1.0
517,353,1.0
220,397,-1.0
595,438,-1.0
59,477,1.0
1046,208,1.0
177,268,1.0
834,29,1.0
511,122,1.0
806,263,-1.0
74,256,1.0
61,30,-1.0
1017,312,1.0
405,173,1.0
517,150,1.0
528,388,-1.0
206,310,-1.0
885,484,-1.0
868,417,-1.0
1011,533,1.0
25,24,1.0
77,151,1.0
556,458,-1.0
146,470,1.0
1031,188,1.0
676,190,-1.0
707,532,1.0
517,411,1.0
1082,266,1.0
232,6,1.0
151,2,-1.0
978,372,-1.0
838,433,-1.0
806,487,-1.0
673,327,1.0
806,515,-1.0
517,520,1.0
118,264,0.0
365,339,0.0
518,196,1.0
561,468,1.0
263,2,-1.0
984,174,1.0
186,501,-1.0
635,0,-1.0
831,345,-1.0
1046,528,0.0
861,19,-1.0
39,436,1.0
1002,425,-1.0
303,393,0.0
517,76,1.0
574,472,-1.0
433,506,1.0
619,406,1.0
676,70,1.0
1109,483,-1.0
319,342,-1.0
747,314,1.0
880,258,1.0
1149,497,1.0
217,299,-1.0
437,179,1.0
517,459,1.0
989,81,-1.0
1110,178,1.0
696,515,1.0
111,217,-1.0
517,20,1.0
411,18,1.0
422,105,1.0
801,89,1.0
390,95,1.0
371,302,-1.0
806,404,-1.0
44,407,0.0
1037,308,1.0
495,321,1.0
489,484,1.0
222,505,1.0
760,297,-1.0
1069,509,1.0
785,98,-1.0
642,112,1.0
91,456,-1.0
610,247,-1.0
517,377,1.0
12,421,-1.0
517,39,1.0
118,476,0.0
851,90,0.0
107,414,-1.0
806,138,-1.0
806,299,-1.0
976,158,1.0
602,439,1.0
402,193,1.0
31,191,-1.0
891,236,1.0
75,110,-1.0
304,58,1.0
634,489,-1.0
957,16,0.0
447,233,-1.0
465,364,-1.0
1054,414,-1.0
517,440,1.0
811,411,1.0
806,160,-1.0
1073,477,1.0
102,101,1.0
378,254,-1.0
676,272,1.0
189,34,-1.0
583,294,-1.0
1021,237,-1.0
1099,237,-1.0
479,222,-1.0
813,37,-1.0
806,382,-1.0
806,9,-1.0
1119,91,1.0
1080,385,1.0
888,351,-1.0
351,241,-1.0
1101,216,1.0
653,412,1.0
1144,455,-1.0
266,490,1.0
461,194,1.0
48,444,-1.0
643,316,-1.0
322,362,1.0
722,165,1.0
582,99,-1.0
748,247,1.0
34,134,-1.0
1120,97,0.0
307,14,-1.0
630,296,-1.0
141,246,-1.0
806,353,-1.0
170,326,-1.0
993,172,-1.0
885,275,1.0
1043,78,-1.0
175,303,0.0
997,426,1.0
473,57,1.0
276,261,-1.0
453,403,-1.0
544,458,1.0
712,185,-1.0
806,150,-1.0
17,436,-1.0
894,323,1.0
99,4,-1.0
343,378,-1.0
158,442,1.0
361,130,1.0
521,517,0.0
590,5,-1.0
1069,64,1.0
22,65,0.0
676,167,-1.0
163,5,1.0
502,318,-1.0
139,50,-1.0
148,12,-1.0
1026,394,1.0
839,92,1.0
95,473,-1.0
1039,514,1.0
125,49,-1.0
79,451,-1.0
708,203,1.0
133,428,-1.0
517,250,1.0
198,307,-1.0
500,232,1.0
982,492,1.0
183,409,-1.0
685,514,-1.0
400,282,1.0
1075,477,1.0
806,520,-1.0
1032,75,-1.0
233,442,-1.0
628,234,-1.0
390,40,-1.0
500,258,1.0
723,457,-1.0
558,256,-1.0
236,451,1.0
469,408,-1.0
536,255,1.0
13,246,1.0
977,354,-1.0
988,430,-1.0
410,212,-1.0
120,147,1.0
1167,259,-1.0
688,465,-1.0
474,360,-1.0
991,247,1.0
19,460,1.0
154,407,0.0
255,77,1.0
816,355,-1.0
131,122,1.0
1055,186,-1.0
548,364,-1.0
517,176,1.0
941,324,-1.0
281,264,1.0
1090,453,-1.0
517,187,1.0
622,501,0.0
517,307,1.0
1183,400,-1.0
308,276,1.0
517,207,1.0
267,237,1.0
188,288,-1.0
1081,208,-1.0
1187,44,1.0
934,340,-1.0
643,116,1.0
108,315,-1.0
996,229,1.0
250,364,-1.0
476,127,-1.0
740,168,-1.0
341,168,1.0
806,459,-1.0
1174,416,0.0
930,495,1.0
103,21,1.0
242,496,-1.0
806,20,-1.0
823,271,-1.0
919,273,1.0
806,528,-1.0
1071,120,-1.0
1150,359,-1.0
324,33,1.0
517,345,1.0
304,136,1.0
922,148,1.0
6,303,-1.0
1098,231,-1.0
944,336,1.0
27,177,-1.0
895,49,1.0
327,420,-1.0
806,377,-1.0
231,126,1.0
806,39,-1.0
1047,256,-1.0
806,368,-1.0
1003,3,1.0
852,117,-1.0
475,58,1.0
1022,322,-1.0
1018,214,-1.0
517,17,1.0
237,119,-1.0
434,74,-1.0
134,531,1.0
684,179,0.0
215,75,1.0
834,29,-1.0
1004,96,-1.0
1140,105,0.0
49,163,-1.0
896,52,1.0
806,440,-1.0
405,173,-1.0
291,407,0.0
128,362,-1.0
374,226,-1.0
517,147,1.0
180,407,0.0
948,350,-1.0
790,315,1.0
579,298,1.0
157,38,-1.0
1135,7,1.0
124,213,-1.0
429,342,1.0
806,136,-1.0
947,350,-1.0
1057,489,0.0
317,422,1.0
731,65,-1.0
241,358,1.0
857,403,1.0
561,181,1.0
1182,220,-1.0
197,20,-1.0
772,310,1.0
517,450,1.0
1181,136,1.0
1184,478,1.0
834,285,-1.0
854,523,1.0
517,522,1.0
970,456,1.0
172,335,1.0
1079,26,-1.0
286,482,1.0
124,389,1.0
55,467,-1.0
110,416,0.0
221,76,1.0
517,69,1.0
292,70,1.0
1165,73,1.0
761,454,-1.0
763,66,1.0
418,285,1.0
986,163,-1.0
517,61,1.0
1090,201,1.0
114,407,0.0
477,386,1.0
806,484,-1.0
271,29,1.0
230,183,-1.0
446,308,1.0
775,43,-1.0
523,233,0.0
1068,115,1.0
437,124,-1.0
667,118,1.0
1060,187,1.0
1016,349,1.0
480,367,-1.0
488,133,-1.0
961,228,1.0
213,21,-1.0
518,437,-1.0
738,231,-1.0
591,189,1.0
1146,323,0.0
882,129,1.0
917,447,-1.0
767,487,-1.0
294,328,1.0
304,135,1.0
121,186,1.0
352,100,1.0
441,425,1.0
41,284,1.0
588,225,-1.0
451,180,1.0
806,429,-1.0
109,525,-1.0
517,346,1.0
482,438,-1.0
100,141,1.0
806,159,-1.0
692,117,1.0
407,73,-1.0
406,374,-1.0
281,51,1.0
489,484,-1.0
498,488,1.0
1147,68,-1.0
613,251,-1.0
244,445,-1.0
122,37,1.0
270,86,1.0
805,331,-1.0
806,176,-1.0
822,247,-1.0
218,203,-1.0
1113,80,1.0
806,187,-1.0
971,236,0.0
112,476,-1.0
806,223,-1.0
329,102,1.0
806,307,-1.0
685,299,1.0
806,207,-1.0
1045,84,1.0
918,277,-1.0
945,454,1.0
625,504,-1.0
674,439,1.0
1053,140,1.0
665,178,-1.0
1107,154,-1.0
797,491,1.0
529,393,-1.0
843,295,-1.0
844,325,1.0
62,47,1.0
214,55,1.0
22,249,0.0
282,332,-1.0
115,301,-1.0
1008,363,1.0
963,350,-1.0
362,269,-1.0
1000,11,-1.0
624,102,-1.0
779,311,-1.0
9,332,-1.0
799,157,1.0
539,485,1.0
517,386,1.0
711,325,-1.0
795,361,1.0
314,508,1.0
806,345,-1.0
595,334,0.0
593,405,-1.0
558,18,-1.0
571,273,-1.0
243,90,-1.0
720,236,-1.0
1039,42,1.0
841,44,-1.0
892,532,1.0
60,236,0.0
845,459,1.0
461,194,-1.0
456,347,-1.0
1086,398,1.0
964,223,-1.0
99,306,-1.0
1171,163,-1.0
806,17,-1.0
1181,320,1.0
910,93,1.0
576,60,1.0
721,260,1.0
153,461,-1.0
507,139,1.0
904,275,-1.0
517,470,1.0
1127,46,1.0
435,21,-1.0
531,218,1.0
272,316,1.0
837,379,-1.0
214,119,-1.0
566,153,-1.0
487,129,0.0
657,217,1.0
1121,516,-1.0
489,307,1.0
532,527,-1.0
84,343,1.0
654,432,-1.0
728,319,-1.0
965,300,1.0
354,133,-1.0
1122,527,-1.0
519,420,1.0
1169,308,0.0
611,507,1.0
920,155,-1.0
123,257,-1.0
517,490,1.0
866,442,0.0
440,469,-1.0
80,16,0.0
577,217,-1.0
64,270,1.0
540,22,-1.0
517,327,1.0
614,533,1.0
283,50,-1.0
42,367,-1.0
820,499,-1.0
806,399,-1.0
1141,110,-1.0
509,114,-1.0
773,445,1.0
806,69,-1.0
355,203,-1.0
142,56,-1.0
376,346,1.0
517,71,1.0
967,414,1.0
382,169,-1.0
1132,126,-1.0
65,437,-1.0
1111,62,1.0
806,61,-1.0
299,474,1.0
806,48,-1.0
162,32,1.0
336,395,1.0
258,380,1.0
245,512,1.0
800,509,-1.0
281,264,-1.0
508,522,-1.0
517,196,1.0
877,357,1.0
305,176,1.0
293,499,-1.0
599,385,-1.0
977,407,-1.0
421,457,1.0
794,276,-1.0
750,219,0.0
126,524,1.0
2,407,0.0
1157,49,-1.0
50,272,-1.0
806,346,-1.0
926,493,1.0
1072,510,1.0
365,281,-1.0
100,490,-1.0
780,309,1.0
221,435,1.0
92,120,1.0
136,0,-1.0
289,330,-1.0
418,475,1.0
1087,97,-1.0
312,225,1.0
995,309,-1.0
227,341,-1.0
655,156,1.0
424,26,1.0
770,23,-1.0
403,380,0.0
261,83,-1.0
675,257,-1.0
1014,211,1.0
1083,270,-1.0
643,508,1.0
523,383,0.0
219,220,1.0
251,521,1.0
1013,47,-1.0
743,390,-1.0
782,250,-1.0
994,106,1.0
677,280,-1.0
806,463,-1.0
319,235,1.0
1148,267,-1.0
553,263,1.0
890,157,-1.0
739,147,-1.0
826,278,1.0
211,177,1.0
5,347,1.0
331,391,1.0
867,22,1.0
294,193,1.0
1115,331,-1.0
806,386,-1.0
554,304,1.0
396,310,1.0
946,384,-1.0
806,411,-1.0
338,295,1.0
801,378,0.0
138,278,-1.0
690,500,-1.0
832,145,1.0
277,383,-1.0
736,99,1.0
483,367,1.0
560,286,1.0
444,144,-1.0
517,92,1.0
480,268,1.0
714,128,1.0
1142,102,-1.0
806,274,-1.0
190,490,0.0
938,160,-1.0
928,330,1.0
1172,189,-1.0
104,529,1.0
563,319,1.0
392,133,1.0
620,168,-1.0
856,290,-1.0
133,524,1.0
384,115,-1.0
1112,528,1.0
806,470,-1.0
224,312,-1.0
246,498,-1.0
517,516,1.0
147,363,-1.0
557,504,1.0
1051,376,-1.0
1115,41,1.0
1136,476,1.0
127,530,1.0
179,519,1.0
615,302,1.0
702,204,-1.0
316,77,-1.0
93,250,1.0
940,209,-1.0
294,423,1.0
923,419,-1.0
1042,221,1.0
35,116,1.0
330,136,1.0
517,8,1.0
37,0,1.0
271,29,-1.0
455,353,1.0
1113,167,1.0
1066,56,1.0
729,366,1.0
612,140,1.0
806,490,-1.0
464,138,-1.0
900,356,1.0
711,219,1.0
572,413,1.0
703,240,-1.0
806,344,-1.0
806,327,-1.0
356,385,1.0
330,302,1.0
517,46,1.0
517,380,1.0
1168,501,1.0
1010,350,1.0
1089,372,1.0
97,334,-1.0
1160,377,1.0
517,245,1.0
806,71,-1.0
45,67,-1.0
600,280,1.0
517,328,1.0
671,13,-1.0
510,143,1.0
416,55,1.0
369,532,1.0
337,22,1.0
542,4,1.0
1085,45,-1.0
56,218,1.0
771,1,1.0
517,458,1.0
517,525,1.0
901,322,1.0
385,107,-1.0
239,368,-1.0
28,105,0.0
1067,331,1.0
734,337,1.0
669,117,1.0
676,344,-1.0
768,243,-1.0
694,308,-1.0
632,317,-1.0
602,370,1.0
612,142,1.0
774,439,-1.0
924,432,-1.0
249,27,1.0
806,300,-1.0
193,253,1.0
991,415,-1.0
56,152,1.0
817,369,1.0
1044,166,-1.0
951,45,1.0
608,526,-1.0
517,218,1.0
823,440,1.0
643,185,1.0
415,90,1.0
1035,206,-1.0
784,124,1.0
425,103,1.0
517,338,1.0
431,528,-1.0
902,448,1.0
517,130,1.0
484,329,-1.0
517,139,1.0
1186,94,1.0
846,180,-1.0
254,227,1.0
47,400,-1.0
58,369,-1.0
454,122,-1.0
313,166,1.0
450,450,1.0
749,34,1.0
467,118,-1.0
545,511,1.0
1059,15,-1.0
504,415,1.0
245,481,1.0
946,234,1.0
386,447,1.0
517,451,1.0
711,418,1.0
1027,181,1.0
730,511,-1.0
84,343,-1.0
871,74,1.0
164,261,1.0
194,344,1.0
981,499,-1.0
551,530,-1.0
877,149,-1.0
961,498,-1.0
1185,261,-1.0
330,269,1.0
758,123,1.0
700,107,-1.0
949,229,-1.0
806,92,-1.0
290,8,-1.0
442,191,1.0
1032,97,1.0
603,473,1.0
905,310,1.0
1128,72,-1.0
96,529,-1.0
390,204,1.0
911,267,1.0
541,480,-1.0
294,344,1.0
375,385,1.0
602,137,1.0
581,514,1.0
1173,291,1.0
631,408,-1.0
806,516,-1.0
695,15,-1.0
559,441,-1.0
1003,76,-1.0
393,53,-1.0
297,463,-1.0
652,136,1.0
1019,488,-1.0
228,286,-1.0
517,138,1.0
315,431,1.0
925,471,1.0
678,390,-1.0
1177,355,-1.0
517,330,1.0
806,8,-1.0
592,366,0.0
568,109,-1.0
804,320,1.0
464,518,-1.0
