3584,1
3290,5
4
3235,4
7
356,1191,1210
1192,1211
2584,1869
456,2583
12
4461,11
3586,3584,3591,3587,3589,3588,2998
30
35
36
37
41,39,37
37,1466
1268,38
3154,4486
52
55
56
58
59
60
62
63
64
64,3829
63,2039,2153
2158,63,2153
2158,63,2039,2153
67
2158,1338,67,1679,2153
70
71
76
76,499
77
78
81
82
85,83
86
1251,86
2207,92,94
92,3951,94
99
100,107
354,101
106,103
354,104
108
2017,109
114,111,115
116,119,120
110,117
121
125,121
127,125,121
4504,123
110,125
1366,126
127
110,127
129
134
135
134,135
142
143
2401,144
3281,144
2401,141
145,3282
147
148
152
153
155
156,158
157
161,162,160
3571,159
3580,159
163
164,166,165
171,170,167
4381,168
173
1132,1653
207,177
181
695,432,181,698
187
187,372
190
192
194
197
198
368,201
204
205,135
206
207
1380,209
217
217,220,221
217,2673
223
1380,228
232
3861,232
240,235,237,238,239,80,79,236
242,243
243
245
249
249,3441
3067,251
252,253,254
255
258
4453,3696
266,260
259,261
265,260
266,265,260
3642,263
262,258
266
3712,266
269,271
269
270
271
272
152,269,2470,1375,1666,694
3063,268
297,295,296
287,1113
1155,287
3020,287
289,293
3959,287
290,2414
1352,289
1346,288
4296,289
335,2414
4284,291
3949,287
2587,288
4296,288
4129,287
1487,1081,3969
307,310
1154,298
1155,298
3020,298
3966,298
300,305
301,2414
1352,300
4296,300
303,2414
1352,302
4284,302
1346,299
2587,299
4296,299
4129,298
308,309
311,312
322,323
1154,313
1155,313
3966,313
4296,315
4284,317
3949,313
4296,314
1487,1097,3957
1487,1100,3958
325,326
1487,1103,3948
1154,324
1155,324
3020,324
3966,324
328,333
3959,324
1352,328
3949,324
2587,327
4296,327
4129,324
1346,334
1352,291
2434,1193
3650,3950
776,337
3010,776,337
3650,1602,3950
3016,337
4242,337
2585,1870
1154,339
1601,339
1649,339
3108,339
4288,339
340
1214,340
1214,431
1954,3057
2326,755,4107
2851,337
337,2440
3944,337
337,3959
337,3959,688
345,2704
2762,3812
1583,1581,1582
84,81,348
84,3935,348
1583,1582
82,84,349
350
861,2243,860,2244
351,1262
354
1954,355
357
358
370,1880
3669,3700,3757,2398,3674,3150,154,421,3004,3765,4416,4439,3768,1888
186,185,183,184
384
387
388
389
389,3387
395,394
407,2205
1154,400
1155,400
1350,2415,400
2440,400
3944,400
4229,400
1346,401
2587,401
400,4230
400,4271
1346,402
2208,399
2208,403
3947,404
3286,405
406,3952
593,407
407,1968
1364,408
408,4255
407,1965
4257,407
409
412,410
1538,416
415,419
3940,415,418
1539,416
3404
3405
417,418
422,2541
425
380
428
1726,428
432
2727,3036,706,432
1753,589,497,798
376,1016,758,777,448,3697,785,1517,1819,369,787,140,373,2605,781,786,277,366,2232,374,1017,765,769,367,377,1391,772,362,378,3687,1177,3163,2652,365,3391,2608,2606,3389,2651,3171,2629,3593,3161
1372,2082
2083,1373
442,443
2992,450
449,2259
453
455,453
455
457
461,457
461
755,471
755,471
474,473
474
479
480
480,3232
482
486
3434,486
491
491
494
494,1345
495
494,1390
494,3104
496,698
528,525,507,515,529,526,518,511,524
500
505
508
544,508
512
512,520,517
520
528
532
2236,1136,532,1246
2236,1421,3592,532
4035,532
673,531
2096,535
558,513
543,545
549,548,545
528,546
556
556,520
558
559
559,512
560
561
562
563,562
563
566,564
568
569
570
217,220,221,491
2442,2314,2307,581,582,2321,2313,2312,384,2302,1835,1596,1595,1119,1120,1121,2310,587,585,584,1125,1124,586,583,3541
1252,570
574,571
1380,570
2663,575
2306,576
576,2309
572,575
1120,575
2402,3527,3539,3009,575
2402,4265,3539,3009,575
587,585,584
588
697,591,698
590,1595,1879
592
592,1964
592,1963
594
911,594
2009,595
530,596
599
602
620
622
623
624
3861,624
625
636
3716,3643,3787,3714,3777
637,636
641
3910,4460,3714
642,641
645
3012,3013
651
929,651,982
655
656
660
2102,666
2104,666
667
668
669
672
673
673,929
675,3424
679,683
676,681
685
685,688
685,927,833
688
688,2704
691
693
694
695
698
273,698
698,3115
3976,698
703,704
701
3085,1874,929,3436,3437,702,2035
1710,2727,707
715
716
718
728
2481,720,719,712,723,722,721,1579
728,729
734,741
716,735
739
739,718
742
743
744
979,744
748
656,3315,748
749
751
750,749
1801,749
753
1801,753
755
477,478
473,757
760,2495
773
179,775
2363,2364
778
3054,3121,2682,3122,3053
788
790
793
794
795
796
796,1579
2491,4017,4036,4210,4018,4209,4212,4208
4189,4187,4186,4184,4188,4185,4182,4183
800
808
811
817
1647,1642,824,828
825
825,2101
2118,825
849,840
790,841
843
4368,4500,3821,4410,4420,4396,4432,4362,3657,4361,4456,4370,4442,3636,3752,3648,3718,4400,3772,3904,3628,3753,4498,3805,3694,3683,3677,3635
790,843
844,843
851,1607
857,856
855
855,1426
856
856,793
854,500
708,854
854,742
3247,868
2096,867
870
871
979,871
872
873
878,881
3903,879
884
885
3944,892
430,974,1402,888,3257,932,208
910
3955,4283,3447,890
2587,891,1355
3955,890
4286,892
2578,892
494,892
495,892
893,3465
1355,892
894,2415
2587,894
2587,1357,892
2440,892
3955,4283,890
3955,4283,1345,890
3955,4283,1345,648,890
2402,946,899,945,933
2402,946,899,933,3993
903
2077,904
908
1350,2620
907,2414
1346,2620
2620,2440
909
909,890
911
912
911,912
911,912,2008
4035,912,4019
912,916,919
911,918,915
207,914
911,2548
921
929
929,2032
934,3967
935,689
935,2406
2433,935
3129,935
935,3981
936,3017
4243,936
4132,935
4231,935
2406,938
935,4239
934,3968
2406,939
901,2170,2184
569,972,947,1489
569,972,1489,948
569,972,1489,949
569,972,1489,950
951
951,2871
953,954
957,963
952,967,968
3569,956
2179,2169
964,958
960
961,1924
961,2043
959,965
966,961
968,198
969,715
969,2396
968,1967
968,3087
968,3142
968,3179
970,1255
968,3567
968,3580
968,4302
971,693
972
1004,983
2030,982
3255,980
979,2397
979,2274
2564,3344,1490,976
929,990
2034,982
980,3250
800,992
3773,994
929,981
995,2564,3344,1490
1004,1001,3148
1966,1002
1004
1004,989
4251,3017,1010
1004,998
1524,1002
1004,1946
1004,1947
1012,1013
1518,3097,783,3393
1196
1025
1027
1028
1029
1030
1031
1036
1031,1034
1035,482
1037,1033
1035,486
1042,2727,3036,706
1043
1044
1056
2248,2315,924,2630,804,146,1943,1266,3133,850,838,16,54,930
1057,1056
1064
1060,1068,1074,1065
1069
1078
1077,1066
1487,1081,1080
1082
1082,1670
999,1000,3284,3775,3676,1477
3676,2540,1474
1085,1088
1086,1089
1087
1059,1060,1068,1074,1070
1091,1094
1092
1487,1097,1096
1487,1100,1099
1101
1487,1103,1102
1059,1067,1076,1073,1064,1075,1065,1063,1071,1062,1061,1383
1487,1708,1064,1101
4424,1109
1110
1111
1112,1114,1115
1116
1117
1119
1120
1128,1126
1129,1127
4451,3801,420,1162,1734,1735,1752
1134,1654
1136
1137
1137,839
1138,1139,1140
1139
1141
1144
1805,2979,176,519,1916,199
1144,1145
1147
1425,176,1916
1148,1147
1151,1375
1154
1155
1157
1182,1157
1163
1171
1040
1638,1632,1627
615,1156
1176,1172,1175,1173
1185,3564
24
1205,340
1205,431
1380,1187
1252,1187,2738
1188,2738
1188,3107
1252,1216,2737
1214,2737
1252,1284
1380,1284
1190,4287
1252,1287,2745
1219,2745
1252,1282
356,1191
1380,1282
1192,356
1188,4287
1380,1216
1220,1222
249,3609
1380,1217
2273,1198
2273,1199
1219,2645
1521,1522
1204,1208
1205,1209
223,1206
2453,1207
1252,1187
356,1188
1285,1283
1214,1367
1380,1216
1252,1216
1214,2405
1214,3372
1252,1287
1380,1287
1225,1221
1223,575
1222,2305
1224,575
570,1224
1222,2435
1227
1228
1356,1228
1229,1234
1237
1241,1238,1242
1239,1237
1243
1245
1246
1247
1248
1248,753
1250,413
1252
1254
1255
1256
1259
1259,1261
1261
1262
1263
1264
1263,1264
1267
1268
1273,1268
1267,2222
1267,3154
1272,3154
1273
3154,1269
1277
1277,1247
1279
1380,1285
1286,2339
1289,1291
1292
3728,4405
3796,3664,4459,3769,3774,3895
1296
1296,1290
1293,1292
1294,1292
614,1300
1302
1304
440,1304
112,3233
1306
1004,1306
1004,1306,1527
1004,1308
1313
1738,1313
1315
1315,1555
1316
3427,1316
1325
1733,1325
1326
1326,2535
1328
1328,2535
1335
436,755
1336,1335
1338
1343
1343,1621
3387,1345
1345
3074,1345
1346,4234
1346,4242
3942,1345
1348,4291
1227,1345
1350,2420
2401,1350
1346,4277
1346,4278
1348,4234
4130,1345
1359
1360
979,2233,1360
2034,2166,3597,1361
1362
1362,3861
1364
1367,1365,130,1368
1367
1371,1369
1739,1370
1374,1375
1375
1380
1381
1382
1383
505,1245
23
1386
1387
1389
3975,1354
1394
1395
1403,1311
1403,4293
1407
45,2019
1408,1407
1410
46,2019
1411,1410
1415
1418
1418,1415
1421
1426
1427
1428
1427,3289
1429
1430
1437,1435,1433
1432
1433
1434
1435
1436
1437
1444,1443
1438,1880
1439
371,1445
1446
1462,1922
1462
1227,1462
1450,1451
1346,1462
1453
1454
3019,1462
3127,1462
1462,3337
1462,3339
1967,1456
1967,1457
1462,4270
1346,1458
4286,1462
1967,1459
1455,1452
686,1460
1461,7
210,1461,1256
1461,2704
1440
1465,2544,423
2581,1469
1474
1478
3755,4443,4362,4456,3636,4400,3772,3904,3753,4498,3805,3694,3683,4397,4441,3890,4413,3637,3635,3802,3716,4372,3682,3820,3711,3722,3625,3646,4458,3891,3701,4457,3746,3702,3791,4444,3689,3680,3733,3776,3653,3719,3629
1479,1478
1533,1478
1481
1533,1481
1484
1533,1484
4372,1484
1487
1494,1493
1493
249,1492,2564,1110,2397
1491,1489
1493
1495
1496
4360,4442,3636,4400,3904,4498,3694,3635,3662,3729,3665,4499,3631,3896,4492,3668,3751,4494,4411,4433,3759,3800,3750
52,1496
1497,1496
1499,1502,1503,1504,1513
52,1500
2625
1222,1210
1215,1222
1189,1222
1222,1218
629
811,1531
2991,1531
3024
1532,424
1243,1532,2541
1533
1537
3047,3046
1538,3060
3602,1541
788,1542
1544,1550
4035,929,1807,1545
1553
1556,1557
3384,1554
1566,1564
4251,1564
1565,3017
3933,1565
1565,1603
1565,1604
1565,3997
1570
1570,1843
1571
2546,1571
1575
1854,3914,1575
4144,3914,1575
1576
1577
1579
1589
1594
1601
1605,1601
1606,1601
1602,1621
1610
1611
1537,1614
1586,1587
1617,3963
1621,3017
1621,4291
3963,3786
4218,1608
1608,1612
3747,1122,3524
1622,4295
3386,1631
1609,1612
1959,755
1639
2118,1639
1644
2104,1644
2112,1644
2997,1648
1649
1650
1650,1845
1650,2548
1666
1670
1487,1670
1672
1677
1678
1681,1682,1680,1678
1683
2239,1685
979,1683,1686
1687
1688
1749,3565
1693
1698
1699
1699,3886
1700
1701
1701,1700
1703
4409,1703
4415,1703
4462,1704
1705
1706
1707
1708
1712,1717
1711,1716
1719
1784,812,1723
1727
1729,1709
567,1821,2698,2486,2449,3579,2470,864,1580,604,3002,3031,606,653,3032,1695,2729,1694,1855,3003,138,605,3192,2299,973,654,3601,2700,1697,2041,2042,1696,652,2220,655,3088,381,498,1718,774,1958,2242,2930,434,2880
1730,808,575
1730,4051,575
1733
1736
1737
1738
1739
1740
1635,1634,1626,1633,1636,1637
1750,1751
1749,4002
1756
1757
1760,1757
4000,1757
3005,1758
3005,1602,1758
1758,3127
1758,4309
1648,1759
1765,1763,1764
3766,1768
1768
3965,3007
1773
1780,1774,1778,1777
1773,1775
1783
1785
1797,1793
1796,1795,1794
1793,3263
1793,3263,1747
1798,1793
1180,1799
1800,1803,1802
2870,3014,2722
1804,2260
1807
2169,2180,2182,900
113,3234
1202,1813
1203,1813
1393,1406,3153,1412,1409,3226,1324,551,542,540,547,553,557,711,730,740,727,733,1307,736,2270,188,447,2231,3167,2228,458,2226,1240,137,639,118,847,1486,1501,2562,1317,1146,2262,2554,2282,2284,2286,2291,102,2975,1776,1953,665,1232,490,1143,738,1149,3195,3198,454,2922,2925,1322,1327,1329,555,1321,509,527,1866,2264,2088,2090
1814,1523
1814,1524
1525,1815
1526,1815
118,1530
110,3385
2251,2250,2252,2763
1822
2548,1822
1827,1826,1828
1832,1834,1833
1835
1836
1854,1838,1841
1839
1838,1841,1848
1843
4006,1846
1844
1845
1842,1844
1844,565
1849
1850,1851
1852
1853
1927,1853
1837,1840
1857
2548,1873
2548,1872
1875,1876
1879
1880
1783,1880
1880,3459
1884,1885,1887
1885,1887
1889
1890
1892
1893
1893,1892
1897,1898
1900
1901
1903,1904
2460,2463,2466
1906,1950
1910,1915
1909,1915
1913,1914
1918
2762,3812
1924
2856,1926,988
2857,1926
2857,1926,988
1927
1928
979,1472,1929
929,1930
979,780,1928,1135
1932
1927,1934
1933,148
1940
1941
1945
1949
1861,1863,1862,1859
2627,2253
1954
1957
1956,1730
1960
234,1019,286
1019,3532
234,1019
2485,2487,2488
1963
1963
1965
1966
1967
1971
1996,1997,1998,1999,2000,2001,2002,2003,2004
1974
1983
1985
1784,1167,1983
1994,3599
1784,4472,1983
1784,4472,3599,1983
1985,1172
2928,1985,3467
2009
2010
2010,914
2011
2012
2013
2014
2016
2018
2512,2018
2020,2021,2023
2030
2030,65
2034
2038,2036
2037,3230,1338,1424
2043
2044
2046
2048
2049
2049,2077
3570,2050
2052
2053
761,4068
1599,3816
3586,2064
3353,2061
3106,2059
1573,2060
3353,2615,3106,3816,4010
2060,2518
4011,3106,3816,1668
1937,3816,4010
2063
2073,3816
3817,2065,2506
2849,3816
2065
2066
2067
2068
2065,2910
2074
2074,851
2076
2077
2078
2078,4097
2080
2081
2081,3883
2084
2085
2086,2089
2087,2085
2089
2084,2089
2091
2098,29
2075,673,1825,2327,929
2094,597
2094,1428
2094,1430
2094,1431
2094,2114
2096
2096,2120
2097
2097,3846
3879,2097
2094,2105,2119
2094,2113
2093,1183
2093,817
2093,851
2102,241
2109,28
2076,1825,2726
1043,2105
2105,1428
4035,2105,1382,929
818,2108,3447
2107
3874,2107
2116,22
2077,1825,2726
1428,2113
2113,1437
2113,2325
2113,2546
1428,2113,4306
2114
2115
2122,20
2078,1825,2726
2119,1117
2120
2121
3837,2121
3868,2121
2126,2674
2127,2967
2142
2143
2143,2142
2600,2498,2147
2154,2160
2158,2153,71
2158,2153,173
2158,2153,190
2158,192,2153
2158,2153,194
2158,198,2153
2158,2153,885
2158,2153,1028
2158,2153,1940
2158,2153,2450
2152,2926
62,2152,2926
34,33,31,32
2160
2548,2162
2165
2166
2175,2167
2168,951
2621,2871
2178,2177
1235,2176
2224,890
2182,2181,2183
2415,2623
2189
2158,2189,2986,2153
2158,2189,3109,2153
2158,2189,2329,2159
2191
3507,2191
2193
2194
2208,2195
2208,2196
2209,2195
2195,3953
2415,2198
3020,2198
3944,2198
2198,13
1346,2200
2206
2208
2209
2211
2046,2211
2221,1607
3154,4487,2222
2151,2499,2149,2150
2225,2148
2133,2132,2145,2146
2227,2229
2134,2135
2005
2296,2230
2719,2721,1422,1858,8,1917,1955
1534,1473,1535,280
2245
2246
2253
2258,975
2260
2263
36,2263
2265
2266
2266,2265
2465,2464,2382,865,2383,2386,2385,2384
2271,2268
2254,2255,2257
2269,2257
2272,1194
2272,1195
2627,1818
2275
2280
4448,4449,3693,2653,3671
108,2280
2281,2280
108,2275
2288
250,2288
2290
3441,2290
2293
3427,2293
2296
2297
2297,2539
2300
2301
2301
2306
2306
2309
2309
2316
2317
3923,2319,3924
4377,2321
3060,2322
2323
2325
2326
1673
2328
2329
1165,1588
2334
2335
3780,3699,4412,4367,4359,3633
2336,2335
2343,2341,2340
2342
2359,2365
2344,1018
2361,2360
363,343
3621,437
2346,2354,2350,2356,2349
4395,4393,4394,2354,2356
2613,343
2357,686
1346,2357
2357,1966
1967,2613,343
2587,2357
4463,2351
4465,2369
2370,2368
2374
2402,2374
2401,2374
2375,2520
2375,4194
2375,4338
4323,2376
4324,2376
2379
2380
2388
2389
2390
2393
2395
2396
2399
2401
2402
2409,2408
2410,2414
2416,2417,2415,2419
1356,2405,4232
3989,2415
2405,3965
2411
2412
2413
2414
2414,2420
2420
2421
2021,2023,2421,4086
2021,2023,2421,3954
2401,1222,340
2401,1222,431
2401,2764
2401,3471
2422
2423,2424
3666,2426
2431
2440,2441
2436,2437,2439,2438
2436,2437,2438
794,1537,2432
2402,2432
2440
2446
2447
2158,2447,2153
2451
2450
2453
2457
2458
2476,2477,2473
2492,2472
2471,4024
3105,2471
2471,4297
2476,2477
4142,1553,2475
1179,3602,2494
3105,2471
1817,2479
2480,2548
2483
2489
1179,3602,2494,473
2500
2502
2503
2504
2505
2506
2512
2518
2520
2527,2529
2533,2530
2531,2528
2534
2536,2537
2539
2540
2541
2542
1273,2542
2541
2543,3055
3060,2541
2546
2547
2548
2549
3864,2549
2551
2552
2553
2389,2553
2389,2552
2556
2390,2556
2563,2558
2390,2559
2561
2390,2561
2564
2565
2393,2565
2576,2571
2577,2570,2575
2572,2573
2579
2580
2581
2381,931,2164,2581
149,2582
2582,147
2586
2587
2588
2589
2590
4156,2590
2591
2591,3965
4142,2592
2592,4146
2594
1703,2594
2595
2597,2598
2601
492,2602
3148,1009
2543,1531
2616,343
3621,2618
2710,2611
905
2620,2589
2173
2188
2627
2628
1655,1665,1669,1659,1658,1656,1661
2631
2633
2633,1662,2632
2634
2635
2637
2639
3261
1196,2387
2643,1889
2515,2516,2517,2519
794,2646
1022,1021,1023,1024
2654
1727
576,1595
1956,655,2660
1019,2661
576,1593
1252,1257
1380,1257
472,2661
2301,576
2643,2666
2663,2659
2405,2443,2311,2302,1595,1691
1252,2668
1380,2668
2672,2674
2676
2307,2126,2125,2129,3530,3529
2678
1252,2675
2676,2679
1380,2675
2677,2680
2678,2680
1806,3191,3190
2688,2685
2689,2686
2695,2733,2734,2735
1252,2703
1380,2703
1380,2703,427
2701,4100
1854,1830,2702
1854,3914,2702
2704
2707,2706,2708
3607,2705
2710,3159,2711,2712,2715,2716,2713,3099,2714,792
2710
2720
869,3247,2724
2726
2726,3067
2730
2744,2748,2753,2750,2736,2756,2743,2739,2755,2747
2753,2750,2746
2744,2742,2754,2752,2748,2753,2736,2751,2746,2749,2747
2744,2742,2754,2752,2758,2748,2753,2750,2757,2736,2751,2756,2746,2743,2739,2741,2740,2755,2747
2744,2750,2746
2764
2776,2906
649,2768
1693,2502,2769
2428,2768
2375,2771
1380,2772
2773,1727
2774,1728
1380,2775
1252,2764
217,2777
2065,2778
3817,2779
1380,2764
1380,1954,2764
2843,2780
2906,2780
2784,3229
221
2873,791,2875,2430,2429,2427,2906,649,650
1252,2785
2789,2786
1380,2785
2790,2787
2791
2873,2338,2875,707
1380,2791
2792,2793
2797
537,1463,3513,2655,2656,2448,1515,707,1786
249,2797
2799,2798
2873,791,2875,2430,2429,2427,1595,1120,805,2906,649,650
2802
1252,2800
217,2803
1380,2800
1120,2804
1121,2804
2643,2805
2801,2804
2804,2802
809,174
2312,1470
1252,2806
1380,2806
2808,2811
2809,2811
805,807,1032,385,386
1380,2813
2815,2814
2819,219
1252,2816
1380,2816
2821
1754,3594,691,2307,2313,2312,2311,2302
1380,2821
219,2823
2822,2823
1252,2824
1380,2824
214,2302,1595,585,3373,586
1252,2827
1380,2827
2829,1301
2829,2828
3355,3356,1942
1380,2830
2832,2831
1252,2833
1380,2833
1252,2836
1252,2839
1380,2839
2844,2842
3320,748
2849
1252,2850
2858
1154,1155,2445,216,1358,2452,3134,3143,3421
1380,2858
2860,2859
2861
1154,1155,216,2454,1123,3421,3319,2501,1675
1380,2861
2862,2863
2864
2445,216,2873,3421,3319,1675
1380,2864
2865,2866
2867
2868
2869
2871
2873,2875
2876,2874
4408,3899
2887
2891,915
625,2009,2891,915
2901,2903,2902,2904
1762,2900
2905,3599
2906
2909
2911
979,2912
270,2913
1302,2913
2913,1677
2120,2911
2914,3242
2921
2939,2921
2923
2939,1620
2923,2924
3638,2927
2927,1026
2928
1982,1975,1985,1983
2928,2929
2894,2897
1742,1745,1746,1743,1744
2932,2931
3037,2933
1252,2703
1380,2703
344,2935,426
344,2935,4009
2853,2854
1252,2775
3334,2940
2869,2941
2953
473,2953
2342,2954
229,2955
2951,2952,2956,2953,2950
1380,2960
2690,2961
2945,2948,2949,2944,2943
2963,2964,2965,2947,2946
58,755,2966
4022,425
2970
2977,2976,2973,2978
2970,2974
2548,2982
2981,2548
2985
2986
2987
2988
2989
2988,2989
2991
2993,803,3160,3474
2993
2995
2996
3971,3170
3965,3170
3007
3010
3018,3019,3017
3019
3021,3019
3986,3017
3988,3017
3022
1577,283
3025,2505,282
3026
3028,3027
3030,3029
3033
3033,3035
3037
3041
3043,3041
350,1137,3919
3042,2457
3063,3041
3043,3149
3044
3047
3048
3047,2044
3047,2867
3047,2996
3047,3062
3579,3050
3052
3055
3055
241,3056,1698
694,3056
3057
3063,3062
3063,3062,2044
3062
3063
3066,3064
2548,3065
3068
3069
3069,3965
3071
3074
3075
1784,3075
3085
3086
3087
3089
3090
3091
3093,3094
2727,3095,707
3100
3098,2052
3103,3105
3107
3109
3110
3111
3112,1611
3112,2984
3113
3113,2667
3084,3082,3078,3080,3077,3079,3114,3083
3124
3127
3130,3128
3140
3141
3142
3147
3149
3151
3154
3638,3155
2705,3157
3155
3156
3638,3156
3172,1944,1186,789,2980,246,1385,4426
3180
3181
3182
3184
3180,3184
3186
3181,3186
3188
3188,3182
3196,3199
3173,3197
3202,3217,3224,3215,3210,3213,3211,3218,3200,3222,3212,3219,3204,3216,3221,3203,3220,3223,3207,3214,3201,3206,3205,3208,3209
441,3225
3229
3254,3231,993
3233
3385,3233
3241,1755
3235,698
695,3235,432,181,698
272,3236
3235,394,2596,698
1719,245,2720,3235,394,2596,698,1879
674,3236
588,1756,3236
3245,3052,3236
3235,3300
3239,698
1928,3240
3245
3246
911,3246
3248
3249
1136,3252,1246
979,929,3253
3259,3260
3266,387,3047
3262,3447
3265,3423
863,4222,3276
3266,3049
3266,3147
863,4222,3276,3596
863,4222,3276,3042,3596
863,4222,3276,3918,3596
3263,3271,3268
3275
494,3275
3278,3279
3368,3280
3368,3280
3286
3288
3291,3293,3298,3297
3294,3292,3296,3299
1421,3292
3290,3578
3303
3304
3307
3309
4429,3312
3311,2193
3311,411,3350,3345,1667
3317,411
2845,3311,3350,3345
3321,3324
3328
3322,3328
1031,3330
3331,482
3331,486
3337
3338,1610
3340
1883,3341
3341,2548
3342
3343
911,3343
2482
3346,486
3351,1031
3347
3348
3349
2845,3350,3345
3353
3358,3360,3363,3362,3359,3361
3357,3365
3365
3367
911,3367
3370
3371,1671,225
4125,3379
3380,3379
4037,3379
3381
3381,3396
3384
3385
2578,3388
1638,3386,1627,1629
1638,1630,3386,1627
1638,3386,1627,1631
3961,3388
4286,3388
1638,3386,1627,1628
3388,3158
3388,4246
3619,2647
3395,3394
3264,3397
3266,3400
3398,3062
3422,3438
3427
3428
3429
3430
3432
3433
2037,2153,3433
2158,2153,3433
2158,2030,2153,3433
2158,2037,2153,3433
3434
3440
3441
3444,3442
3445
3445,3443
3420,3419,3417,3412,3416,3414,3408,2881,3411,3409,3410,3415,3418,3413
3448,3449
304,3447
319,3447
820,3447
3457,3453,3451,3455
3456,3452,3458,3454
851,3447,1607
569,972,947,1489,3447
3569,956,3447
2103,3447
3447,2871
3034,3447
3041,3447
3043,3447
3464
3440,3464
3047,3447
4003,3447
4138,3447
494,3447,4297
4080,3447
257,256
255,3466
3467
3467,2987
1171,3468
3469
3472,3470,3473
3476
3962,3487
1166,3479
4053,3479
2307,3480
4290,3479
2440,3478
3478,3015
3944,3478
3478,4342
3652,4357,4402,3623,3661
2392,3477,3501
3486
3483,3487
3508,3487
1634,3478
2579,3488
2579,3488
2308,3480
3480,3929
3932,3480
3022,3478
3108,3491
3108,3493,1493
389,3494
2595,3494
4253,3494
3497,3495
685,3496
3108,3498
3108,3499,1493
3505,3503
3506
3485,3507
3508
3504,3510
3511
3512
911,3512
2732,3512
4034,244,929,3237,3512,4112
3520,3519,3521
429,75,2027,3533,747,2028
4227,4248,580
234,1196,3531
3534,1743,1744
1854,1830,3535,3613
3545
3545,4354
3522,3068,3545
1376,491,1173,1983,4001
4414,1983
3546,3554
1222,3553,1213
856,1995
3984,1995
3688,3555
3556,3688
2331,2330
3673,3672,1784
3562,4375
4320,3673,3672,1376,4375
3673,3672,1376,4331,4375
3983,3561
1988,1977,1993,1982,1976,1984,1978,1986,1991,1979,1975,1992,1989,1981,1990,1987,1980,1985,1983
2401,3528,384,2663
3565
3567
1607,3568
3570
3571
3571,3288
3571,3919
3572,2996
3572,3048
3575,3573
3576
3576,3574
3578
3579
3579,4344,698,3590
494,4297
3580
3580,3288
3581
2112,3581
3583
3585
3590
4345,3590
3592
3596
3597
3598,2872
3607
2401,2440,287
3944,287
3944,313
2401,2440,324
3944,324
794,2534,755,4350
3614
1854,1830,2684,4327
3724,3616
4421,3617
1854,2684,4327,3914
755,4445,4446
2404,339
2642
771
3622,4493
1559,1562,1560,1561,1698
3638
3638,2705
3639
3640
3642
3817,2206
3649,2206
3666
3667
3675,2855,768
2247,1891,2879
178,44
4111,4098,4109,4077
3584,3710
3712
4454
921,922
4190,921
4355,1493,472
4177,3726
4355,491
3727,472
3727,1493,472
2538,182,2040,2640
3764
615,1767
3778
3779
3584,3783
1585,1584
1586,1587
1921,1895,2889
2762,3809
346,143
346,4168
2761,3812
3808,2934
3811,3583
3817,2065
2057
3825
3826,660
2549,3826
3826,3469
3827,3828
3833
3834,660
2549,3834
3834,3469
3835,3836
3838
660,3839
2549,3839
3469,3839
3840
2551,3841
3842
3843,3469
3844,3845
1905,3336,3853
2549,3854
1905,3336,3855
2549,3856
3857
2549,3858
3864,3865
3863,3862
3872,3873
3875,3876
3877,3878
3807,3806
3626
3813,3658
2645,3912
1356,4232
3913
4064,4061,3915
4063,1840
4106,4103,4104
3044,3916
3033,3917
4097,4105
3925,3926,3927
3919,1879
3919,2323
3919,2483
3919,2725
3919,3034,2037
3921,2868
3085,3919
3922,602
3918,1918
3918,2457
3919,1421,3277
3044,4097
668,6
668,4081,3927
4062,4170
3930
3931
3931,565
4260,4262,4279
4262,4279
3934,913
3941
3591,3941
3944
2173,905,2186
3960,1586
4415,3964
3972,166,165
163,3973
152,2470,4203,1375,4318,694
152,2470,4203,1375,1666,694
3387,4228
3980,3979,3978
3956
1857,3986
3986,2580
3991,3990
3991,3989
3990,3992
3994,3995,3996
2997,4249
3132,2997,4249
4131,2997,4249
4133,2997,4249
3999,4002
4162,4259,4149
4094,4093
4147,4148
4003
4003,1041
4004
4195,4193,4197,4199
4194,4198,4196,4201
4049,4048
1852,4006
4155,4006
4012
4012,4158
4041,4040,4045
2021,2023,4086
4016
4019
4020
4022
4026
4177,4027,1493,473
409,4028
4029
4031
4034
4034
4035,1877,3111,207
4038,4072
2588,4039
4041
4041,1111
4047
4057
4057,2687
4058
4058,1886
4060
21,4060
4066
4052,4067
4008,4071
4074
3584,4077
3584,4079
4080
4081
152,2470,4203,1375,4318,694,4082
3976,4082
4087
4084,4090
3976,4091
4092
4097
4099
3976,4101
4156,4102
4107
4116
2114,4116
4120
4121
4121,1011
1899,4122
4123
4054,4124
3919,3370
4117
4128,4137
4136,4128
4139,4140,4141
4162,4157
4142,4144
4143,2379
4063,4163
4145
4177
4138,2044
3063,4138
4178
4154
830,4154
4154,4042
4156
4158
4158
4159
4164
4165
4181,4167,4180
4169,473
1836,4171
4171
4177
4181
4190
4191
3976,4192
4195
4205,2548
2485,4206,2488
2485,2488,4207
4213
4213,202
1687,4215
4214,1714
4214,1715,2241
4214,1715,2240
4217,1678
4216,1678
568,4213
2401,4223
4224,2662
4224,2663
2303,4225
2401,4226,384,2663
4233,4235
4234,2404
4234,1621
4243,4244,4245
2401,4247,384,2663
4250
2710,4250
4250,2780
1567,4252
4256,1963
4158
1252,4264
4267
687,4267
4269
4275
204,4275
600,4275
4275,1688
2586,4275
2595,4275
3124,4275
4263,4275
4280,3986
3988,4280
4283,1345
4287
4291
4292
4298
4299
4300
4301
4304
4305
1433,4306
561,4308
4307
4307
4309
4309
4310,3071
4311
534,4314
3154,4319
3154,4322
1252,3818
1380,3818
4324,0
4324,428
4324,2404
4324,2709
4324,2710
3615,4326
4329,2380
4325,3709
4324,3584,4085,1
4324,3584,1,4273
2683,4328
4324,3584,4111,1
4347
4332,1014
3154,4333
3073,2065
110,1366,4339
3154,4341
4343
4344,698
129,4349
694,4348
4176
4270
4353
1988,1982,1984,1986,1975,1989,1987,1985,1983
4363
4365
4372
4376,4377,4378
791,4375
2388,4379
4379,2782
2422,4375
4381
4385
4392,4391,4390,4386,4387
4389,4334
2063
2362,2360
2362
4409
3000,3001
1707
4419
3695,3655
4455
3700,3659,3679,2223,3624,3803,3732,276,247
3720,3887,3644
3795,3814,3901,4430,4404,3782,3900,4374,3645,4434,3706,4409
4475
3096,4467
3063,4468
2259,2992,4466
1426,4471
2222,4473
4474
4477
4478
3060,4478
4481,4482,4483,4480
3578,4479
2728,3447
690,3092
3822,3909,4364,3703,2192,57
4501,112
4440,4383,3721
4502,112
3678,4399,3824,3894,3797,4431,3897,3606,3641,3798,3651,3741,3663,3792,4369,3684,4380
3717,3785,3634,3789,3605
122,4505
4495,3708,4384
121,4506
4507,127