432,2,-1
2526,2,-1
2527,2,1
13,4,-1
16,4,1
3858,4,-1
1001,5,-1
1841,5,1
3262,5,-1
1904,6,1
1918,6,-1
3320,6,-1
42,10,-1
1463,10,-1
1464,10,1
47,12,-1
866,12,-1
867,12,1
47,13,1
48,13,-1
3199,13,0
90,17,1
187,17,-1
3295,17,-1
90,19,1
187,19,-1
350,19,-1
351,19,1
73,21,-1
74,21,1
1201,21,-1
771,22,-1
1897,22,1
88,26,-1
89,26,1
362,26,-1
91,27,-1
92,27,-1
93,27,1
3882,27,0
3884,27,0
91,28,-1
94,28,-1
95,28,1
90,31,1
104,31,-1
187,31,-1
182,32,-1
3816,32,-1
3817,32,1
1322,33,1
3818,33,-1
91,34,-1
100,34,0
105,34,-1
106,34,1
3893,34,0
107,35,-1
3822,35,1
3823,35,-1
109,37,-1
110,37,-1
111,37,1
161,37,0
109,38,-1
112,38,-1
113,38,1
1341,39,-1
1871,39,1
1872,39,-1
3362,39,-1
187,41,-1
2056,41,-1
3610,41,1
187,42,-1
2707,42,-1
3579,42,1
117,43,-1
187,43,-1
3583,43,1
90,44,1
187,44,-1
376,44,-1
3639,44,1
187,45,-1
495,45,-1
3821,45,1
187,49,-1
1327,49,-1
3636,49,1
187,50,-1
619,50,-1
3674,50,1
90,54,1
187,54,-1
481,54,-1
3585,54,1
187,55,-1
582,55,-1
3661,55,1
3383,58,-1
3384,58,1
3683,58,-1
116,59,1
1342,59,-1
2277,59,0
3683,59,-1
187,60,-1
1939,60,-1
3503,60,1
117,62,-1
348,62,-1
3406,62,1
122,67,-1
1759,67,-1
1760,67,1
122,68,-1
2406,68,-1
2409,68,1
315,71,0
1821,71,1
1822,71,-1
129,76,-1
131,76,1
3314,76,-1
187,78,-1
348,78,-1
3405,78,1
134,79,-1
135,79,1
1489,79,-1
139,81,-1
140,81,1
163,81,-1
142,82,-1
1583,82,-1
1584,82,1
154,84,1
155,84,-1
938,84,0
110,85,-1
160,85,-1
161,85,1
162,86,-1
164,86,1
775,86,-1
2817,86,-1
140,87,0
162,87,1
163,87,-1
878,87,0
3574,87,0
175,91,-1
2770,91,-1
2771,91,1
176,93,1
178,93,-1
179,93,0
180,95,-1
306,95,-1
339,95,1
189,97,-1
190,97,1
2867,97,-1
193,100,-1
198,100,-1
201,100,1
195,103,1
198,103,-1
3378,103,-1
187,106,-1
210,106,-1
3515,106,1
187,109,-1
3226,109,-1
3227,109,1
216,111,-1
1521,111,-1
2827,111,-1
2828,111,1
90,114,1
187,114,-1
3406,114,-1
187,115,-1
2529,115,-1
2530,115,1
1731,116,-1
1754,116,-1
2528,116,-1
2529,116,1
1606,117,-1
2338,117,-1
2560,117,-1
2563,117,1
187,118,-1
1843,118,0
2932,118,-1
3669,118,1
90,120,1
187,120,-1
220,120,-1
223,120,1
218,126,-1
221,126,1
1107,126,-1
218,127,-1
2266,127,-1
2303,127,-1
3333,127,1
187,130,-1
221,130,-1
232,130,1
90,132,1
187,132,-1
222,132,-1
235,132,1
224,133,-1
233,133,1
2411,133,-1
90,135,1
187,135,-1
233,135,-1
225,136,-1
227,136,1
1303,136,-1
226,137,1
227,137,-1
2278,137,-1
230,139,1
303,139,-1
2278,139,-1
1330,140,-1
3791,140,-1
3792,140,1
234,141,0
1202,141,1
1330,141,-1
3791,141,-1
1330,143,-1
3791,143,-1
3792,143,1
240,145,-1
242,145,1
1107,145,-1
240,146,-1
2266,146,-1
2303,146,-1
3335,146,1
187,149,-1
242,149,-1
253,149,1
247,155,1
248,155,-1
2278,155,-1
249,157,-1
251,157,1
1303,157,-1
256,159,0
1330,159,-1
3791,159,-1
3792,159,1
1330,161,-1
3791,161,-1
3792,161,1
245,162,-1
254,162,1
1293,162,-1
261,163,-1
262,163,1
1106,163,-1
261,164,-1
263,164,1
1107,164,-1
261,166,-1
264,166,1
2822,166,-1
90,167,1
187,167,-1
262,167,-1
265,167,0
187,168,-1
263,168,-1
274,168,1
187,169,-1
3337,169,-1
3338,169,1
90,170,1
187,170,-1
276,170,-1
267,173,-1
269,173,1
1303,173,-1
271,177,1
272,177,-1
2278,177,-1
277,178,0
1202,178,1
1330,178,-1
3791,178,-1
278,179,-1
279,179,1
1293,179,-1
1330,180,-1
3791,180,-1
3792,180,1
266,181,-1
275,181,1
1293,181,-1
282,182,-1
285,182,1
1106,182,-1
282,184,-1
2266,184,-1
2303,184,-1
3339,184,1
282,185,-1
287,185,1
2822,185,-1
187,186,-1
285,186,-1
288,186,0
290,186,1
90,188,1
187,188,-1
3339,188,-1
3340,188,1
289,192,-1
293,192,1
1293,192,-1
291,194,1
292,194,-1
2278,194,-1
296,197,1
297,197,-1
2278,197,-1
300,198,0
1202,198,1
1330,198,-1
3791,198,-1
301,199,-1
302,199,1
1293,199,-1
1330,200,-1
3791,200,-1
3792,200,1
409,202,-1
411,202,1
1320,202,-1
187,203,-1
3396,203,1
3609,203,-1
1400,208,0
1401,208,1
1420,208,-1
2524,208,-1
2875,208,-1
407,210,-1
408,210,1
577,210,-1
389,211,-1
390,211,1
1106,211,-1
389,214,-1
392,214,1
1301,214,-1
2279,214,-1
11,215,-1
12,215,1
1532,215,-1
2086,217,-1
2090,217,1
2303,217,-1
1847,219,-1
2084,219,1
2086,219,-1
90,221,1
187,221,-1
2088,221,0
2267,221,-1
2086,223,1
2092,223,-1
2236,226,-1
3505,226,1
584,228,-1
3744,228,-1
3749,228,1
2906,229,-1
3744,229,-1
3755,229,1
1634,230,-1
2566,230,-1
2567,230,1
306,231,-1
306,231,1
3681,232,1
3682,232,-1
1555,233,1
1558,233,-1
2820,233,-1
90,234,1
187,234,-1
423,234,-1
187,237,-1
3677,237,-1
3678,237,1
90,238,1
187,238,-1
1942,238,-1
3668,238,0
304,240,1
1146,240,-1
2299,240,-1
1330,245,-1
2525,245,-1
2526,245,1
841,247,-1
843,247,1
2411,247,-1
187,248,-1
2230,248,-1
2231,248,1
90,251,1
132,251,0
133,251,-1
187,251,-1
315,256,-1
321,256,1
2896,256,-1
315,257,-1
318,257,1
1532,257,-1
187,258,-1
317,258,-1
323,258,1
187,259,-1
318,259,-1
326,259,1
90,260,1
187,260,-1
319,260,-1
90,263,1
187,263,-1
321,263,-1
324,263,1
315,264,-1
2268,264,-1
3352,264,1
1128,265,-1
1130,265,1
2550,265,-1
3656,270,-1
3656,270,1
1345,271,1
1346,271,-1
1347,271,1
825,273,-1
831,273,1
306,274,1
344,274,-1
1342,275,-1
1485,275,1
2267,275,-1
187,276,-1
3232,276,-1
3242,276,1
71,280,-1
72,280,-1
354,280,-1
355,280,1
187,282,-1
2337,282,1
3367,282,1
9,284,1
10,284,-1
8,285,1
10,285,-1
1142,287,1
1144,287,-1
2838,289,-1
3005,289,-1
3011,289,1
3326,289,-1
621,293,-1
851,293,-1
852,293,1
124,294,-1
206,294,-1
210,294,1
665,294,-1
1328,294,-1
1584,294,-1
2319,294,-1
668,296,-1
672,296,1
3515,296,-1
22,297,-1
3592,297,-1
3593,297,1
90,301,1
187,301,-1
239,301,1
1043,301,-1
187,307,-1
238,307,1
1035,307,-1
90,309,1
187,309,-1
1614,309,0
1616,309,-1
1617,309,0
1618,309,0
3534,309,0
187,311,-1
2219,311,-1
2238,311,0
2435,311,1
90,314,1
187,314,-1
3107,314,-1
3112,314,1
90,315,1
187,315,-1
3109,315,-1
187,316,-1
1545,316,-1
1546,316,1
605,317,-1
1853,317,1
2121,317,-1
2171,317,1
379,320,-1
2845,320,-1
2998,320,1
3005,320,-1
381,322,-1
3233,322,-1
3234,322,1
383,323,1
384,323,-1
3573,323,0
187,326,-1
403,326,-1
407,326,1
1583,327,-1
3045,327,1
3047,327,-1
1691,328,-1
1692,328,-1
1693,328,1
418,329,-1
420,329,1
428,329,-1
90,331,1
187,331,-1
2754,331,-1
2755,331,1
3151,332,-1
3794,332,-1
3801,332,1
645,342,-1
2963,342,-1
2968,342,1
2854,344,-1
2963,344,-1
2971,344,1
2981,344,-1
668,346,-1
668,346,1
488,350,-1
831,350,-1
835,350,1
1289,353,-1
1290,353,1
1546,353,-1
1485,354,-1
1526,354,-1
1527,354,1
1290,355,0
1533,355,-1
1536,355,1
1546,355,-1
306,360,-1
341,360,1
2303,360,-1
1290,361,0
1546,361,-1
1547,361,1
2820,361,-1
2273,362,1
2279,362,-1
3527,362,-1
3812,363,-1
3842,363,1
3843,363,-1
441,364,-1
442,364,-1
443,364,1
444,365,-1
445,365,-1
446,365,1
1148,366,-1
1840,366,-1
1842,366,1
447,367,-1
449,367,1
2131,367,-1
448,368,1
449,368,-1
2803,368,-1
1330,369,-1
2751,369,-1
2752,369,1
450,370,-1
451,370,1
452,370,-1
461,374,-1
463,374,-1
464,374,1
1734,377,-1
3677,377,1
3678,377,-1
472,379,-1
474,379,1
1627,379,-1
187,380,0
472,380,1
474,380,-1
2452,384,1
3151,384,-1
3772,384,-1
491,385,-1
1392,385,-1
1397,385,1
488,386,-1
3016,386,-1
3017,386,1
837,387,1
848,387,-1
2892,387,-1
3151,387,-1
488,389,1
3153,389,1
3184,389,-1
621,393,-1
1387,393,-1
1388,393,1
231,394,-1
3151,394,-1
3154,394,1
849,399,-1
855,399,1
3151,399,-1
503,402,-1
504,402,1
528,402,-1
502,403,-1
535,403,-1
536,403,1
506,404,-1
540,404,-1
541,404,1
547,407,-1
3497,407,-1
3498,407,1
1342,408,-1
1747,408,1
2450,408,1
3498,408,-1
553,413,-1
558,413,-1
564,413,1
552,414,-1
558,414,-1
563,414,1
558,419,-1
750,419,-1
1636,419,-1
1637,419,1
187,421,-1
1743,421,-1
3497,421,1
187,424,-1
583,424,-1
3558,424,1
215,430,-1
606,430,-1
608,430,1
610,431,-1
611,431,-1
614,431,1
215,432,-1
612,432,-1
613,432,1
615,433,-1
616,433,-1
617,433,1
859,434,1
860,434,-1
583,436,-1
622,436,-1
624,436,1
754,437,-1
2561,437,-1
2562,437,1
187,440,-1
3807,440,-1
3813,440,1
23,443,-1
629,443,-1
2760,443,1
633,444,-1
634,444,-1
635,444,1
641,445,-1
642,445,1
3493,445,0
3494,445,0
2926,447,1
2928,447,-1
3360,447,-1
663,453,1
664,453,-1
952,453,0
187,456,-1
2858,456,-1
3823,456,1
681,460,-1
682,460,-1
683,460,1
187,464,-1
707,464,-1
3615,464,1
187,470,-1
643,470,-1
3572,470,1
187,473,-1
720,473,-1
3518,473,1
469,474,-1
719,474,-1
720,474,1
90,475,1
187,475,-1
473,475,-1
3671,475,1
469,479,0
2204,479,-1
3341,479,1
2769,481,-1
2769,481,1
2744,484,-1
2745,484,-1
2746,484,1
593,486,1
3075,486,-1
3078,486,1
935,491,-1
936,491,1
2912,493,1
3646,493,1
3647,493,-1
1884,497,1
3139,497,-1
1892,498,1
3159,498,-1
3160,498,1
90,500,1
187,500,-1
2266,500,1
2267,500,-1
655,501,-1
659,501,1
3516,501,-1
656,502,-1
2225,502,-1
2226,502,1
732,504,-1
1490,504,-1
1491,504,1
733,506,-1
785,506,-1
786,506,1
2578,507,-1
3834,507,-1
3836,507,1
735,509,-1
792,509,-1
793,509,1
18,513,1
90,513,1
187,513,-1
736,513,-1
744,517,-1
2334,517,-1
2442,517,1
766,525,-1
768,525,1
1978,525,-1
658,527,1
776,527,-1
3238,527,-1
1202,528,1
1330,528,-1
2485,528,-1
409,530,-1
410,530,1
777,530,-1
733,534,-1
779,534,-1
780,534,1
781,535,-1
782,535,-1
784,535,1
733,536,-1
781,536,-1
783,536,1
182,538,-1
1975,538,-1
1976,538,1
497,539,-1
789,539,-1
794,539,1
795,542,-1
3151,542,-1
3868,542,1
790,545,-1
791,545,1
1369,545,-1
791,546,-1
3151,546,-1
3867,546,1
90,549,1
187,549,-1
3282,549,-1
2450,550,1
3766,550,-1
3178,557,-1
798,559,-1
2214,559,-1
2215,559,1
2838,562,-1
2838,562,1
843,563,-1
844,563,1
1342,563,-1
1342,564,-1
2174,564,1
2450,564,1
3741,564,-1
1342,565,-1
2450,565,1
3108,565,-1
736,570,-1
2349,570,-1
2470,570,1
799,571,-1
800,571,1
3016,571,-1
3531,573,1
3532,573,-1
3572,574,-1
3573,574,1
3529,578,1
3531,578,-1
3642,578,1
1546,580,1
3721,580,-1
3607,582,-1
3607,582,1
1549,583,-1
3509,583,1
1548,586,-1
3766,586,1
882,587,1
3382,587,-1
3686,587,1
2531,588,-1
3470,588,1
3654,588,1
2873,590,-1
2874,590,1
3510,590,-1
832,593,0
1084,593,1
1085,593,-1
1086,593,0
806,595,1
807,595,-1
806,596,1
807,596,-1
812,599,-1
814,599,1
3464,599,-1
812,600,-1
813,600,1
817,600,-1
826,605,-1
866,605,-1
868,605,1
1688,605,0
852,606,-1
853,606,1
889,606,-1
914,606,-1
915,606,-1
2267,606,-1
187,611,-1
857,611,1
858,611,-1
3724,611,1
163,612,-1
876,612,-1
878,612,1
869,614,-1
870,614,-1
872,614,1
1865,614,-1
869,618,-1
2982,618,-1
2983,618,1
869,619,-1
3070,619,-1
3071,619,1
869,622,1
870,622,-1
871,622,0
872,622,0
873,622,0
877,623,-1
2709,623,-1
2710,623,1
876,624,-1
1867,624,-1
1868,624,1
2259,628,-1
2385,628,-1
2386,628,1
2259,629,-1
2387,629,-1
2388,629,1
890,633,-1
891,633,1
913,633,-1
899,634,-1
900,634,1
2820,634,-1
893,637,-1
896,637,1
2270,637,-1
893,638,-1
897,638,1
2298,638,-1
90,640,1
187,640,-1
893,640,-1
901,642,-1
902,642,1
1293,642,-1
906,644,-1
907,644,1
2270,644,-1
909,645,-1
910,645,1
2270,645,-1
739,648,1
1342,648,-1
2267,648,-1
917,650,-1
918,650,1
3402,650,-1
917,651,-1
919,651,1
3829,651,-1
921,655,-1
922,655,1
2698,655,-1
921,656,-1
2058,656,-1
2059,656,1
923,658,-1
2066,658,-1
2067,658,1
926,659,-1
927,659,1
3299,659,-1
923,662,1
924,662,-1
941,662,0
936,665,-1
944,665,1
2881,665,-1
936,668,-1
946,668,1
2939,668,-1
155,670,-1
936,670,-1
938,670,1
684,674,-1
939,674,-1
940,674,1
939,676,-1
942,676,1
2263,676,-1
664,677,-1
951,677,-1
952,677,1
951,678,-1
951,678,1
946,679,-1
947,679,1
1205,679,-1
187,683,-1
2705,683,-1
3586,683,1
1342,688,-1
2450,688,1
3258,688,0
3537,688,-1
1342,689,-1
1739,689,1
3537,689,-1
995,690,-1
2430,690,1
2920,690,-1
956,694,-1
964,694,1
967,694,-1
207,695,-1
957,695,-1
968,695,1
958,696,-1
972,696,1
2986,696,-1
513,699,1
514,699,-1
519,699,0
886,700,-1
957,700,-1
2991,700,-1
2992,700,1
804,702,-1
805,702,1
957,702,-1
705,703,-1
706,703,1
957,703,-1
731,705,-1
957,705,-1
1087,705,-1
1807,705,-1
1814,705,1
965,706,-1
1804,706,-1
1805,706,1
1258,712,1
1260,712,-1
1330,712,-1
998,715,-1
3808,715,-1
3810,715,1
1341,717,-1
1341,717,1
988,719,-1
995,719,1
1829,719,-1
1314,727,-1
1316,727,0
1317,727,1
1801,730,1
1802,730,-1
1803,730,0
2989,733,1
2990,733,-1
2992,733,0
137,738,1
138,738,-1
2032,738,0
150,741,1
151,741,-1
2035,741,0
588,745,1
589,745,-1
2039,745,0
1004,747,1
1005,747,-1
2041,747,0
1016,748,1
1017,748,-1
2071,748,0
1215,749,1
1216,749,-1
1217,749,0
1495,751,1
1496,751,-1
1497,751,0
1824,752,1
1825,752,-1
2042,752,0
2304,754,1
2305,754,-1
2306,754,0
2043,755,0
2307,755,1
2308,755,-1
2073,758,0
2897,758,-1
2898,758,1
3134,759,1
3135,759,-1
3138,759,0
1003,763,-1
1003,763,1
1009,765,-1
1013,765,1
1015,765,-1
479,766,-1
1011,766,-1
1014,766,1
478,767,-1
1011,767,-1
1012,767,1
2458,768,1
3151,768,-1
3542,768,-1
1039,772,-1
1040,772,1
1041,772,-1
1444,772,-1
1444,772,0
1042,773,-1
1043,773,1
1044,773,-1
1045,773,0
1444,773,-1
1444,773,0
1586,773,0
187,776,-1
2266,776,1
2267,776,-1
1046,778,0
1047,778,0
1050,778,1
3372,778,-1
187,781,-1
2266,781,1
2267,781,-1
1033,785,-1
1062,785,-1
1065,785,1
1444,785,-1
1444,785,0
1622,785,-1
187,787,-1
2266,787,1
2267,787,-1
1078,796,-1
2487,796,-1
2492,796,1
1080,799,-1
2616,799,-1
2618,799,1
1097,805,-1
1098,805,-1
1099,805,1
1103,807,-1
1104,807,1
1328,807,-1
349,811,-1
353,811,1
1111,811,-1
1112,812,1
1113,812,-1
3478,812,0
1112,813,-1
1112,813,1
90,814,1
187,814,-1
3202,814,-1
90,816,1
187,816,-1
411,816,-1
412,816,1
3288,817,-1
3289,817,1
3832,817,-1
1466,818,-1
3277,818,-1
3279,818,1
3286,819,-1
3286,819,1
3374,819,0
1108,822,-1
1109,822,1
1121,822,-1
1647,824,-1
1648,824,-1
1649,824,-1
1650,824,-1
1651,824,-1
2748,824,1
426,825,-1
427,825,-1
428,825,1
306,827,-1
307,827,1
727,827,-1
1105,828,1
1338,828,-1
1123,829,-1
1124,829,1
3294,829,-1
1125,830,1
1202,830,1
1203,830,-1
2459,830,-1
435,831,-1
1127,831,1
1156,831,-1
327,832,1
1126,832,-1
1157,833,1
1158,833,-1
1128,835,-1
1162,835,1
2450,835,1
2546,835,0
1129,838,-1
1162,838,1
1129,839,1
1130,839,-1
1132,842,1
1133,842,-1
1134,846,1
1135,846,-1
2450,846,1
90,847,1
187,847,-1
1137,847,-1
1138,848,-1
3764,848,1
1233,853,-1
1234,853,1
2213,853,-1
90,856,1
187,856,-1
2267,856,-1
1150,861,1
1152,861,-1
1175,861,1
1147,864,1
1174,864,-1
1175,864,-1
984,867,1
994,867,-1
1162,867,1
1412,868,-1
1418,868,1
2411,868,-1
1301,869,-1
1304,869,1
2266,869,-1
90,870,1
187,870,-1
839,870,-1
1186,872,-1
1187,872,-1
1188,872,1
2437,874,-1
2441,874,1
2536,874,-1
2589,877,-1
2592,877,-1
2593,877,1
167,878,-1
2614,878,-1
2615,878,1
169,879,-1
2638,879,1
2641,879,-1
1330,880,-1
2569,880,1
2761,880,-1
947,881,0
1204,881,1
1205,881,-1
165,882,-1
1206,882,-1
1413,882,-1
1415,882,1
1208,883,-1
1209,883,1
1210,883,-1
1212,885,-1
1213,885,-1
1214,885,1
90,886,1
187,886,-1
3528,886,-1
31,889,-1
35,889,1
2366,889,-1
30,892,-1
32,892,1
1423,892,-1
2925,894,1
3877,894,-1
2925,895,1
3876,895,-1
1216,898,-1
1217,898,1
1226,898,-1
1222,899,-1
1223,899,1
1226,899,-1
1226,900,-1
2366,900,-1
2367,900,1
1227,903,-1
1227,903,1
1608,903,0
1228,904,1
1229,904,-1
3412,904,-1
620,905,-1
1235,905,-1
1516,905,1
1237,907,-1
1239,907,-1
1245,907,1
1237,908,-1
1240,908,-1
1246,908,1
1237,909,-1
1238,909,-1
1244,909,1
2117,913,-1
2118,913,1
2119,913,-1
988,914,-1
1259,914,-1
1260,914,1
1265,917,-1
1265,917,1
43,919,-1
1271,919,-1
1272,919,1
21,920,-1
1274,920,-1
1275,920,1
1278,922,-1
1279,922,1
2362,922,-1
1341,924,-1
3814,924,-1
3815,924,1
1284,925,-1
1285,925,-1
1286,925,1
1293,928,-1
1294,928,1
3499,928,-1
1293,930,-1
1296,930,1
3727,930,-1
1293,931,-1
1297,931,1
3766,931,-1
1330,933,-1
3791,933,-1
3792,933,1
831,935,-1
839,935,1
1302,935,-1
1293,936,-1
1306,936,1
3510,936,-1
1293,937,-1
1305,937,1
1344,937,-1
846,938,-1
847,938,1
1293,938,-1
1293,940,-1
2068,940,1
2447,940,-1
1293,942,-1
2225,942,-1
2228,942,1
1299,945,1
1310,945,-1
644,947,-1
886,947,-1
957,947,-1
1313,947,-1
1319,947,1
469,949,-1
1321,949,-1
1323,949,1
3356,949,0
1166,951,1
1167,951,-1
1324,951,-1
103,952,-1
104,952,1
1322,952,-1
187,954,-1
3788,954,-1
3790,954,1
1330,955,-1
2552,955,-1
2553,955,1
559,957,-1
1529,957,-1
2484,957,1
1336,959,1
1337,959,-1
3131,959,-1
365,961,-1
1143,961,-1
1144,961,1
1897,963,-1
1939,963,1
2011,963,1
501,965,-1
1196,965,-1
1334,965,1
1175,966,-1
1181,966,1
2300,966,-1
1198,969,-1
1230,969,-1
1231,969,1
1125,970,-1
3129,970,1
3130,970,-1
1471,971,-1
2120,971,1
1335,972,-1
1337,972,1
3133,972,-1
216,981,-1
598,981,1
1342,981,-1
1370,982,-1
1372,982,1
3025,982,-1
1370,983,1
1371,983,-1
1993,983,0
1998,983,0
1373,985,1
1374,985,-1
1991,985,0
1377,988,1
1378,988,-1
2005,988,0
1379,990,1
1380,990,-1
2005,990,0
371,992,0
1383,992,-1
1384,992,1
1772,992,-1
1422,995,-1
1477,995,-1
1481,995,1
1342,999,-1
1791,999,1
2886,999,0
3840,999,-1
1431,1000,-1
1432,1000,-1
1433,1000,1
1435,1002,-1
1436,1002,-1
1437,1002,1
1435,1003,-1
1438,1003,1
1482,1003,-1
1442,1006,-1
1443,1006,1
1482,1006,-1
982,1007,-1
983,1007,1
1445,1007,-1
1451,1008,-1
3386,1008,-1
3387,1008,1
1451,1010,-1
3231,1010,-1
3232,1010,1
42,1011,-1
1459,1011,-1
1460,1011,1
984,1015,-1
994,1015,1
1467,1015,-1
3151,1016,1
3863,1016,-1
1472,1020,-1
1477,1020,1
1472,1021,-1
1472,1021,1
429,1022,-1
1477,1022,-1
1478,1022,1
1194,1024,-1
1477,1024,-1
1480,1024,1
2365,1024,-1
2845,1030,-1
2999,1030,1
3005,1030,-1
421,1031,-1
425,1031,1
1487,1031,-1
366,1034,1
367,1034,-1
1491,1034,0
2773,1034,1
2777,1034,-1
1501,1037,-1
1502,1037,1
1510,1037,-1
1503,1039,-1
1507,1039,1
1534,1039,-1
187,1042,-1
1506,1042,-1
1509,1042,1
1512,1045,0
1740,1045,1
1741,1045,-1
90,1049,1
187,1049,-1
1542,1049,-1
2261,1052,-1
2396,1052,-1
2397,1052,1
114,1055,0
716,1055,-1
716,1055,1
1485,1055,0
1001,1059,-1
2483,1059,1
2484,1059,-1
2488,1059,0
187,1061,-1
1903,1061,-1
1915,1061,1
3151,1064,-1
3187,1064,1
3605,1064,-1
187,1065,-1
1732,1065,-1
3495,1065,1
1155,1067,1
1157,1067,-1
1175,1067,-1
1162,1068,-1
1175,1068,-1
1467,1068,1
3319,1072,-1
3397,1072,-1
3398,1072,1
1184,1074,-1
1185,1074,1
1311,1074,-1
3399,1078,-1
1551,1080,1
1552,1080,-1
156,1083,-1
157,1083,1
2810,1083,-1
1613,1084,-1
1615,1084,1
3850,1084,-1
2416,1085,-1
2417,1085,1
3510,1085,-1
2810,1087,1
2936,1087,-1
3510,1087,-1
360,1089,-1
361,1089,1
3510,1089,-1
1546,1091,-1
1549,1091,1
1330,1092,-1
3791,1092,-1
3792,1092,1
1561,1093,-1
1563,1093,1
1989,1093,-1
1566,1095,-1
1568,1095,1
1978,1095,-1
90,1096,1
187,1096,-1
1658,1096,-1
1659,1096,1
1665,1096,0
187,1097,-1
1666,1097,-1
1669,1097,1
187,1099,-1
1659,1099,-1
1660,1099,1
90,1102,1
187,1102,-1
898,1102,-1
1570,1103,-1
1571,1103,1
2810,1103,-1
187,1104,-1
895,1104,-1
906,1104,1
187,1106,-1
903,1106,-1
904,1106,1
90,1107,1
187,1107,-1
891,1107,-1
892,1107,1
1573,1109,-1
1574,1109,1
1744,1109,-1
1444,1113,-1
1585,1113,-1
1586,1113,1
214,1114,-1
2975,1114,1
2976,1114,-1
2889,1115,-1
2890,1115,1
3151,1115,-1
1591,1116,1
1592,1116,-1
2727,1116,0
29,1119,-1
597,1119,1
640,1119,1
1593,1119,1
2126,1119,-1
2922,1119,1
3703,1119,1
3706,1119,-1
1593,1120,-1
1809,1120,1
1812,1120,-1
1595,1121,1
1599,1121,-1
1600,1121,1
29,1122,-1
597,1122,1
1601,1122,1
2126,1122,-1
2922,1122,1
3701,1122,-1
3704,1122,1
1605,1123,1
1654,1123,-1
3296,1123,-1
1616,1126,-1
1617,1126,1
3859,1126,-1
1613,1127,-1
1618,1127,1
3861,1127,-1
1627,1128,1
1629,1128,-1
1630,1128,0
1635,1131,-1
2567,1131,-1
2568,1131,1
1636,1132,-1
1638,1132,0
1837,1132,-1
1838,1132,1
173,1133,-1
1158,1133,-1
1159,1133,1
90,1137,1
187,1137,-1
1352,1137,-1
1353,1137,1
90,1139,1
187,1139,-1
1424,1139,-1
3770,1139,1
1680,1140,1
1787,1140,-1
2911,1140,-1
2918,1140,-1
1681,1141,1
2813,1141,-1
3510,1141,-1
1682,1142,-1
1683,1142,-1
1684,1142,1
1698,1146,-1
1699,1146,1
3001,1146,-1
187,1149,-1
897,1149,-1
908,1149,1
2464,1151,-1
2994,1151,1
1653,1152,-1
2995,1152,1
3013,1152,-1
1202,1154,1
1330,1154,-1
1711,1154,1
1712,1154,-1
1155,1155,-1
1710,1155,-1
1712,1155,1
1330,1159,-1
1717,1159,1
1718,1159,-1
1469,1161,-1
1719,1161,-1
1720,1161,1
95,1163,-1
1470,1163,-1
1721,1163,1
1725,1164,-1
2148,1164,1
2449,1164,-1
1673,1166,1
1674,1166,-1
3392,1166,-1
1726,1168,-1
1726,1168,1
1797,1168,0
187,1174,-1
3264,1174,-1
3265,1174,1
187,1176,-1
1518,1176,-1
1519,1176,1
187,1179,-1
2838,1179,-1
3596,1179,1
90,1183,1
187,1183,-1
1295,1183,-1
187,1184,-1
1297,1184,-1
1300,1184,1
1742,1185,-1
1742,1185,1
3151,1188,1
3870,1188,-1
187,1190,-1
643,1190,-1
3572,1190,1
90,1192,1
187,1192,-1
1498,1192,1
2324,1192,1
2326,1192,-1
3612,1192,1
1771,1198,-1
3478,1198,-1
3480,1198,1
1688,1199,-1
1772,1199,-1
1773,1199,1
1400,1200,1
1420,1200,-1
2523,1200,-1
1402,1201,1
1420,1201,-1
2821,1201,-1
1405,1203,1
1420,1203,-1
3065,1203,-1
90,1209,1
187,1209,-1
1402,1209,-1
187,1210,-1
1403,1210,-1
1420,1210,1
1963,1214,-1
1965,1214,1
3440,1214,-1
1777,1220,-1
2899,1220,-1
2900,1220,1
992,1224,0
1343,1224,1
1346,1224,-1
1348,1224,1
2784,1224,0
1342,1225,-1
2450,1225,1
3398,1225,-1
186,1226,-1
187,1226,-1
3625,1226,1
1793,1229,1
1794,1229,-1
1795,1229,-1
1391,1233,1
1420,1233,-1
1798,1233,-1
933,1234,0
1799,1234,1
1800,1234,-1
1752,1235,-1
1753,1235,1
1806,1235,-1
1806,1238,1
1807,1238,-1
3484,1238,0
123,1239,-1
1819,1239,-1
1820,1239,1
1823,1240,1
1908,1240,-1
469,1241,-1
1826,1241,-1
1827,1241,1
3553,1241,0
1952,1244,-1
1952,1244,1
3032,1244,0
1789,1247,-1
1790,1247,1
1832,1247,-1
1783,1249,-1
1834,1249,-1
1835,1249,1
1928,1255,-1
1929,1255,1
2720,1255,-1
1342,1256,-1
2932,1256,1
3577,1256,0
3669,1256,-1
187,1257,-1
1843,1257,-1
3693,1257,1
1270,1260,-1
1273,1260,1
1873,1260,-1
1850,1261,1
3879,1261,-1
603,1262,-1
1866,1262,-1
2711,1262,-1
2712,1262,1
1875,1266,-1
1931,1266,-1
1934,1266,1
1875,1267,-1
1876,1267,1
2348,1267,-1
1875,1268,-1
1875,1268,1
959,1269,1
960,1269,-1
1879,1269,-1
57,1270,-1
1879,1270,-1
1880,1270,1
1879,1271,-1
3137,1271,-1
3138,1271,1
886,1273,-1
887,1273,1
1880,1273,-1
960,1274,-1
970,1274,1
1882,1274,-1
932,1276,-1
934,1276,1
1887,1276,-1
934,1277,-1
3151,1277,-1
3169,1277,1
2373,1278,-1
2454,1278,1
3151,1278,-1
1888,1281,1
3151,1281,-1
3183,1281,1
3658,1281,-1
1893,1283,-1
1936,1283,1
1988,1283,1
1894,1284,-1
2003,1284,1
1902,1285,-1
1902,1285,1
2888,1286,1
2890,1286,-1
1900,1287,-1
2176,1287,-1
2181,1287,1
1922,1289,-1
3413,1289,1
3414,1289,-1
874,1290,-1
875,1290,1
3501,1290,0
644,1294,-1
886,1294,-1
1729,1294,-1
1935,1294,-1
1954,1294,1
2198,1294,-1
90,1295,1
187,1295,-1
581,1295,1
644,1295,1
886,1295,1
1729,1295,1
1955,1295,-1
2542,1295,1
3540,1295,1
1937,1301,-1
1937,1301,1
1942,1305,1
1943,1305,-1
1944,1305,0
187,1306,-1
2963,1306,-1
3710,1306,1
3824,1307,-1
3824,1307,1
1945,1308,-1
1949,1308,-1
1950,1308,1
1335,1309,-1
1952,1309,1
1376,1313,-1
1954,1313,-1
1958,1313,1
1962,1314,-1
1964,1314,1
2832,1314,0
1537,1315,-1
1953,1315,-1
1977,1315,1
2112,1315,-1
757,1316,-1
1953,1316,-1
1973,1316,1
762,1318,-1
763,1318,1
1972,1318,-1
766,1319,-1
767,1319,1
1972,1319,-1
773,1320,-1
774,1320,1
1975,1320,-1
521,1324,0
802,1324,0
1954,1324,0
1961,1324,-1
1963,1324,1
1963,1325,-1
1965,1325,0
1966,1325,0
1967,1325,0
2460,1325,1
1370,1326,1
1371,1326,-1
1956,1326,0
1806,1329,1
1807,1329,-1
1959,1329,0
1970,1330,1
1971,1330,-1
2311,1330,-1
637,1331,-1
639,1331,1
1978,1331,-1
886,1333,-1
1332,1333,-1
1979,1333,-1
1983,1333,1
3573,1333,-1
1019,1334,-1
1979,1334,-1
1980,1334,1
1371,1335,-1
1979,1335,-1
1981,1335,1
1986,1338,-1
1987,1338,0
2461,1338,1
1370,1340,1
1371,1340,-1
1981,1340,0
1019,1341,-1
1020,1341,1
1980,1341,0
1373,1342,1
1374,1342,-1
1982,1342,0
762,1344,-1
765,1344,1
1990,1344,-1
1561,1346,-1
1564,1346,1
1990,1346,-1
1566,1347,-1
1569,1347,1
1990,1347,-1
1990,1349,-1
3316,1349,-1
3317,1349,1
857,1350,-1
858,1350,1
1937,1350,-1
1371,1353,-1
1991,1353,-1
1993,1353,1
1991,1355,-1
1995,1355,1
2196,1355,-1
1991,1356,-1
1997,1356,1
3297,1356,-1
1991,1357,-1
1996,1357,1
2372,1357,-1
1960,1358,0
1991,1358,0
1999,1358,-1
2000,1358,1
3629,1358,0
2000,1359,-1
2001,1359,0
2002,1359,0
2462,1359,1
1573,1363,0
2007,1363,-1
2008,1363,1
1872,1367,-1
2126,1367,-1
2127,1367,1
50,1370,-1
2044,1370,-1
2045,1370,1
2029,1371,-1
2051,1371,-1
2070,1371,-1
2072,1371,1
2797,1371,-1
2029,1372,-1
2051,1372,-1
2070,1372,-1
2073,1372,1
2897,1372,-1
138,1375,-1
2029,1375,-1
2032,1375,1
2051,1375,-1
151,1378,-1
2029,1378,-1
2035,1378,1
2051,1378,-1
177,1381,-1
2029,1381,-1
2038,1381,1
2051,1381,-1
589,1382,-1
2029,1382,-1
2039,1382,1
2051,1382,-1
1825,1385,-1
2029,1385,-1
2042,1385,1
2051,1385,-1
2029,1386,-1
2047,1386,-1
2048,1386,1
2051,1386,-1
2029,1387,-1
2051,1387,-1
2305,1387,-1
2306,1387,1
1017,1389,-1
2029,1389,-1
2051,1389,-1
2070,1389,-1
2071,1389,1
2051,1392,-1
2052,1392,-1
2070,1392,-1
2074,1392,1
2200,1392,-1
2053,1393,-1
2054,1393,1
2374,1393,-1
1315,1394,-1
1316,1394,1
1882,1394,-1
2057,1394,-1
3327,1394,-1
49,1396,-1
1905,1396,1
1919,1396,-1
1189,1397,-1
2064,1397,-1
2065,1397,1
187,1398,-1
1749,1398,-1
3656,1398,1
1540,1399,-1
1906,1399,1
3413,1399,-1
2075,1400,-1
2076,1400,1
3246,1400,-1
2080,1402,-1
2081,1402,1
2101,1402,-1
2081,1404,-1
2082,1404,1
2101,1404,-1
2095,1406,-1
2096,1406,1
2101,1406,-1
187,1408,-1
2097,1408,-1
2098,1408,1
90,1410,1
187,1410,-1
363,1410,-1
364,1410,1
398,1411,0
1202,1411,1
1330,1411,-1
3791,1411,-1
1330,1412,-1
3791,1412,-1
3792,1412,1
1330,1413,-1
2485,1413,-1
2487,1413,1
187,1415,-1
408,1415,-1
414,1415,1
187,1420,-1
405,1420,-1
406,1420,1
90,1422,1
187,1422,-1
413,1422,-1
396,1424,-1
398,1424,1
2411,1424,-1
1330,1425,-1
2094,1425,0
3791,1425,-1
3792,1425,1
90,1427,1
187,1427,-1
2083,1427,-1
187,1428,-1
2090,1428,-1
2092,1428,1
187,1429,-1
2091,1429,-1
2093,1429,1
1537,1432,-1
2112,1432,-1
2113,1432,1
1215,1434,-1
1219,1434,1
2113,1434,-1
1219,1435,-1
3151,1435,-1
3869,1435,1
1946,1438,-1
1947,1438,-1
1948,1438,1
2028,1440,-1
2115,1440,-1
2116,1440,1
2122,1442,1
2129,1442,-1
2315,1442,-1
1342,1443,-1
1735,1443,1
3652,1443,-1
29,1444,-1
2135,1444,-1
2136,1444,1
2240,1445,-1
2242,1445,1
3465,1445,-1
2130,1446,-1
2141,1446,-1
2144,1446,1
2130,1447,1
2144,1447,-1
1149,1450,-1
1151,1450,1
2148,1450,-1
957,1453,-1
1428,1453,-1
1483,1453,1
1808,1453,-1
56,1455,-1
58,1455,1
2051,1455,-1
2137,1458,-1
2138,1458,-1
2139,1458,1
90,1460,-1
2154,1460,-1
2156,1460,1
2157,1460,0
1682,1462,-1
2150,1462,-1
2151,1462,1
187,1463,-1
2152,1463,-1
2153,1463,1
90,1464,-1
2158,1464,-1
2159,1464,1
2160,1465,-1
2161,1465,1
3130,1465,-1
188,1466,-1
2163,1466,-1
2164,1466,1
1682,1468,-1
1686,1468,-1
2167,1468,1
2168,1469,-1
2169,1469,1
3129,1469,-1
1682,1470,-1
1685,1470,-1
2170,1470,1
174,1474,-1
2175,1474,-1
2180,1474,1
1176,1475,1
1178,1475,-1
90,1477,1
187,1477,-1
3578,1477,-1
3591,1477,1
90,1479,1
187,1479,-1
1843,1479,-1
3694,1479,1
187,1480,-1
1745,1480,-1
3547,1480,1
187,1481,-1
3554,1481,1
3713,1481,1
3714,1481,-1
24,1482,-1
3714,1482,1
187,1483,-1
3196,1483,-1
3627,1483,1
187,1487,-1
2932,1487,-1
3670,1487,1
2188,1488,-1
2189,1488,1
3397,1488,-1
1869,1489,-1
2190,1489,1
3481,1489,-1
2194,1490,-1
3478,1490,-1
3481,1490,1
1995,1491,0
2195,1491,1
2196,1491,-1
132,1492,1
1342,1492,-1
3367,1492,-1
132,1497,1
1342,1497,-1
3367,1497,-1
2214,1499,-1
2215,1499,0
2769,1499,-1
2770,1499,1
1000,1500,-1
2216,1500,-1
2217,1500,1
333,1501,-1
2224,1501,1
2239,1501,0
2241,1501,-1
2242,1501,0
728,1503,1
1852,1503,1
2218,1503,1
3845,1503,-1
3355,1504,1
3846,1504,-1
2219,1505,-1
2238,1505,1
3860,1505,-1
2244,1510,-1
2245,1510,1
2267,1510,-1
2246,1512,-1
2247,1512,1
2351,1512,-1
187,1513,-1
1864,1513,0
3556,1513,-1
3657,1513,1
118,1514,-1
187,1514,-1
3684,1514,1
2253,1516,-1
3652,1516,-1
3653,1516,1
942,1518,0
2262,1518,1
2263,1518,-1
1342,1519,-1
3657,1519,-1
3660,1519,1
2225,1521,-1
2232,1521,1
2268,1521,-1
986,1522,1
987,1522,-1
2269,1522,-1
841,1523,-1
842,1523,1
2279,1523,-1
187,1528,-1
2266,1528,1
2267,1528,-1
90,1530,1
187,1530,-1
2276,1530,-1
187,1537,-1
2266,1537,1
2267,1537,-1
2266,1538,-1
2286,1538,1
2554,1538,-1
115,1539,-1
120,1539,1
2266,1539,-1
2289,1543,-1
2469,1543,1
187,1548,-1
1225,1548,-1
3811,1548,1
187,1551,-1
1613,1551,-1
2349,1551,-1
3534,1551,1
1153,1553,1
1172,1553,-1
2471,1553,-1
187,1556,-1
2282,1556,-1
2283,1556,1
187,1557,-1
2883,1557,-1
3595,1557,1
90,1559,1
187,1559,-1
3700,1559,-1
3702,1559,1
1623,1561,-1
3699,1561,-1
3700,1561,1
1167,1562,-1
2297,1562,1
2299,1562,-1
2301,1564,1
2302,1564,-1
2225,1565,-1
2233,1565,1
2303,1565,-1
865,1566,1
2303,1566,-1
2444,1566,-1
90,1568,1
187,1568,-1
865,1568,-1
2313,1571,-1
2838,1571,-1
2840,1571,1
1190,1574,1
1342,1574,-1
2845,1574,1
3008,1574,-1
669,1575,1
3607,1575,-1
1342,1576,-1
2450,1576,1
3604,1576,-1
1342,1577,-1
3396,1577,0
3804,1577,-1
3806,1577,1
1342,1578,-1
3376,1578,1
3398,1578,-1
1342,1579,-1
2450,1579,1
3803,1579,-1
1342,1581,-1
2333,1581,1
2450,1581,1
2838,1581,1
3482,1581,-1
2333,1582,-1
3478,1582,-1
3482,1582,1
1292,1584,1
2329,1584,-1
2340,1585,1
2341,1585,-1
2829,1585,0
1920,1586,1
2342,1586,-1
3413,1586,-1
1484,1587,-1
2342,1587,-1
2343,1587,1
187,1592,-1
2248,1592,-1
2249,1592,1
971,1596,1
2357,1596,-1
2959,1596,-1
2373,1602,-1
2379,1602,1
3763,1602,-1
879,1604,0
1575,1604,0
1727,1604,0
1765,1604,0
2054,1604,0
2332,1604,0
2374,1604,-1
2375,1604,1
2793,1604,0
2866,1604,0
3068,1604,0
3692,1604,0
2380,1608,-1
3435,1608,-1
3438,1608,1
2260,1609,-1
2392,1609,-1
2394,1609,1
2392,1610,-1
2393,1610,-1
2395,1610,1
90,1612,1
187,1612,-1
3230,1612,-1
1830,1617,1
1831,1617,-1
3825,1617,-1
187,1618,-1
3234,1618,-1
3236,1618,1
116,1620,-1
3744,1620,-1
3745,1620,1
159,1621,-1
3744,1621,-1
3746,1621,1
166,1622,-1
3744,1622,-1
3747,1622,1
381,1623,-1
3744,1623,-1
3748,1623,1
778,1624,-1
3744,1624,-1
3750,1624,1
187,1629,-1
3729,1629,1
3744,1629,1
3747,1629,-1
187,1630,-1
3734,1630,1
3744,1630,1
3748,1630,-1
90,1631,1
187,1631,-1
488,1631,-1
187,1632,-1
3749,1632,-1
3784,1632,1
90,1633,1
187,1633,-1
3744,1633,1
3750,1633,-1
3761,1633,1
187,1635,-1
1603,1635,-1
3722,1635,1
187,1636,-1
1604,1636,-1
3723,1636,1
90,1637,1
187,1637,-1
3753,1637,-1
14,1642,1
453,1642,-1
2407,1642,-1
2410,1645,-1
3744,1645,-1
3752,1645,1
1342,1646,-1
2410,1646,1
3752,1646,-1
857,1647,-1
861,1647,1
1342,1647,-1
1342,1648,-1
1465,1648,1
3520,1648,-1
2413,1650,-1
2444,1650,-1
2445,1650,1
1342,1651,-1
2443,1651,1
2445,1651,-1
325,1655,-1
1342,1655,-1
2450,1655,1
2418,1656,-1
2419,1656,1
3651,1656,-1
1342,1657,-1
2419,1657,-1
2420,1657,1
487,1661,-1
2428,1661,-1
2429,1661,1
2398,1664,-1
2399,1664,-1
2400,1664,1
3414,1665,1
3843,1665,-1
2368,1667,-1
2369,1667,1
2434,1667,0
2855,1667,-1
422,1670,1
424,1670,-1
2844,1671,-1
3474,1671,-1
3475,1671,1
335,1673,1
716,1673,-1
2197,1673,-1
3621,1673,-1
831,1674,-1
845,1674,1
2303,1674,-1
3318,1675,-1
3408,1675,-1
3411,1675,1
132,1676,-1
3511,1676,-1
3512,1676,1
2288,1677,-1
3832,1677,-1
3837,1677,1
1770,1678,-1
3520,1678,-1
3522,1678,1
1412,1679,-1
1417,1679,1
2279,1679,-1
1351,1680,-1
1352,1680,1
1678,1680,-1
1690,1680,-1
2403,1680,-1
1660,1682,-1
1661,1682,1
2812,1682,-1
1533,1683,-1
1661,1683,-1
1662,1683,1
1660,1685,-1
1665,1685,1
2871,1685,-1
1660,1686,-1
1666,1686,1
2908,1686,-1
1660,1687,-1
1667,1687,1
2909,1687,-1
3652,1688,-1
3652,1688,1
3653,1688,0
1654,1689,-1
1655,1689,1
3539,1689,-1
158,1691,-1
3697,1691,-1
3699,1691,1
657,1692,-1
3739,1692,-1
3740,1692,1
2844,1694,-1
3477,1694,-1
3478,1694,1
3010,1695,1
3012,1695,-1
3779,1699,-1
3780,1699,1
1670,1700,-1
3645,1700,1
90,1701,1
187,1701,-1
2266,1701,-1
3194,1701,-1
3715,1701,1
187,1702,-1
881,1702,-1
3616,1702,1
187,1705,-1
1071,1705,0
3381,1705,-1
3382,1705,1
3406,1705,0
3411,1705,0
187,1709,-1
835,1709,-1
848,1709,1
187,1712,-1
1185,1712,-1
3468,1712,1
90,1713,1
187,1713,-1
1536,1713,-1
90,1714,1
187,1714,-1
1571,1714,-1
187,1715,-1
1655,1715,-1
3535,1715,1
187,1717,-1
1655,1717,-1
3535,1717,1
90,1718,1
187,1718,-1
1655,1718,-1
90,1719,1
187,1719,-1
3291,1719,1
3292,1719,-1
90,1721,1
187,1721,-1
1788,1721,-1
3539,1721,1
90,1723,1
187,1723,-1
1788,1723,-1
187,1726,-1
3798,1726,1
3800,1726,-1
187,1727,-1
2704,1727,-1
3506,1727,1
187,1734,-1
3530,1734,-1
3532,1734,1
90,1736,1
187,1736,-1
2915,1736,-1
3649,1736,1
187,1737,-1
3101,1737,-1
3637,1737,1
187,1738,-1
3145,1738,-1
3709,1738,1
90,1739,1
187,1739,-1
3301,1739,-1
3635,1739,1
187,1743,-1
672,1743,-1
3619,1743,1
187,1748,-1
1104,1748,0
3613,1748,1
3688,1748,-1
90,1750,1
187,1750,-1
1104,1750,0
3608,1750,1
3613,1750,-1
2894,1751,-1
3185,1751,-1
3186,1751,1
3186,1752,-1
3186,1752,1
3414,1754,-1
3414,1754,1
3843,1754,-1
1619,1755,-1
1620,1755,1
1621,1755,1
726,1756,1
1342,1756,-1
1849,1756,1
2884,1756,-1
1777,1758,-1
2467,1758,-1
2468,1758,1
90,1759,1
957,1759,-1
962,1759,1
1072,1759,1
1449,1759,-1
1450,1759,1
2391,1759,1
2354,1761,-1
2355,1761,-1
2356,1761,1
2474,1765,-1
3116,1765,1
3351,1765,-1
1207,1766,0
1415,1766,-1
1420,1766,1
1342,1767,-1
2450,1767,1
2487,1767,-1
168,1768,-1
2485,1768,-1
2486,1768,1
1330,1769,-1
2485,1769,-1
2487,1769,1
559,1771,-1
561,1771,1
2182,1771,1
2183,1771,-1
2479,1775,-1
2487,1775,-1
2494,1775,1
2487,1776,-1
2487,1776,1
378,1778,-1
2266,1778,-1
2487,1778,-1
3260,1778,-1
3295,1778,1
2012,1779,-1
2013,1779,1
2487,1779,-1
2018,1780,-1
2019,1780,1
2487,1780,-1
2467,1781,-1
2492,1781,-1
2493,1781,1
167,1783,-1
171,1783,1
2500,1783,-1
2497,1786,-1
2501,1786,-1
2504,1786,1
2499,1788,-1
2501,1788,-1
2502,1788,1
2501,1789,-1
2501,1789,1
2501,1790,-1
2501,1790,1
2501,1791,-1
2501,1791,1
1342,1793,-1
2509,1793,1
2511,1793,-1
2508,1796,-1
2511,1796,-1
2513,1796,1
1413,1801,-1
1416,1801,1
2532,1801,-1
1202,1805,1
1330,1805,-1
3791,1805,-1
1330,1807,-1
3791,1807,-1
3792,1807,1
1202,1808,1
1330,1808,-1
3791,1808,-1
1202,1811,1
1330,1811,-1
3791,1811,-1
1202,1812,1
1330,1812,-1
3791,1812,-1
1342,1814,-1
2186,1814,1
2433,1814,0
2767,1814,1
2775,1814,-1
2268,1815,-1
3792,1815,-1
3795,1815,1
2536,1819,1
3730,1819,0
3797,1819,-1
2777,1820,1
2778,1820,-1
1869,1821,-1
1870,1821,1
3363,1821,-1
1341,1823,-1
1872,1823,-1
3362,1823,-1
3363,1823,1
2545,1825,-1
3250,1825,-1
3252,1825,1
2557,1830,-1
2575,1830,-1
2588,1830,1
2246,1832,-1
2564,1832,-1
2565,1832,1
2575,1833,-1
2582,1833,1
2675,1833,-1
2585,1838,-1
2587,1838,1
2957,1838,-1
1342,1839,-1
2450,1839,1
2594,1839,-1
2590,1841,-1
2594,1841,-1
2598,1841,1
749,1844,-1
2594,1844,-1
2595,1844,1
1330,1847,-1
2603,1847,-1
2605,1847,1
2608,1850,-1
2610,1850,-1
2611,1850,1
1342,1851,-1
2450,1851,1
2609,1851,1
2610,1851,-1
1202,1853,1
1330,1853,-1
2614,1853,-1
2612,1855,-1
2616,1855,-1
2620,1855,1
1202,1858,1
1330,1858,-1
2626,1858,-1
2622,1859,-1
2627,1859,-1
2630,1859,1
2623,1860,-1
2627,1860,-1
2631,1860,1
2625,1862,-1
2627,1862,-1
2633,1862,1
2627,1864,-1
2627,1864,1
2627,1866,-1
2627,1866,1
1342,1868,-1
2450,1868,1
2635,1868,1
2636,1868,-1
2634,1870,-1
2636,1870,-1
2637,1870,1
1342,1871,-1
2641,1871,1
2642,1871,-1
2639,1873,-1
2642,1873,-1
2643,1873,1
2640,1874,-1
2642,1874,-1
2644,1874,1
2642,1875,-1
2642,1875,1
1330,1876,-1
2645,1876,-1
2647,1876,1
1247,1883,-1
2656,1883,-1
2657,1883,1
2656,1886,-1
2656,1886,1
1202,1887,1
1330,1887,-1
2660,1887,-1
2659,1888,-1
2661,1888,-1
2662,1888,1
2663,1891,-1
2665,1891,-1
2666,1891,1
1342,1892,-1
2664,1892,1
2665,1892,-1
1202,1893,1
1330,1893,-1
2668,1893,-1
2667,1894,-1
2669,1894,-1
2670,1894,1
2594,1897,-1
2597,1897,1
2676,1897,-1
628,1900,0
3045,1900,-1
3151,1900,1
3615,1900,0
338,1901,-1
1202,1901,1
1330,1901,-1
336,1902,-1
337,1902,1
375,1902,-1
1330,1903,-1
2683,1903,-1
2685,1903,1
1330,1905,-1
2687,1905,-1
2689,1905,1
2695,1910,1
2848,1910,-1
3151,1910,-1
3181,1910,1
2453,1912,1
2764,1912,-1
3151,1912,-1
922,1915,-1
2698,1915,1
3151,1915,-1
3167,1915,1
305,1917,1
2569,1917,-1
2699,1917,-1
2700,1917,0
2579,1919,1
2584,1919,-1
2708,1921,1
2709,1921,-1
2710,1921,0
2712,1921,0
187,1922,-1
643,1922,-1
3572,1922,1
2558,1925,1
2569,1925,-1
2719,1925,-1
957,1929,-1
2723,1929,-1
2724,1929,1
2007,1930,-1
2722,1930,-1
2728,1930,1
1003,1931,-1
2741,1931,-1
2743,1931,1
1855,1932,-1
1863,1932,1
2744,1932,-1
3190,1932,-1
2515,1933,-1
3800,1933,-1
3805,1933,1
2713,1934,-1
2714,1934,-1
2747,1934,1
2747,1935,-1
2748,1935,-1
2749,1935,1
2522,1937,-1
2757,1937,1
3792,1937,-1
1544,1939,1
3400,1939,-1
510,1945,-1
537,1945,-1
538,1945,1
3307,1946,-1
3308,1946,-1
3309,1946,1
505,1954,-1
523,1954,-1
524,1954,1
512,1955,-1
529,1955,-1
530,1955,1
685,1956,-1
697,1956,-1
698,1956,1
381,1957,-1
382,1957,1
3111,1957,-1
488,1958,-1
492,1958,1
1340,1958,-1
1291,1959,1
1292,1959,-1
3111,1959,-1
1293,1961,-1
1308,1961,1
3760,1961,-1
185,1962,-1
1626,1962,-1
1771,1962,-1
2538,1962,-1
2966,1962,-1
2967,1962,1
2910,1963,-1
3529,1963,-1
3530,1963,1
2738,1965,-1
2739,1965,-1
2740,1965,1
2733,1967,-1
2734,1967,-1
2735,1967,1
662,1968,1
3110,1968,-1
2123,1969,-1
2123,1969,1
2868,1970,-1
3257,1970,-1
3270,1970,-1
3272,1970,1
469,1973,-1
2768,1973,-1
2769,1973,1
3820,1973,0
2187,1974,-1
2766,1974,-1
2772,1974,1
948,1976,0
2780,1976,1
2781,1976,-1
2783,1978,-1
2785,1978,-1
2787,1978,1
2788,1978,0
2783,1980,-1
2789,1980,-1
2790,1980,1
2124,1982,-1
2793,1982,1
2794,1982,-1
3151,1984,-1
3819,1984,-1
3877,1984,1
3151,1985,-1
3789,1985,-1
3876,1985,1
90,1992,1
187,1992,-1
643,1992,-1
187,1993,-1
2899,1993,-1
3559,1993,1
1847,1994,-1
2225,1994,-1
2230,1994,1
306,1995,-1
313,1995,1
2819,1995,-1
187,1996,-1
313,1996,-1
314,1996,1
2412,1998,-1
3575,1998,-1
3576,1998,1
2412,1999,0
2820,1999,-1
2823,1999,1
3520,1999,-1
400,2001,-1
401,2001,1
1293,2001,-1
1550,2002,1
1555,2002,-1
187,2004,-1
1175,2004,0
1848,2004,0
2820,2004,-1
3826,2004,1
187,2005,-1
2823,2005,-1
3759,2005,1
1293,2007,-1
1408,2007,-1
1409,2007,1
2225,2008,-1
2234,2008,1
2411,2008,-1
2833,2013,-1
3475,2013,-1
3476,2013,1
1884,2014,-1
2834,2014,-1
3478,2014,-1
3485,2014,1
1576,2018,1
1577,2018,-1
3479,2018,0
2539,2020,-1
3478,2020,-1
3483,2020,1
2845,2024,-1
2851,2024,1
2863,2024,-1
1190,2026,-1
2999,2026,-1
3008,2026,1
3326,2026,-1
2850,2028,-1
3005,2028,-1
3006,2028,1
2852,2030,-1
3311,2030,1
182,2032,-1
1607,2032,-1
2856,2032,-1
2857,2032,1
2863,2034,-1
3120,2034,-1
3121,2034,1
3121,2035,-1
3122,2035,1
3151,2035,-1
2346,2039,-1
3151,2039,-1
3871,2039,1
2370,2040,-1
3151,2040,-1
3873,2040,1
2837,2042,-1
2841,2042,1
2864,2042,-1
2864,2043,-1
3650,2043,-1
3659,2043,1
2844,2044,1
2864,2044,1
3151,2044,-1
3152,2044,1
3659,2044,-1
2841,2045,-1
3151,2045,-1
3177,2045,1
2862,2046,1
3006,2046,-1
3151,2046,-1
2374,2047,-1
2865,2047,-1
2866,2047,1
1202,2050,1
1330,2050,-1
3791,2050,-1
1330,2051,-1
3791,2051,-1
3792,2051,1
1330,2052,-1
3791,2052,-1
3792,2052,1
1202,2053,1
1330,2053,-1
3791,2053,-1
1689,2054,-1
2876,2054,-1
2877,2054,1
944,2055,0
2880,2055,1
2881,2055,-1
36,2057,-1
3151,2057,-1
3864,2057,1
488,2060,-1
2320,2060,1
2323,2060,-1
3313,2060,1
1292,2061,-1
2323,2061,-1
2329,2061,1
187,2062,-1
2321,2062,1
2322,2062,-1
2322,2064,1
2330,2064,-1
90,2065,1
187,2065,-1
916,2065,-1
90,2066,1
187,2066,-1
1406,2066,1
1407,2066,-1
187,2068,-1
2321,2068,0
2322,2068,-1
2323,2068,1
187,2069,-1
2101,2069,-1
3782,2069,1
2896,2071,-1
3240,2071,-1
3241,2071,1
187,2072,-1
3220,2072,-1
3221,2072,1
90,2073,1
187,2073,-1
3210,2073,-1
3212,2073,1
2896,2075,-1
3208,2075,-1
3209,2075,1
1085,2076,-1
1086,2076,1
2899,2076,-1
3502,2076,-1
1539,2077,-1
2900,2077,-1
2901,2077,1
1538,2078,1
1539,2078,-1
2901,2078,0
2902,2078,0
2225,2083,-1
2237,2083,1
2907,2083,-1
1378,2084,-1
3773,2084,-1
3774,2084,1
187,2086,-1
2908,2086,-1
3630,2086,1
2872,2087,-1
3780,2087,-1
3781,2087,1
1403,2088,1
1420,2088,-1
2908,2088,-1
945,2092,0
2916,2092,1
2917,2092,-1
2919,2093,-1
3005,2093,-1
3009,2093,1
2845,2094,-1
3000,2094,1
3009,2094,-1
2929,2097,-1
2930,2097,1
3360,2097,-1
2927,2098,-1
3361,2098,1
448,2102,-1
3151,2102,-1
3866,2102,1
3346,2107,1
3347,2107,-1
3853,2107,-1
3349,2108,-1
3350,2108,1
3854,2108,-1
2933,2110,1
2934,2110,-1
2935,2110,-1
488,2112,-1
493,2112,1
3768,2112,-1
90,2114,1
187,2114,-1
2287,2114,-1
1342,2116,-1
2425,2116,1
3725,2116,-1
2937,2119,-1
2952,2119,-1
2953,2119,1
2956,2121,-1
3045,2121,-1
3046,2121,1
2878,2130,-1
2963,2130,-1
2972,2130,1
2982,2131,-1
2983,2131,0
3852,2131,1
626,2132,0
969,2132,0
976,2132,0
2996,2132,-1
2997,2132,1
90,2135,1
187,2135,-1
3002,2135,-1
120,2139,-1
121,2139,1
3020,2139,-1
3025,2141,-1
3026,2141,1
2,2142,-1
6,2142,1
1368,2142,-1
2,2143,1
4,2143,-1
3026,2143,-1
3034,2144,-1
3036,2144,1
3038,2144,1
1235,2147,-1
3042,2147,-1
3043,2147,1
2677,2149,-1
3039,2149,-1
3048,2149,1
3073,2149,-1
3082,2149,-1
620,2150,-1
1235,2150,0
2678,2150,0
3049,2150,-1
3061,2150,1
1703,2152,-1
3045,2152,-1
3049,2152,1
416,2153,-1
3047,2153,1
3048,2153,-1
3079,2153,0
1869,2155,-1
1874,2155,1
2373,2155,-1
120,2156,-1
121,2156,0
187,2156,-1
3557,2156,1
2960,2157,-1
2961,2157,1
3105,2157,-1
3069,2160,1
3070,2160,-1
3071,2160,0
1008,2161,-1
2678,2161,0
3077,2161,1
3083,2161,-1
3039,2162,1
3048,2162,-1
3083,2162,1
2677,2164,-1
3039,2164,-1
3062,2164,1
3073,2164,-1
3079,2164,-1
3082,2164,-1
1906,2166,-1
1907,2166,1
3086,2166,-1
1910,2167,-1
1914,2167,1
3151,2167,-1
1540,2168,-1
1582,2168,-1
3185,2168,1
3052,2169,-1
3055,2169,-1
3056,2169,1
591,2172,0
1008,2172,-1
3057,2172,-1
3058,2172,1
478,2173,-1
3058,2173,-1
3059,2173,1
3090,2174,1
3091,2174,-1
3092,2174,0
2373,2175,-1
2378,2175,1
3093,2175,-1
3094,2177,-1
3478,2177,-1
3641,2177,1
3094,2178,1
3151,2178,-1
3641,2178,-1
306,2180,-1
338,2180,1
2682,2180,-1
1265,2181,-1
1266,2181,1
1500,2181,-1
2940,2182,-1
2944,2182,-1
2945,2182,1
2941,2183,-1
2946,2183,-1
2947,2183,1
2942,2184,-1
2948,2184,-1
2949,2184,1
365,2187,1
1141,2187,1
1142,2187,-1
1610,2189,-1
1611,2189,-1
1612,2189,1
1158,2190,1
1175,2190,1
1253,2190,1
1711,2190,-1
1722,2190,1
1128,2191,1
1175,2191,1
1713,2191,1
1714,2191,-1
94,2194,1
96,2194,-1
77,2195,-1
81,2195,-1
82,2195,1
3478,2196,-1
3478,2196,1
3651,2196,0
1267,2197,-1
1269,2197,1
3129,2197,-1
83,2198,-1
368,2198,-1
369,2198,1
2099,2199,-1
3365,2199,-1
3366,2199,1
415,2200,-1
3565,2200,-1
3566,2200,1
1227,2202,-1
1227,2202,1
2203,2202,0
3373,2202,0
3847,2202,0
418,2204,-1
1707,2204,-1
1708,2204,1
2475,2205,-1
2476,2205,-1
2477,2205,1
1924,2206,-1
1924,2206,1
1330,2210,-1
2146,2210,1
2147,2210,-1
1202,2212,1
2145,2212,-1
1916,2213,-1
1917,2213,1
3087,2215,-1
3088,2215,1
3089,2215,-1
2252,2216,-1
3124,2216,-1
3125,2216,1
90,2217,1
187,2217,-1
916,2217,-1
918,2217,0
920,2217,0
3508,2217,1
187,2219,-1
374,2219,1
3783,2219,-1
936,2223,-1
936,2223,1
943,2223,0
950,2224,-1
950,2224,1
1901,2225,-1
1901,2225,1
2222,2226,-1
2223,2226,1
2401,2227,-1
3107,2227,1
3113,2227,-1
3301,2229,-1
3301,2229,1
936,2232,-1
936,2232,1
191,2233,0
1335,2233,-1
1335,2233,1
2478,2233,0
2804,2233,0
3056,2235,-1
3057,2235,1
90,2238,1
187,2238,-1
3366,2238,-1
3003,2241,-1
3004,2241,1
3128,2241,-1
187,2244,-1
1218,2244,-1
3528,2244,1
2925,2245,1
3141,2245,1
3142,2245,-1
1342,2246,-1
2373,2246,1
2456,2246,-1
1342,2248,-1
2763,2248,1
3175,2248,-1
1342,2249,-1
1839,2249,-1
2314,2249,0
2373,2249,1
1342,2250,-1
1858,2250,1
1860,2250,-1
3146,2252,-1
3179,2252,-1
3180,2252,1
1342,2253,-1
3151,2253,1
3180,2253,-1
2697,2254,1
3063,2254,1
3151,2254,1
3175,2254,-1
3478,2256,-1
1369,2260,1
3867,2260,-1
3179,2262,-1
3179,2262,1
760,2264,-1
3151,2264,-1
3161,2264,1
2696,2268,1
3151,2268,-1
3176,2268,1
3486,2268,-1
828,2269,1
848,2269,-1
3151,2269,-1
829,2270,1
851,2270,-1
2421,2270,0
3151,2270,-1
1202,2276,1
1330,2276,-1
3712,2276,-1
90,2277,1
187,2277,-1
1342,2277,-1
2131,2277,1
3830,2277,1
3866,2277,-1
3215,2282,-1
3244,2282,-1
3245,2282,1
3216,2284,-1
3217,2284,0
3218,2284,1
3246,2284,-1
187,2285,-1
3200,2285,1
3218,2285,-1
3246,2285,-1
3249,2286,1
3250,2286,-1
3251,2286,0
3252,2286,0
3253,2286,0
3357,2289,-1
3358,2289,1
3880,2289,-1
567,2293,-1
568,2293,1
2815,2293,-1
3269,2293,-1
3270,2294,-1
3271,2294,1
3828,2294,-1
3270,2295,1
3272,2295,-1
3270,2296,-1
3270,2296,1
90,2301,1
187,2301,-1
3519,2301,-1
3832,2301,1
90,2302,1
187,2302,-1
3287,2302,1
3293,2302,-1
3832,2302,1
1117,2307,-1
1855,2307,-1
1862,2307,1
1855,2308,-1
1856,2308,1
2703,2308,-1
3190,2308,-1
183,2310,1
3284,2310,1
3285,2310,-1
1330,2311,-1
3278,2311,1
3279,2311,-1
3023,2317,-1
3301,2317,-1
3302,2317,1
3024,2318,-1
3301,2318,-1
3303,2318,1
3301,2319,-1
3304,2319,1
3478,2319,-1
2807,2320,1
2808,2320,-1
3305,2320,0
3491,2320,0
3304,2322,-1
3304,2322,1
3026,2325,-1
3030,2325,1
3310,2325,-1
3030,2327,-1
3151,2327,-1
3875,2327,1
808,2328,1
809,2328,1
810,2328,-1
3024,2330,-1
3314,2330,-1
3315,2330,1
3601,2333,1
3602,2333,-1
3376,2334,-1
3377,2334,1
983,2338,-1
2187,2338,-1
2428,2338,1
1859,2340,-1
1861,2340,1
3151,2340,-1
1858,2341,-1
1859,2341,1
3328,2341,-1
1282,2343,-1
1283,2343,1
3331,2343,-1
2099,2345,-1
3365,2345,1
3414,2345,-1
143,2346,1
2964,2346,-1
2973,2346,1
3027,2346,-1
2291,2347,-1
2292,2347,1
3367,2347,-1
132,2350,1
1342,2350,-1
3367,2350,-1
1907,2354,-1
3086,2354,1
1923,2355,1
1924,2355,-1
1925,2355,1
187,2358,-1
1071,2358,0
2706,2358,-1
3405,2358,0
3411,2358,0
3614,2358,1
1202,2360,-1
3415,2360,-1
3791,2360,1
2375,2361,-1
3416,2361,-1
3417,2361,0
3418,2361,1
3419,2361,0
632,2363,-1
3416,2363,-1
3417,2363,1
632,2365,-1
3422,2365,-1
3423,2365,1
3193,2367,-1
3422,2367,-1
3425,2367,1
632,2373,-1
3435,2373,-1
3436,2373,1
3193,2375,-1
3435,2375,-1
3439,2375,1
2375,2377,-1
3444,2377,-1
3445,2377,1
2375,2378,-1
3446,2378,-1
3447,2378,1
2375,2379,-1
3448,2379,-1
3449,2379,1
2375,2380,-1
3450,2380,-1
3451,2380,1
52,2381,-1
54,2381,1
3452,2381,-1
178,2382,-1
179,2382,1
3452,2382,-1
1317,2384,-1
1318,2384,1
3452,2384,-1
1629,2385,-1
1630,2385,1
3452,2385,-1
2375,2386,-1
2376,2386,1
3453,2386,-1
52,2387,-1
55,2387,1
3455,2387,-1
2049,2388,-1
2050,2388,1
3459,2388,-1
1577,2391,-1
3478,2391,-1
3479,2391,1
1807,2392,-1
3483,2392,-1
3484,2392,1
586,2393,-1
3487,2393,-1
3488,2393,1
641,2394,-1
886,2394,-1
2879,2394,-1
3492,2394,-1
3493,2394,1
874,2396,-1
2899,2396,-1
3501,2396,1
3502,2396,-1
218,2398,1
3334,2398,-1
240,2399,1
3336,2399,-1
3338,2400,-1
3505,2400,1
282,2401,1
3340,2401,-1
229,2411,-1
231,2411,1
3762,2411,-1
294,2414,1
295,2414,-1
3762,2414,-1
183,2416,-1
3283,2416,-1
3285,2416,1
3374,2416,-1
90,2417,1
187,2417,-1
3718,2417,1
3728,2417,-1
345,2418,-1
346,2418,1
660,2418,-1
187,2420,-1
1001,2420,1
1447,2420,-1
3580,2420,1
187,2421,-1
1882,2421,-1
3632,2421,1
1751,2422,-1
3547,2422,-1
3548,2422,1
187,2423,-1
3548,2423,-1
3549,2423,1
3547,2424,1
3549,2424,-1
514,2429,-1
519,2429,1
3573,2429,-1
886,2430,-1
1493,2430,-1
1494,2430,1
1705,2430,-1
3573,2430,-1
187,2432,-1
1091,2432,-1
3587,2432,1
1587,2433,-1
1588,2433,1
3584,2433,-1
3662,2433,-1
132,2438,1
1342,2438,-1
3367,2438,-1
3319,2439,-1
3603,2439,-1
3604,2439,1
1784,2442,-1
3633,2442,-1
3634,2442,1
1554,2443,-1
3401,2443,1
3826,2443,-1
187,2444,-1
2537,2444,-1
2783,2444,1
3644,2445,1
3645,2445,-1
893,2446,1
905,2446,-1
772,2449,-1
3662,2449,-1
3663,2449,1
187,2451,-1
3663,2451,-1
3664,2451,1
187,2457,-1
2335,2457,-1
3687,2457,1
2485,2460,-1
3711,2460,-1
3712,2460,1
2268,2461,-1
3719,2461,-1
3720,2461,1
90,2463,1
187,2463,-1
3242,2463,-1
187,2464,-1
3203,2464,1
3205,2464,-1
389,2465,-1
394,2465,1
2822,2465,-1
1425,2467,-1
3776,2467,1
3778,2467,-1
3778,2468,-1
3778,2468,1
214,2469,-1
730,2469,1
3778,2469,-1
3777,2470,-1
3778,2470,1
381,2473,-1
2226,2473,-1
2227,2473,1
2532,2473,-1
90,2476,1
187,2476,-1
2705,2476,-1
1909,2478,-1
1910,2478,1
2894,2478,-1
1910,2479,-1
1913,2479,1
2350,2479,-1
1531,2484,-1
1903,2484,1
3413,2484,-1
1922,2486,-1
1927,2486,1
2721,2486,-1
328,2487,1
2466,2487,-1
385,2489,-1
3582,2489,1
3820,2489,-1
33,2491,-1
36,2491,1
797,2491,0
2887,2491,-1
2514,2493,-1
3832,2493,-1
3833,2493,1
1082,2494,0
1094,2494,-1
2778,2494,1
3841,2494,-1
3843,2496,-1
3843,2496,1
3270,2498,1
3271,2498,-1
2113,2499,1
3869,2499,-1
92,2500,-1
3881,2500,-1
3882,2500,1
94,2502,-1
3885,2502,-1
3886,2502,1
98,2504,-1
3888,2504,-1
3889,2504,1
105,2506,-1
3892,2506,-1
3893,2506,1