158,351
164,458
183,343
68,116,354
4
5
82,95,162,210,294,487
7
9
167,175,284
10
119,405,525
15
16
17
20
155,174
111,180,325,385,400,489
18,358
32,350,432,523
368,479,501
30
413,496,519
96,126
35
389,471
0,27,123,143,377,480
38
300,346,490
8,108,127,338,394,410
58,337,339
30,429
72,382
52
53
379,410
225
59
206,453
177,379,382,433
290,309
78,114
134,188,382
71,180,400
67
327,352
6,293
129,309
168,524
49,69
73
128,420
23,79
80
199,309
35,158
85
172,319
88,115
88
90
93
137,300,490
96
97
98
100
19,320,387,455,481,491
322,355
499
104
111,238,246,506
110
111
113
242,374
228,392
120
117,329,379
150,188
157,374
130
131
156,170,353,388
1,249
135
136
89,191,502
138
379,424
379,409
21
121,409
397,435
146
205,275
148
165,382
151
155
382,456
209,379
298,495,500
145,449
234,359,374,485
160
100,532
153,204
281,505
166
169
172
77,214,291,305
84,195,203
176
117,477
199,360
180
57,316
247,251
273
184
186
30,133
196,217
14,217
112,177,379
303,341,469
172,446
248,354
197
198
200
201
272,285,340
181,185,190,344
205
206
424,426,466
212
213
219
236,430
221
223
78,193
5,122,335,512
164,334
232
235
237
239
106,180,385,400,489,537
36,375
345,395
244
245
414,454
116,265
43,132,283
251
254
202,425
256
106,180,197,279,385,400,489
2,24,156,292,347
373,393
260
369,372
370,500
264
309,352
268
266,427,536
121,501
9,92,125,357,380
171
159,336
219,319,501
106,180,197,385,400,445,489
288
137,300,490
293
295
296
300
467,519
304
83,179,307
287,499
365,379
3,282,457
309
177,308,379
87,527
313
404,519
315
30,406
56,63,459
318
319
300,484
326
86,93,218,257,362,407,416,535
328
290,360
496,519
331
205,393
401,419
12,310,348,384,437,497,521
51,382
192,379
26,62
28,488
286,440
349
244,519
381,506
54,229
6,460
129,360
244,496,519
360
363
366
174,255
74,224,319,501
370
22,102
383,431
538
467,496,519
374
376
11,100
379
378
211
15,130
383
20,496,519
385
386
389
41,118,299
390
92,125,357,380,493
22,271
393
396
158,288
398
176,308
400
198,369
47,382
46,50,501
402
404,467,519
404
15,402
75,103,241,411
413,519
149,278
412
148,301
163,226,289,461,511,522
282,382
413
48,324
415
40,379
495,498
169,518
418
213,247
428,495
177,379,399
355,454
164,333
428
133,250
13,60,367
142,529
439
441
443
444
59,92,125,357,380
154,508
448
451
349,534
42,65,76,262,421,462,486,528
312,361,438
37,277,515,518,520
20,519
456
457
152,323
463
216,231,261,306,330
465
467
144,382
470
29,44,55,64,105,107,161,173,189,227,243,252,263,269,280,297,302,342,403,408,436,447,472,516,526,528
473
475
476
478
230,364
33,164
296,533
101,495
482
483
20,467,519
91,253,442,450
178,311,314
488
489
66,130
332,517
118,207,299
490
492
187,233,267,317,423
495
496
39
35,205,529
6,94
500
501
182,328
6,220
6,494
509
510
141,164
109,140,503
274
115
517
356
519
404,496,519
45,99,139,215,270,422,474,514
529
530
106,180,258,385,400,489
177,259,379
531
31,34,194,286,371,417,504
25,61,81,124,147,208,222,434,468,513
534
244,467,519
156,170,353,388,464
2,156,292,347
164,483
106,180,385,391,400,489
70,248
240,452,507
276,321
