305,49,1.0
213,129,1.0
110,33,-1.0
89,103,1.0
246,17,-1.0
113,185,1.0
145,9,-1.0
246,35,-1.0
348,137,1.0
305,16,1.0
89,207,-1.0
215,56,-1.0
187,163,-1.0
62,49,1.0
195,103,1.0
47,17,-1.0
173,205,-1.0
355,110,1.0
145,67,1.0
168,177,-1.0
268,194,1.0
334,186,-1.0
193,178,1.0
106,112,-1.0
353,123,-1.0
295,30,1.0
246,78,-1.0
268,162,1.0
86,22,-1.0
100,30,-1.0
348,178,-1.0
168,59,-1.0
198,8,-1.0
274,3,1.0
70,91,-1.0
167,83,-1.0
86,150,1.0
79,138,-1.0
362,145,-1.0
175,190,-1.0
138,108,-1.0
308,87,-1.0
13,46,1.0
190,157,1.0
7,74,1.0
52,101,-1.0
270,163,-1.0
177,112,-1.0
301,145,1.0
164,123,1.0
359,100,-1.0
86,41,1.0
332,173,1.0
25,112,-1.0
134,147,-1.0
32,28,-1.0
108,114,1.0
311,82,-1.0
285,208,-1.0
327,200,-1.0
21,14,1.0
332,13,1.0
2,158,-1.0
56,49,1.0
95,163,1.0
148,80,-1.0
299,115,1.0
62,16,1.0
108,88,1.0
208,58,-1.0
33,119,1.0
277,86,1.0
357,186,-1.0
151,97,1.0
27,128,1.0
261,33,1.0
85,136,-1.0
192,103,-1.0
263,203,-1.0
169,113,-1.0
103,124,-1.0
191,95,1.0
150,164,-1.0
86,96,-1.0
285,104,-1.0
36,63,1.0
269,110,-1.0
122,112,1.0
304,137,1.0
48,208,-1.0
3,30,-1.0
101,37,-1.0
303,140,1.0
82,119,-1.0
126,94,-1.0
6,44,1.0
178,194,1.0
243,8,1.0
254,203,-1.0
301,160,-1.0
86,41,-1.0
244,20,-1.0
290,87,1.0
99,209,-1.0
114,112,1.0
4,183,1.0
289,35,-1.0
40,44,-1.0
156,72,1.0
108,154,1.0
265,133,-1.0
106,196,-1.0
22,38,1.0
339,81,-1.0
337,10,1.0
144,15,1.0
293,26,1.0
202,92,1.0
289,78,-1.0
89,174,-1.0
186,34,-1.0
166,34,-1.0
253,92,-1.0
209,156,-1.0
153,87,-1.0
217,108,1.0
15,138,1.0
134,50,-1.0
102,81,-1.0
233,106,1.0
19,125,-1.0
88,203,1.0
178,63,1.0
183,69,-1.0
6,11,1.0
58,149,1.0
287,135,-1.0
40,32,-1.0
92,142,-1.0
318,178,-1.0
194,171,1.0
242,102,-1.0
108,167,-1.0
106,152,-1.0
40,11,-1.0
193,131,-1.0
33,180,1.0
358,9,-1.0
77,112,1.0
154,176,1.0
231,35,1.0
112,90,-1.0
106,15,-1.0
262,142,1.0
250,146,-1.0
199,5,1.0
134,153,-1.0
302,149,-1.0
217,166,1.0
106,203,-1.0
132,172,-1.0
9,18,1.0
312,65,1.0
75,10,-1.0
231,78,1.0
278,59,-1.0
241,125,-1.0
244,31,-1.0
82,180,-1.0
6,32,1.0
344,141,1.0
300,101,1.0
151,100,-1.0
363,186,1.0
217,39,1.0
217,132,1.0
228,58,1.0
125,65,1.0
35,125,1.0
38,25,-1.0
34,73,-1.0
306,203,1.0
253,90,1.0
182,93,1.0
217,29,1.0
299,108,1.0
5,159,-1.0
194,20,-1.0
195,6,-1.0
130,110,-1.0
86,61,-1.0
307,169,1.0
79,189,1.0
124,39,1.0
6,63,-1.0
280,77,1.0
55,132,1.0
38,100,-1.0
86,4,-1.0
62,65,1.0
51,185,-1.0
231,17,1.0
40,167,-1.0
168,75,1.0
103,185,-1.0
2,15,1.0
36,65,1.0
91,116,1.0
86,13,-1.0
273,199,-1.0
310,176,1.0
236,57,-1.0
31,155,-1.0
319,144,-1.0
310,82,1.0
18,153,1.0
86,193,1.0
26,101,-1.0
58,187,1.0
343,170,1.0
55,151,-1.0
280,3,-1.0
162,87,-1.0
127,48,1.0
23,194,1.0
184,100,1.0
69,112,1.0
108,22,1.0
279,28,1.0
332,195,1.0
292,9,1.0
246,131,-1.0
217,76,1.0
360,113,1.0
340,57,1.0
134,172,-1.0
225,51,-1.0
224,13,1.0
286,119,-1.0
182,67,-1.0
170,52,-1.0
305,80,-1.0
244,9,-1.0
332,119,1.0
245,188,1.0
341,112,1.0
115,105,1.0
108,96,1.0
283,30,1.0
83,80,-1.0
73,6,-1.0
250,122,-1.0
184,25,1.0
220,116,-1.0
181,176,-1.0
341,99,-1.0
313,68,1.0
2,15,-1.0
59,98,-1.0
204,175,1.0
352,147,1.0
105,136,1.0
75,199,1.0
106,51,-1.0
11,182,1.0
299,36,1.0
86,193,-1.0
0,162,1.0
76,176,-1.0
283,100,1.0
285,66,-1.0
305,20,-1.0
250,83,-1.0
186,28,-1.0
315,69,-1.0
332,7,1.0
267,49,-1.0
346,47,-1.0
92,155,-1.0
268,49,1.0
138,13,1.0
86,19,1.0
34,174,1.0
286,43,1.0
299,72,1.0
305,34,-1.0
86,64,-1.0
186,194,1.0
361,144,-1.0
4,173,-1.0
197,57,-1.0
217,102,1.0
67,16,1.0
359,36,-1.0
280,54,1.0
100,97,-1.0
96,93,-1.0
364,48,-1.0
139,45,1.0
217,207,1.0
1,93,1.0
180,131,1.0
321,69,1.0
342,189,-1.0
197,192,-1.0
231,14,1.0
62,34,-1.0
299,76,1.0
320,191,-1.0
73,156,1.0
235,194,1.0
179,162,-1.0
59,118,-1.0
189,188,-1.0
46,146,-1.0
284,205,1.0
87,52,1.0
62,80,-1.0
38,3,-1.0
134,95,-1.0
33,139,1.0
332,180,1.0
6,197,1.0
285,173,-1.0
102,86,-1.0
134,111,-1.0
317,107,-1.0
141,145,-1.0
104,68,-1.0
59,158,-1.0
359,25,-1.0
285,121,-1.0
174,20,1.0
200,146,1.0
71,115,1.0
268,16,1.0
86,19,-1.0
285,13,-1.0
6,21,1.0
156,196,-1.0
311,117,-1.0
187,85,-1.0
16,23,-1.0
40,197,-1.0
6,182,-1.0
135,179,1.0
356,74,-1.0
82,139,-1.0
108,150,-1.0
140,148,1.0
65,0,1.0
3,25,1.0
231,204,1.0
359,72,-1.0
47,204,1.0
129,156,-1.0
178,162,1.0
332,52,1.0
279,194,-1.0
108,61,1.0
291,206,-1.0
132,47,-1.0
186,20,-1.0
357,136,-1.0
108,4,1.0
74,124,1.0
246,14,-1.0
165,207,1.0
86,44,1.0
6,42,1.0
254,76,1.0
238,160,1.0
134,129,-1.0
237,155,1.0
178,49,1.0
216,179,-1.0
127,24,-1.0
108,13,1.0
106,108,-1.0
11,164,-1.0
40,42,-1.0
17,142,-1.0
86,202,-1.0
22,204,-1.0
19,182,1.0
203,159,1.0
231,131,1.0
217,152,1.0
86,12,1.0
201,165,-1.0
86,53,-1.0
6,167,1.0
92,56,-1.0
305,31,-1.0
62,20,-1.0
285,52,-1.0
217,196,1.0
59,99,-1.0
246,204,-1.0
106,94,-1.0
214,130,-1.0
136,118,-1.0
332,121,1.0
210,48,1.0
269,105,1.0
171,117,1.0
164,126,-1.0
40,21,-1.0
131,143,-1.0
176,111,1.0
339,121,-1.0
86,167,1.0
335,81,1.0
250,2,-1.0
247,67,-1.0
28,166,1.0
332,1,1.0
60,190,1.0
35,36,1.0
224,67,1.0
164,107,-1.0
357,161,-1.0
359,3,-1.0
223,112,1.0
258,175,-1.0
0,77,-1.0
104,97,-1.0
202,73,-1.0
33,134,1.0
106,39,-1.0
144,15,-1.0
178,16,1.0
162,58,-1.0
315,133,1.0
86,55,-1.0
86,168,-1.0
38,106,-1.0
186,31,-1.0
358,80,-1.0
276,59,1.0
167,153,-1.0
6,181,1.0
134,47,-1.0
350,124,-1.0
68,108,1.0
19,128,-1.0
78,127,-1.0
111,76,1.0
142,116,-1.0
259,93,-1.0
86,12,-1.0
305,28,-1.0
274,100,1.0
156,201,1.0
281,29,1.0
75,115,-1.0
248,90,-1.0
212,23,1.0
136,6,1.0
82,134,-1.0
217,15,1.0
40,181,-1.0
108,64,1.0
107,126,-1.0
35,29,-1.0
246,151,-1.0
19,201,-1.0
327,40,1.0
305,9,-1.0
184,106,1.0
133,106,-1.0
46,184,-1.0
232,51,1.0
62,31,-1.0
157,144,1.0
171,18,1.0
33,71,1.0
146,18,-1.0
289,14,-1.0
151,68,1.0
281,36,-1.0
109,108,-1.0
252,85,-1.0
354,149,1.0
86,27,-1.0
365,112,-1.0
21,35,1.0
359,106,-1.0
84,105,1.0
285,119,-1.0
50,161,1.0
302,187,-1.0
61,187,-1.0
327,180,1.0
128,8,-1.0
321,130,-1.0
37,138,-1.0
92,191,-1.0
155,117,-1.0
82,71,-1.0
111,76,-1.0
211,165,-1.0
23,49,1.0
21,78,1.0
190,84,-1.0
186,9,-1.0
285,44,-1.0
62,28,-1.0
179,34,1.0
257,39,-1.0
230,158,1.0
161,102,1.0
117,147,-1.0
141,90,-1.0
221,157,-1.0
90,172,1.0
305,194,1.0
188,45,-1.0
294,112,-1.0
309,3,1.0
124,132,-1.0
227,165,1.0
30,143,-1.0
43,74,-1.0
324,74,1.0
346,50,-1.0
364,177,1.0
186,49,1.0
264,133,-1.0
285,195,-1.0
224,40,-1.0
305,162,1.0
173,70,1.0
358,34,-1.0
138,40,-1.0
282,43,1.0
332,44,1.0
59,63,1.0
299,15,-1.0
275,112,-1.0
10,128,-1.0
137,135,-1.0
138,171,-1.0
44,206,1.0
254,15,1.0
147,161,-1.0
281,140,-1.0
15,0,-1.0
62,194,1.0
62,9,-1.0
106,76,-1.0
339,49,1.0
62,162,1.0
266,190,-1.0
346,148,-1.0
23,162,1.0
134,83,-1.0
27,166,-1.0
336,65,1.0
117,111,-1.0
106,207,-1.0
348,89,-1.0
237,70,-1.0
305,63,1.0
353,70,-1.0
120,13,-1.0
297,209,1.0
19,206,-1.0
108,53,1.0
323,83,1.0
66,38,1.0
88,76,-1.0
48,194,1.0
178,65,1.0
263,203,1.0
81,75,1.0
332,167,1.0
237,84,-1.0
296,143,1.0
285,7,-1.0
217,112,1.0
285,180,-1.0
62,63,1.0
158,127,-1.0
159,85,1.0
244,80,-1.0
181,82,-1.0
187,43,-1.0
329,65,1.0
152,98,-1.0
299,10,1.0
45,31,-1.0
137,126,1.0
14,137,-1.0
186,16,1.0
59,13,-1.0
235,49,1.0
299,112,1.0
326,184,1.0
239,43,-1.0
222,18,-1.0
56,194,1.0
205,171,-1.0
254,15,-1.0
272,118,-1.0
2,76,1.0
108,202,1.0
259,119,1.0
338,203,1.0
349,149,-1.0
241,156,-1.0
22,89,1.0
106,102,-1.0
285,167,-1.0
184,3,1.0
29,191,1.0
244,34,-1.0
231,151,1.0
186,162,1.0
332,208,1.0
306,76,-1.0
313,97,1.0
133,26,-1.0
118,127,1.0
149,62,-1.0
134,146,-1.0
64,170,-1.0
72,87,-1.0
6,65,-1.0
235,162,1.0
264,180,-1.0
20,157,-1.0
267,31,1.0
358,31,-1.0
274,106,1.0
24,117,1.0
104,109,-1.0
206,60,1.0
108,44,-1.0
235,16,1.0
186,63,1.0
192,118,1.0
93,187,1.0
86,114,-1.0
271,169,-1.0
219,177,-1.0
144,203,-1.0
108,55,1.0
347,122,1.0
108,168,1.0
132,2,-1.0
104,208,1.0
46,148,-1.0
346,147,-1.0
119,24,1.0
49,82,1.0
322,86,-1.0
108,198,1.0
314,50,1.0
235,63,1.0
116,159,-1.0
143,56,1.0
240,2,1.0
332,104,1.0
327,5,1.0
288,113,-1.0
94,141,-1.0
345,109,1.0
68,183,-1.0
92,37,-1.0
351,151,1.0
163,65,-1.0
59,120,-1.0
333,179,-1.0
305,65,1.0
331,160,-1.0
163,80,1.0
196,130,1.0
54,63,1.0
160,94,1.0
361,170,-1.0
358,28,-1.0
207,37,1.0
149,46,-1.0
42,47,1.0
138,120,1.0
78,140,-1.0
8,203,-1.0
347,87,-1.0
63,46,-1.0
274,25,1.0
174,63,-1.0
292,16,-1.0
333,0,-1.0
12,38,-1.0
249,45,-1.0
361,169,-1.0
86,198,-1.0
167,129,-1.0
108,27,1.0
144,76,1.0
86,88,-1.0
134,148,-1.0
217,94,1.0
285,1,-1.0
199,40,1.0
100,68,-1.0
256,62,1.0
229,107,1.0
59,209,-1.0
39,33,-1.0
217,203,1.0
221,143,-1.0
106,166,-1.0
284,192,-1.0
346,95,-1.0
208,152,-1.0
260,174,1.0
255,99,1.0
41,72,-1.0
33,121,1.0
330,152,1.0
185,176,1.0
37,189,-1.0
250,50,-1.0
9,82,-1.0
134,122,-1.0
185,82,1.0
134,2,-1.0
57,89,-1.0
325,98,1.0
123,175,-1.0
19,127,-1.0
276,188,-1.0
209,73,1.0
226,92,-1.0
264,65,1.0
56,31,-1.0
71,105,-1.0
68,173,1.0
106,132,-1.0
366,200,1.0
86,154,-1.0
108,79,1.0
148,65,1.0
106,29,-1.0
133,121,1.0
82,121,-1.0
53,23,-1.0
172,135,1.0
218,164,1.0
251,201,-1.0
106,75,-1.0
47,38,-1.0
59,91,-1.0
121,205,-1.0
218,182,-1.0
104,25,-1.0
82,52,-1.0
234,17,1.0
244,28,-1.0
346,129,-1.0
358,20,-1.0
217,51,1.0
298,60,-1.0
80,84,1.0
19,174,-1.0
338,76,-1.0
333,192,1.0
316,123,-1.0
56,28,-1.0
235,65,1.0
97,112,-1.0
187,16,1.0
33,52,1.0
0,54,-1.0
224,5,-1.0
98,141,-1.0
134,184,-1.0
138,5,-1.0
187,60,-1.0
299,203,1.0
5,91,1.0
41,196,1.0
86,79,-1.0
355,199,-1.0
328,67,-1.0
332,66,1.0
