263
40,112,249,377,416
48
492
37,223
589
175,310,541
106
138
535
196,459
67,197
168,472
24,108,117,209,220,231,273,473
32,278,400,528
573
89
20,51,237,302,305,498,538
467,595
102,324
414
419,495
103
48,87
175,310,533,541,559
434
166,484
390
354
232
436
241,333
544
248,423,501
78,367
163,328,437
238,397,480,618
385
305
286
290,402
394,483
232,610
72,203,374,424
425
328
542
409
138,142,557
104,143,603
198,441
76,226
559,561
218,530,593
396
501
33,85,380
150,306,389,617
259,517
141
197,206
59,96,595
89,148,352,550
415
113,153,344
574,594
10
63,310,533,541,559
277,464
360,366
37
413
7,23,266,375,539
449
506
277
61,366
269
263,402,577
189,212,313
168,306,604
310,524,533
170,625
309,402
79,330
181
319
114,197
130,228
550
238,306
264,426
215,549
319,391,541
166,494
541
326,466
428,450
522,558
214
63,541
215
49,425
207
577
139,512
102,561
98
7,59
20,51,57,136,237,276,302,305,486,599
527,535
490
584
5,56,444
311
444
21,125,190,530
148
565,622
34,611
290,465
5
129
282,464
84
246,352
66,394
180,439
128,342,560
348,595
288,613
26
420
301,468
90
557
130,255,319,357
69,342,560
91
593
272,452
399
493,614
44,285
1,234,236,325,553,586
292
37,116
457
498
442
81
124,175,507
386,599
71,129,410,491,526
42,111,168,428
320
329,408
125,133,530
488
134
172,206,318
425,453
20,51,57,119,122,136,237,276,302,305,498,530,593,599
55
243,568
155,425
347
145
183,295,364,411,417,443,455,546
274,494
591
180
314
165,245
88
319,330,391,541
230,587
139,501,536
470
312
358
37,316,319,391
274,510
213
198,312
19
172
210,265,626
345,394
612
499
413
64
20,51,237,268,302,305,498
348,409,516
371
322
136,537
389,623
87,214
170,421
93,256,332
464
95,239
484
99
373
244,320,409
401,541
17,208
5,99,444
81,270,551
11
588,597
20,51,237,302,305,498,624
37,316,319,356
414
150,308
389
320,348,409
548
73,215
289
306,425,617
29,462
31
94,275
136,157,331
280
102,173
35
81,169,281
81,169,535,570
19,464
37,41,316
46,190,572,596
65
353
176,387
197
275,463
452,495
469,504
185
233,371
4,358
315,402
122,505
339,561
191,327,361,430
412
362
601
134,564
261
253
565
393,396
510
130,319,391,541
167,172,206,283,363,392
252
144
20,51,237,302,305,496,498
306,382
408
523
4
190,193
101
272
73,441
57,478
343,574
576
163,287,437
547,555
102
378,530
130,319,357,445
208
37,561
380
194
310,404
509,529
188
160
352
8,167,172,206,363,392
20,51,57,136,237,276,302,305,568,585,599
125,190,382,530
45,62,592
451
275
394
551
191,260,327,430
296
541,552,559
22
132,394
73,561
16
533
198,561
40,112,249,377,388
303
59,525
161
28,294,530
307,438
572,596
9,348,409
489,492
170,502
571
554
627
359,481
161,257
226,232
178,227
201
3,330,368,434,498,583,598
435
3,330,434,498,583,598
489
337
173
7,251
177
596
255,319
282,616
152,297
172,206,283
57
339,523
282
310,338,541
14,59
3,122,330,434,498,568,593,598,619
51
464
30,339
277,616
323
419
615
227
198
534
178,272
77
264
7,266,375,539
197,317
402,514,544
250,323
42,168,428,508
45,62,70
310,338,533,541,559
235,566
126,211
122,205
580
53,513
3,498,537
92,369
125,190,530,574
59,254
616
28,515
130,319,356,541
37,356,541
85,222
460
168
164
97,396
22,406
80,221
166,510
134,561
27,394
274,484
20,51,57,136,237,276,302,305,500,568,599
175
474,607
192,278,341,528
335
590
343,407
168,298,428,482
431
102,351
18,81,270
172,257
543
84,175,541
105,121
262
549,561
202,387
334,456,567
0,59
464,590
192,278,511,528
123,266,375
573,616
541,582
405,530
60,530,593
81,169,304,535
186,394
2
56
3,122,330,434,498,530,593,598,619
302
564
50,109,371
346,371
497,566
152,454
146,596
376
383
398,541
526
168,229,428,482
240,599
261,300
24,108,209,220,231,273,473
154
403
15,92
155
494
76
316,382
71,129,247,266,375,491,526
433
338,568
306,618
441
366
73
71,129,164,247,266,373,375,487,491,526
198,440
225,589
43,519
375
118,336,512
224,281
340,353
168,379
622
279,293,441
563
602
145,433
110
81,281,448
12,13,47,82,135,199,299,365,422,458,562,581,605,620
439
137,174
396,561
38,429
21,125,140,267,530
561,616
440
52,211
19,616
464,561
26,451
339
85,380,479
115,147
476,559
514
39,266,291,320,375,409,469,503
608
409,516
46,162,190,572
540
20,51,57,119,122,136,237,276,302,305,498,568,593,599
607
30
474
438
97,394
41,541
204,595
549
