2072
1129,1216
3058
1362,2250,2262
633,848
229,1957
3183
1910,3355,3663
2068,2688
2063
239,2245
26,246
60,70,74,121,126,222,224,251,257,272,288,311,420,425,444,465,479,503,519,630,644,673,674,676,690,722,742,792,803,828,861,866,898,904,921,926,950,973,978,980,1002,1185,1258,1264,1295,1303,1321,1346,1354,1417,1450,1477,1490,1557,1559,1574,1579,1591,1658,1723,1735,1752,1798,1819,1840,1877,1897,1907,2014,2051,2059,2210,2213,2239,2291,2326,2350,2360,2426,2524,2543,2592,2593,2602,2604,2641,2689,2743,2754,2772,2803,2837,2855,2894,2963,2965,2969,3034,3051,3081,3222,3224,3284,3306,3307,3316,3325,3328,3386,3428,3485,3487,3507,3512,3543,3552,3575,3578,3590,3604,3683,3707,3738,3747,3760
1992,2333,2678
8,18,105,259,274,281,308,481,482,570,609,689,708,712,715,760,779,804,851,867,897,905,941,985,989,1024,1063,1106,1143,1173,1259,1333,1380,1389,1449,1471,1533,1547,1552,1601,1663,1674,1692,1756,1924,2006,2048,2136,2220,2427,2431,2445,2459,2740,2786,2858,3023,3035,3054,3075,3082,3092,3142,3144,3287,3319,3429,3537,3539,3621,3711,3722
306,473,480,976,1242,1551,1593,1662,1665,1827,1832,1974,2319,2778,2785,2832,3079,3184,3378
20,711
321,3270
1100,1301,1539,1917
1233
1210,3191
1898,3050,3317
1947
3700
1370
2130,2544,2947,3089,3456
419,2085,2150,2529,2536
1543
3655
52
725,1153
3620
1215,1960,2159
1793,2292
17,2739,3176,3630
2026
270,1821,2336,2437,2559
858,923
1404
1050,2230
185,910
1452,1808
757,1361
2700
371,1007
847,1455
1355
360,1046,1054,1217,3032
34,1155
545,3502
620,2909
874,2742
903
549
1294,2900
3489
1115,3568
1491
380
2004,3558
907,3060
2796,2887
1564
1982
3289
777
2853,3754
1491,1842
1283,2974
3113,3124
2255
744,3229
2616,3158
3084
3071
1664,2236
1425,2235
2872,3697
990,3159
1204
2879
3556
1216
1899,3256
2068
1078,1704
176,3256
3544
151,3558
495,2037
1539
2971,3300
576
3339,3422
2184
45,46,433,2214,3549
1746,3141
781,2039
2163,3518
1294,2565
1042
2586
830,3499
262,1582,2320,2946,3304
705,2439
2440
93,551,1326
1115,1540
3696
104,1746,3076
753
294,2175
662,3368
1415
235
62,1976
3155
2538
2929
497,525,698,1128
3496
3382,3726
235,3020
2685
302,303
2527,2978
1894,2188
1395
1119,1530
1479
2092,2851,3136
796,3180
3088
1129,2648
3692
2035,3583
1252
262,1992,2545,2946
662,1433
2121,2193
2749,3229
516,2564
3335
795,1982,3393
1507
1860
189,2811
223,3548
47,2038
658,1884
41,607,1810,2614
2075,3210
2409,3672
302,3117
639,1384,1834,2946
1109,2390,2394
2372
302,2494
568,3276
693,981,2990
755,815
2810
3180
877,2474
2820
594
31
1144,2583,2649,3335,3438
1773
1520,2025
1790,2599
1805
91,3188
119,2030
477,3064
1518,3639
736
1679,2526,3309
1087
1982,2070
554
1444,2547
295,1622
31,770
187,2102,2635,3125
396,777
237,1642
1349,3234
214
1872,2474
987
19,2238
3166,3591
1109,2994
1203,2036
693,740,2990
2123,2498
215,2009,3305
1286,1850
2628,3208
620,1656,2909
3426,3665
1169
1290,3095
3745
2862
1028,2815
33,1679,2526,3032,3309
1970,2562
671
2562,3544
1391
314,1637
1980
1034,1437,3656
554,2997,3624
781
1545
3348,3674
619,747,3032
196
2880
3566
3182,3663
2442,3448
496,2571
3257
2670,3617
2853
3353
1512,2952
1550
2321
130,256
255,3045
2215
92,3464
588
3071,3656
1937,2796
1066
2225
3654
2840
2476
438,839,1761,2231
682,3115
2079,3171
2108
875,1804,1821,2962,3262
1589,3036
395,662
3126,3686
1294,2287
911,1358,3085,3626
826
3503
3442,3624
1029,2883,3581
1133,3362
1715
128,1048,2471,2989,3088
3458
485,1420
772,1134,2093
2177,3721
1625
1946,2277
1042
1044,2927
2409,3368
620,1618
3134
2744,3119
2187,3267
1080,3074
1210
2203
1549
1608
466,1014
2616,2882
2044,2566
3562
1103,1115
2655,2910
2207
164,2899
3444,3515
163,1860,2011,3031
1442,2448
3014,3062
38,1535
574,2440
76
1605,3055
93,3235
3532
1554,2100,2804
790,1184
2468
1165,1189,1910,3525
661,981
564,3567
1531,1612,3678
29,54,275,372,432,454,500,510,533,540,546,685,720,810,813,912,1011,1060,1145,1250,1281,1330,1366,1428,1475,1538,1607,1617,1623,1706,1738,1783,1813,1833,2152,2227,2241,2253,2362,2370,2671,2680,2699,2745,2757,2768,2813,2827,2856,3005,3156,3180,3219,3311,3432,3469,3510,3534,3573,3679,3731
922,3519
1384,2946,3499
3255
450,2029
3245
3639
1439,2176
3129
2384,2796
1770,3584
93,2413
3221
3382,3421
1099
3180,3525
1053
1362,2250,2347
2474,2954
620,2930
116,3194
737
165,2764,3473
2332
26,344,2520
968
1
1158,2820
99,127,245,292,353,400,447,573,598,608,613,675,677,735,846,860,899,901,1032,1041,1079,1081,1172,1432,1472,1483,1526,1629,1680,1688,1861,2125,2226,2311,2358,2425,2461,2585,2637,2711,2808,2924,2925,3009,3107,3173,3195,3201,3231,3239,3286,3358,3370,3371,3403,3408,3424,3509,3531,3592,3718
3441
1304
2583
189,3708
15,37,39,61,85,95,284,327,342,449,494,502,571,686,695,759,836,841,842,886,896,918,924,959,971,994,1049,1062,1074,1149,1166,1187,1192,1254,1261,1262,1313,1386,1495,1503,1504,1585,1641,1655,1666,1707,1717,1801,1849,1905,1967,2013,2024,2042,2062,2161,2307,2318,2330,2359,2429,2458,2505,2513,2532,2535,2580,2623,2674,2715,2750,2816,2819,2821,2834,2864,2890,2923,3121,3128,3186,3244,3249,3253,3296,3407,3415,3577,3599,3612,3659,3716,3744,3757,3759
556,1297
3,1981
1938,2822
1710
809
2753,2774
197,2442
42,86,167,173,194,230,258,299,300,324,328,407,411,415,417,427,472,486,499,511,537,550,599,667,687,719,780,788,797,869,876,880,893,963,1040,1075,1118,1152,1157,1206,1288,1310,1324,1412,1421,1458,1464,1615,1645,1672,1675,1765,1818,1862,1886,1895,1925,1948,1956,1996,2007,2056,2069,2094,2114,2139,2151,2162,2206,2224,2244,2266,2281,2283,2290,2304,2369,2389,2392,2408,2416,2447,2485,2489,2554,2557,2572,2589,2611,2627,2656,2746,2797,2825,2852,2893,2903,2919,2934,3099,3100,3111,3135,3153,3209,3247,3250,3268,3275,3315,3327,3373,3377,3380,3381,3406,3433,3452,3466,3492,3554,3606,3703,3729,3742
661,751
5,111,914,1788,1941
2444,3389
492,1701
1933
2376,2842,2912,2988
34,1794
2208,3158
1322
2932,3356
1069
1294
1362,2250,3223
1965
2887
3589
1434,2991
1228
1486,3263
3365
1733,3491
1577
1962,2581
1539,3159
3476
3171
1025,1902
1167
475,1531,1612,3678
429,781,2474
375,2205,2297,3410
1888
1562,1991,3431,3511
553
685,3603
2187,2468
600,1193
2158,3159
1759,2230
606,1434
1294,1519
3183,3601
1220
1193
832,2512
2289
1335,3324
1235,3084
3105
2172,2984
3227,3237
592,2860
1918
815
76,1133
1784,3260
317,751,2180,2474,2633,3208
2916
357,1376
1115,1341
643,3697
700,1933,3662
1300
1100
298,1981
829
2387,3061
1857,2728,3715
368,1720
2652,2930
2106,2614
827
680,2134
857
2911,3022
2184,2541
386
661,1089
1222,2133
2095,3558
3141,3167
2295
1942,3758
1923,2946
1229,2844
3139,3392
2325
2464
1890,2101
1138,1700
1462
934
795,3473
3225
1930,2267
784,2170,3177,3351
1442,3053
26,1393
3645
1910,3525
141,370
1860
1123,2020
1385,2230
749,2913
402,2385
1794,2172
1070,1814,2107,2357
972,2571
131
147,771,1709,1729
2067,3458
1120,1604,1679,3032,3309
1860,2011,3551
2435
1012,2546
303
435
1147,2407
2203,3391
304
2791
1500,2944
1367,1480,2120
1414,2946
301,1853
714,1088,2460
2474
2527,3712
1395,2547
1168,3323
27,1469
87,1701
1772,2344
2663,3041
539,3566
1709
819,1998
1273
3558
122,930,2275,2329,3164,3690
2037
30,3488
2987,3732
748
2732,3647
1400,2748
554,2499
77,118,169,178,179,248,289,339,363,397,421,580,769,822,844,889,932,1051,1122,1124,1159,1209,1397,1409,1575,1630,1775,1781,1865,1889,1912,2089,2098,2110,2116,2168,2412,2419,2443,2488,2647,2752,2799,2943,3090,3163,3187,3189,3230,3282,3310,3326,3546,3547,3648,3649
721
2391,2824
83,213,2462,3427
614,679,891,2001
1702,1875
925,2057
853,2230
1367,1480
1404,3074
623,1835
1929,2822
1561,2409
875,3389
2144,2352
561,587,942,2591
593,2764,3337
36,68,107,285,333,470,479,866,921,980,1016,1114,1200,1258,1321,1365,1445,1546,1570,1654,1658,1684,1798,1840,1877,1897,1918,1953,2167,2210,2213,2239,2322,2350,2406,2410,2426,2543,2618,2743,2843,2894,2965,3081,3127,3176,3217,3222,3306,3332,3402,3481,3552,3682,3687,3707
1167,1272,3434
1521,3551
2775
1693
2267
66,3056
2508
1299
1410,2539,3603
338,1722
2398,3044
11,1418
577,2218
329
445,750
1342,1594
1650,1769
1119
234
2154
1653,1860
2341
2683,3541
3057
1130,2486
2657,2776
1822,3028
26,3517
2084
252,2545,2946,3113
977,1876,3475
729,1003
450,3348
2727
3720
2598,3498
263,2826
1294,2193
1462,2235
2474,3558
782,940,1142
443,3159
196,1780,3159
2588
394,2652
1964
225
1682
1237,2040
309,441
1992,2249,2333
3340
1384,2545,2946,3585
1869
365,754
458,3480
2556
1296
633,3171
1205,3530
620,2364
925,1880
766,1387
2123
468,1161
2173,2238
659,668
188,2277
1977,2493,2807
280,3303
731,954,1564,2697,3726
414
3350,3589
1348,3159
726,1100
826,1815
150,1315
3070
1022,2767
1037,2796
1524,1584,3726
1509,1652
3624
1656,3526
229,2978
287,2547
1100,2068
329,1608,2956
14,3119
113,2946,3499
241
1839
800,887
693,1643
2561
1816
746,2751,3258
104
2528,3726
3533
3389
1595
1759
2700,3376
1098,2230
1489,1903
297,2861
24
1962
523
948,3118
3216,3712
1607,3525
2,1543,1931
3118
2801,3476
2386,2438
1622,3650
796,925
700,1646,3190
30,138
1690,3274
402,3191
1981,3246
737,1824
3618
241,1009
1387,2738
2654
1027,2000,2831
223,2400
253,1272,3069
1942,3756
848,2079
1199
3699
1730,2418
2706
2261,3274
2249,2333
2465
1048,1315
151
953,2980,3052,3574
1083,3229
304,2184
2181
1299,3389
1030
2553
1384,2545
1656,3499
1100,3159
1339,3104
929,1712
150
2430,2700
3713
632
1247,3702
1800,2020
1407
855,2175
592,1882
1363
1085,2470
3158
633
404,1013
2936,2946
1323
2372
1178,1406,2946
632,806,807
448,1823
1121,1387
205,271,1879,3628
1419,1661
596
1433,2677
1482,3347,3565,3685
618
388
1780,3159
139,1649
996,3589
2510
693,2990
1606
38
3013,3727
41,44,607,1810
809,2440
1322,1375
2603
1815
91,925
2946,3279,3569
180,3033
1794
2027,2992
3226
26,1935
1716,2714
441
101,2371
1335
1556
2141,3444,3515
954,1091
2789
913
269,3096
848
700
201,2948
1462,2737,3238
955,2700
579,3506
1779,2878,3394
1606
740,2566,2990
2027,2790
3280,3464
605,1378,1676
1550,1571,2977,3308
1328
3694
505
812,3036,3631
1419
2561,3170
3068
1068
1910,2240
1005,1090
2444,2784
3104
2722
1078,1115
52
3441
3396
2708
1136,3414
1048
1732
236,793,903
3337
2255,2814
175,458,3496
1856,2238,2526
1144
2652,3426
4,3229
1854
794
767,2237
1319,2882
625
1926
1793,1870,1893,2525
1467
607,2198
404
283,3345
426,1535
1111,1847
2310
821
637,3400
3046,3064
3670
1573
1679,2526,3309
1322,1565
656
165
396,669
408,3687
1001,1971
1068,2123
155
2031,2423
2361
1064,1067
1169,1760
2652,2909
1760
2375
1137,1539
1720,1744
1686
650,3471
87
1038,1652
2176
799
3314
453,1671
818,1115
1069,1507,2565,2973
117,3618
1351
969,2700,3713
40,581
3440
1760,2294
2003,3233
2090,3656
1875
221,227,949,3634,3753
679
2562
2238,2556
22,1361
332
2889
14,773
426
634,3441
1169,1693
2724
1880,3681
1750,2237,2960
2204,3720
1927
1567,2345
1151,1527
3423,3458
138,1769
1109
237,1642,3032
604
2615,3198
1941
703,1269
1872
2729,2929
521,2152
2596,3422
1487,2704
1426,2058
713,944,1253,1275,1868,2798
2871
536,3274
1315
773,2562
1755
2673
3653
3583
1749,2517
1350,1860
1535
2424
228,1788
990,3257
371,2981
2364,2652
2789,2983
229,2978
2551,3558
2566
843,911,1358,2645,3085
1892
508,1219,1515,1532,1603
1902,3164
418,1205
902,2764
253,3069,3528
2546,3026
2693
806,1291
377,507,517,622,820,1023,1033,1207,1513,1799,2033,3322,3329,3527
1368,3321,3579
636,1754
1622
2236,2860
1899,3256,3392
3551
1524,1728,2721
177,865,1566
1452
2149
443
1701,3669
574
349,2201
197,3390
1902,3482
3313
1391,2277
872,2547
1808
317,1642
1161,3464
1139
670,1214
2016,2844
1534,2184
782,3488
2518,2590
1745
108,2323
709,2550,2756
1148,3684
1558
2901
1082,2953
662,2640
25,471
402,3042
2017,2289
660,1127,1646,2542
1792,2700
2845,2892
252,3499
1050,1984,3631
1803,3188
464,2037
1340,2764,3337
1955,2508
1037
671,3713
776,2879
3119,3356
522,756,1721,3572
2764,3446
253,1884
839,1761,2231,2710
657,2661
3663
136
1792
1961
303,1272,3434
1992,2545,2946,3734
3434
2652
1902
3732
351,1643
33,1604,1679,3032,3309
219,1636
2697
558,2946
3043
1992
1105,1755
329,1608,1661
2184,3560
334,1921,2449
1628
1831,3026
616
117,1470
196,1780,3159,3566
2492,3701
201,3641
1017,1343
1588,3658
2095
1399
2502
2146,3613
476,795
206
555,2686
3033
2993
296,730,2229,2896,3401,3495,3750
2815
2583,3159
155,2474
3106
1713
2328
652
2862,3733
979,2152
2452,3229
401,2766
621
63,2474
2565
873
53,221
1035
2917
607
549,3435
1141,1351
2331,3712
1517,3159
2019,3059
1372,3162
992
1640,1973
2888
1371
732,2951
2032
1456,3066
1831,2324
1053,2575
736,3272
2700,3065
628,2815
3003,3140,3570
661
2765
1755,2530,2897
1773,2691
183,1498
349,483
551,1597
493,3280
2082
1069,1507,3141
1025,1356
2363
137,2367,2731
1230,2225
741,3499
632,1982
734,2708
1739,1973
1769,3594
808,2598
1517
2709
1100,1901,2068,3172
276,3676
2331,2409
337
2134
987,3491
1931
2035,2712
3044
3010
24,1426
2037,2175
2230,2424
111
1316,2967
744,2722
1942,3149
496,1864
1251,2769
1523,1607
344,3504
2230,3200
2315,3196
2411
2187,2394
2258,3366
59,1484
740,2184
601,1460
189
1007
320
1055
625,3622
1470
1235
362
1383
1361
2439
1726,2072
1746
1659
350,3159
3560
568
267,3422
1312
367,892,2057,3367,3681
981
1384,1505,2545,2946
1463,3229
395,2409
645,3712
658
3014,3062
821,3489
2123,2950,3489
1198,2888
23,28,55,74,84,106,125,168,184,207,374,405,434,440,451,459,490,503,562,635,665,683,684,774,786,834,930,952,982,1002,1095,1104,1107,1186,1191,1234,1236,1246,1264,1268,1279,1311,1477,1494,1496,1508,1554,1569,1570,1574,1638,1723,1752,1825,1848,1887,1900,2081,2117,2202,2237,2273,2340,2382,2422,2434,2618,2634,2684,2690,2713,2741,2754,2793,2806,2870,2920,2938,3040,3051,3164,3204,3218,3283,3307,3405,3436,3477,3521,3575,3593,3595,3623,3668,3724
423,2762,3174,3385
1774
2973
2451
3146
1168,2792
1064,1431
1294,1787
3622
2597
1056,2850
108
1606,2123
34,3530
743,1307
1782,2547
464
1161,1659
2715,2995
796
1196,3488
2070
2712
3687
1609,2966
3086
1361,2735
51,2844
270,875,1804,1821,3262
3048,3241
29,54,134,279,341,364,372,406,500,521,540,546,685,813,912,977,1060,1112,1145,1220,1238,1250,1392,1466,1475,1478,1572,1623,1677,1715,1738,1858,1881,1904,1933,1994,2083,2138,2142,2152,2179,2241,2253,2259,2351,2370,2380,2477,2503,2511,2576,2643,2671,2680,2699,2770,2771,2881,3093,3156,3197,3254,3292,3311,3469,3493,3510,3534,3564,3576,3602,3679
1514,2835
180,2180
1635,3706
3658
1064
1564,2697
193,1942
2270,3262
273,787,1580,2147
948
1600,1794
1441
2753
3206,3644
829,3483
487,1671
1144,3159
2365,3114
3229,3548
984,3640
2020
356,2828
744,1069,1507
2861
140
3202,3726
360,1054,1217,2723,2907
1267,3179
1403,2140
2722,3141
1474
588,2109
1361,3219
2230,2465
238,1874,2223
3301
1362,2250,2675
3391
1314,3591
3271,3688
3036,3037
1277
223,2846
538,3398,3445
1272
1489,2579
253,1272,3069
182,409
2363,3057
2180
2055,2423
2796
2015,2889
986
117,3618
744,2296
1568,1794
2137,3338
1304,1951
190,1061
3423
2547,3024
900,2414
744,1069,1507,2973
1053,1622
2491,2775,2940
110,381,672,1257,1318,2028,2783,3611
450,939
313,2367
3167
1294,3302
3422
376,471
2331,3563
523
2981
1089,2355
3094,3251
2146,2160
1388,1971,2479
1815,3562
660,700,1127,1646,2542
2300
1616,2522
2157,2504
744,3167
595,1199
1803
3674,3723
655,2321
474,2504
2237,2620
2184,3699
3656
3497,3686
2686,3669
2232
2314
2775,2940,3330
2937
849,1794
2200
862,2682
796,1523
1100,1794
350
2065,2072
1727,3335
520
868,2404
3165
770
1328,2480
3139
1220,2230
850,2230
402,1928
962
1687
1671,1871
2763
2146,2160,2451,2763
590
1618,2902
1138,3180
1093
3167,3620
785,1519
2366
2158
891
740,2566,3108
2691
78,1594
3561
2699,3603
426,1553
1656,2779
357,576
1712,3395
1837
92,493
1087,2189
385,457,1352,1360,1542,1694,1949,2050,2976,3027,3242,3243,3290,3359,3635
1476,2080
729,1088,1952
2420,3299
1955
47
319,2844
1536,2421,2809,2857
2040
34,418
1218,2446
2764,3473
2946,3113,3459,3607
1524
1425
1372
1294,3235
3441,3525
464,1479
617,1540
3160,3443
154,827
1294,3235
2737,2758
3519
1919,2603
122,512,930
135,602
662,3672
2172,3669
2184,2232
158,945
1563,1951
171,1971
175,458,2820
492,2172
2449,2497
1709,2070
49,3737
528,1168
1198
1044
436,702,763,1059,1708,2487,3131
990,2583
1248,3558
741,2320,3304
659
875
2994,3505
50,1467,2515,3211
960,2027
555
1837,2760
854,2725,3524
1990,3225
2533
154
223,1083
1774,2300
1626
1135,2126
97,2879
2681
2005,3357,3557
1078
681,2468
3346
119
654,2518
1442
3392
1176
2716,3063
1420,3545
3132
41,148,607,1810
3625
1583,2061
1731
1177
1256,3603
2373,2673
2676
1541,2198
974,1175,2955
794,987
2143,2506
2601,2993
559,2946,3569
123
1370,3556
286,2399
1485
3210,3522
120,3416
2317
984,1829,2692
3037,3068
3437,3582
340,1461
1069,2565
2178,2496
2548,3440
3073
740,1661
661,1227
1042,2372
1685,2729
782,1142,1867
512,3164
93,1604,1679,3032,3309
1618,2538
189
1042,2372
12,1171,2972,3559
1809,2696,2764
236,793,1732
1695,2264
31,3414
1891
1371,1549
964,2563,2631
3308
1102,3374
826,1982
3227,3669
1227,2123
1129
764
135
1577
1618,2652
217
1332
2744
3148,3215
945,1512
119,1476
1936
369,3155
253,1272,3434
1715,3294
209,1826,2209,2847,2869,2885,3342,3349,3360
879,1462
2974
3442,3624
1189,1910,3525
3660
937
1374,2288,3614
1710,3336
1134
1951,3430
1101,1796
535,2265
1008,2710
824,3205
615,3234
1553
2368,3293,3399
850
131,1869
229,1957
1965,2474
990
632,2174
402,2396,2584
1625,3558
1294,2413
2366,2801
252,2545
3476,3725
2184,2873
3755
662,2642
1144,2583
859,2146
1595,3129
2088
1133
25
189,2055
2
1600,3212
531
1294,2876
398,3369
282,1610
3001,3404
305,3666
990,2880
1440,2032
1705
619,2415
196,2859
2652,3159
1337,3566
1501,1741
166,2039
870,1962
1228,2879
2423
3026
1451,1971
3229,3748
199,2040
2601
2301
1123
262,1582,2545,2946
2490,2617
670,2080
1973,3252
922
745,2946,3113,3607
1492
2293
3269,3334
2282
782,1142,1747
741,1298
41,607,2614,3743
1550,2309,2931
1988
3609
100
999,2137
3220
3465
704,3026
322,1208,1734
2844,3083
714,1844,2953
2253,2781,3298
1273,2272
2508,3421
2175
211,3580
191,226,265,326,355,403,442,534,557,688,915,1020,1039,1097,1683,1696,1758,1914,1915,1916,2064,2417,2501,2558,2830,2849,2853,2877,2884,2968,3017,3266,3285,3661,3709
966,1396
825,1188
1438,3104
254
1232,1888
424,1934,3671
1784
755
2378
262,1582,1834,2946
765,2755
567,925
3010,3418
3372
1129,1851
878,3123
116,596
93,1326
2343,3726
565,1681
1518
362,2252
2084,2310
1685,2456
740
1686,2676,3571
1347,2222
1885,2663
3430
2570
3615
3006
566,678,1020
554,2041
302,1129
2238,2705
1794,3159
3669
1807,2269
1894
1243,3157,3353
993,3479
1224,3603
1992,2270,3033
2946
3104,3227
1716
947,2126
1859,3133
1937
1077,2146
1476
2166,2299,2622
1523,3180
566,1020,3137,3181
2502
2569
1294,3348
3627
1100,2497
819,3598
1710
249,1092,1740
267,1361
2874,3270
1068,2123
2795,3636
2233,3161
302,2608
323,1332
2617
1670,3633
1523,3301
1344,3344
1811,2701
41,607,2583,2614
1753,2946,3113,3607
1795,2553
875,1804,1821,1866,3262
291
158,2952
88,3745
32,2700
2480
1065,1978
2753,3283
0
1154
1916,2018
527,1995
165,2034
1427,3675
575,744
383
3638,3697
1751,1773
559
253,1441
2379,2818
235,740
493,1161
253,1183
651
430
835,1046,3032
3423,3741
806
2698,3151
91
309
533,1771,2454
1982,3562
3262,3523,3550
531,1231
1697,3548
225,607
1845,3016
14
484,1883
261
1069,1507,2565
795,1180
60,70,94,126,222,224,257,272,288,311,420,425,444,451,460,465,467,490,503,583,630,644,674,676,722,742,792,802,803,811,828,861,866,898,904,950,973,1185,1258,1303,1346,1354,1413,1417,1429,1450,1490,1511,1546,1557,1579,1591,1611,1658,1840,1897,1900,1907,2003,2051,2059,2071,2131,2237,2239,2291,2326,2360,2467,2524,2592,2593,2602,2604,2689,2754,2772,2803,2837,2963,2965,2969,3040,3218,3224,3233,3307,3316,3325,3328,3386,3428,3455,3487,3507,3512,3543,3578,3590,3604,3683,3747,3760
526,2614
1592,2959
223,626
1223,2509
103,2936
1843,3008
1744
2275
2760
637
660,1127,2542
428,2072
210,3256
2012,2866
196,716
1045,1162
223,2452
2270
1828
2789,2983
1100,1301,1784,1917
253
1248
2500,2600
2021
1178,2946,3262
2145
2642,3712
561,2591,3663
2906
529,2518
1600
661,2498
2035
1902
1769,2567
2966
161,865,3610
560,2578,2764
2387,3147,3553
984,1035
2886
3454
1838,3159
1837,2474,3364
1971,2514
2499
801,1000
575,2565
1036
120,661,751,3416
498,3751
3215
2764
2560,2973
2811
3387
2230,3608
3506
528
1232
1073
3526
366,1724
1315,2764,3088
1103
1521
1315,1705
3103,3496
3262
2982,3470
392,1942
1621,2652
1856,2526
2180,3476
616,794
6,7,69,81,129,208,212,216,242,264,278,310,315,318,389,410,416,431,456,461,518,586,648,666,692,694,718,761,789,863,919,946,958,1076,1096,1116,1117,1181,1190,1197,1282,1285,1293,1338,1381,1416,1448,1468,1502,1516,1544,1586,1602,1633,1660,1669,1711,1737,1830,1906,1954,1968,1985,2078,2182,2183,2196,2234,2263,2334,2346,2353,2482,2521,2613,2621,2651,2659,2679,2707,2718,2780,2817,2867,2891,2914,2928,2961,2970,2998,3000,3192,3248,3278,3352,3397,3409,3453,3468,3486,3513,3520,3728
3160
1414
1073,1110,1138
1485,2230
3689
2666
1287,2402
2836
320,1971
1725,2019
870
988,2440
1594,3646
2518,3761
2287
1501,3202
3674
589,2238
2702
2409,2642
159,3605
9
939,3451
2812
3422,3478
1108,3014
776
2587
2735,3422
569,1300
1440
387,2704
1141
726,1981
266,2076
316,1514,2577,2835
3143
1831,3490
2101
2238,2760
1244,2356
988
469
2481,3712
1999,2463
1913,2775,3697
1453,1980
3489
1302
1590,1648
75,1119
1144
233,2194
3390,3448
948,2691
3483
981,2566,2990
1284
837
1838
3568
911,1358,3085
3283
