334,0,-1.0
7,0,-1.0
833,0,1.0
448,1,-1.0
966,1,1.0
1203,1,-1.0
309,1,1.0
834,2,-1.0
635,2,1.0
1311,2,-1.0
557,3,1.0
1028,3,-1.0
952,3,-1.0
107,4,-1.0
790,4,-1.0
428,4,1.0
1231,5,1.0
966,5,1.0
448,5,-1.0
981,5,-1.0
548,6,1.0
448,6,-1.0
966,6,1.0
1042,6,-1.0
354,7,-1.0
1087,7,1.0
1618,7,1.0
1122,7,-1.0
856,8,1.0
487,8,-1.0
433,9,-1.0
0,9,-1.0
1652,9,1.0
93,10,-1.0
542,10,1.0
1207,10,1.0
1083,10,-1.0
1449,10,-1.0
790,11,-1.0
1608,11,1.0
882,11,-1.0
903,12,-1.0
1039,12,1.0
756,12,-1.0
1055,13,1.0
887,13,-1.0
1398,13,-1.0
1398,13,1.0
448,13,-1.0
1254,13,1.0
620,13,-1.0
802,13,1.0
1287,14,-1.0
1484,14,1.0
525,14,-1.0
1288,15,1.0
966,15,1.0
1118,15,-1.0
448,15,-1.0
187,16,1.0
1008,16,-1.0
1734,16,-1.0
1169,17,1.0
653,17,-1.0
1074,17,-1.0
670,18,1.0
1722,18,-1.0
650,19,-1.0
829,19,1.0
448,19,-1.0
1381,19,-1.0
966,19,1.0
464,19,1.0
819,19,1.0
84,20,-1.0
665,20,-1.0
8,20,1.0
259,21,1.0
1458,21,-1.0
189,21,-1.0
680,22,-1.0
726,22,-1.0
4,22,1.0
1552,23,-1.0
1086,23,-1.0
96,23,1.0
784,24,1.0
282,24,-1.0
448,24,-1.0
966,24,1.0
771,24,-1.0
1420,25,1.0
1502,25,-1.0
260,25,-1.0
1570,26,-1.0
111,26,1.0
1515,26,-1.0
1516,27,-1.0
1596,27,1.0
1326,27,-1.0
1710,27,-1.0
1562,27,-1.0
961,27,-1.0
371,27,-1.0
516,28,-1.0
202,28,-1.0
834,28,1.0
448,29,-1.0
966,29,1.0
1657,29,1.0
1643,29,-1.0
1683,30,1.0
1547,30,-1.0
1576,30,1.0
1659,30,-1.0
1458,31,-1.0
294,31,-1.0
401,31,1.0
1427,32,1.0
256,32,1.0
1597,32,-1.0
1002,32,-1.0
1013,33,-1.0
278,33,-1.0
1399,33,1.0
404,34,-1.0
921,34,1.0
380,34,1.0
347,35,-1.0
786,35,-1.0
1118,35,1.0
1207,36,1.0
375,36,-1.0
304,36,1.0
1083,36,-1.0
464,36,1.0
1341,36,1.0
1303,37,-1.0
306,37,1.0
1492,37,-1.0
488,38,-1.0
1121,38,-1.0
933,38,1.0
707,39,-1.0
793,39,-1.0
1304,39,1.0
1406,40,-1.0
672,40,-1.0
1552,40,1.0
166,41,-1.0
1247,41,-1.0
183,41,1.0
448,42,-1.0
966,42,1.0
1302,42,1.0
1422,42,1.0
1433,42,-1.0
1159,43,1.0
517,43,1.0
1699,43,-1.0
1607,44,1.0
131,44,1.0
1609,44,1.0
1011,44,-1.0
436,44,1.0
1294,45,-1.0
1009,45,1.0
1473,45,-1.0
247,46,1.0
372,46,-1.0
465,46,-1.0
966,47,1.0
251,47,-1.0
112,47,1.0
448,47,-1.0
682,48,1.0
1637,48,-1.0
1562,48,-1.0
1366,49,1.0
1485,49,-1.0
983,49,-1.0
1124,50,-1.0
446,50,-1.0
631,50,1.0
724,51,-1.0
862,51,-1.0
1360,51,1.0
6,52,-1.0
388,52,1.0
591,52,-1.0
74,53,-1.0
238,53,1.0
1229,53,-1.0
321,54,-1.0
856,54,-1.0
1018,54,1.0
1137,55,1.0
1185,55,-1.0
349,55,-1.0
1427,56,1.0
256,56,1.0
1597,56,-1.0
1002,56,-1.0
243,57,-1.0
205,57,-1.0
992,57,1.0
448,58,-1.0
573,58,1.0
872,58,-1.0
966,58,1.0
1628,59,-1.0
1466,59,-1.0
246,59,1.0
878,60,-1.0
527,60,-1.0
939,60,1.0
227,61,-1.0
1073,61,1.0
83,61,-1.0
749,62,-1.0
966,62,1.0
349,62,1.0
448,62,-1.0
138,63,-1.0
448,63,-1.0
1453,63,1.0
966,63,1.0
250,64,-1.0
732,64,1.0
448,64,-1.0
649,64,1.0
167,64,-1.0
966,64,1.0
801,65,-1.0
799,65,1.0
202,65,-1.0
201,66,1.0
766,66,-1.0
448,66,-1.0
966,66,1.0
1675,67,1.0
1428,67,-1.0
1339,68,1.0
1565,68,-1.0
1695,68,-1.0
448,69,-1.0
1310,69,1.0
966,69,1.0
1598,69,-1.0
966,70,1.0
1400,70,-1.0
1332,70,1.0
448,70,-1.0
1755,71,1.0
1017,71,-1.0
464,71,1.0
650,71,-1.0
1712,72,-1.0
341,72,1.0
337,72,-1.0
818,73,1.0
681,73,-1.0
1419,74,-1.0
1649,74,-1.0
1757,74,1.0
713,75,1.0
1404,75,-1.0
1644,75,1.0
90,76,-1.0
803,76,1.0
353,76,-1.0
963,77,1.0
279,77,-1.0
526,77,-1.0
606,77,-1.0
711,78,1.0
349,78,-1.0
982,78,-1.0
186,79,1.0
10,79,1.0
186,79,-1.0
1776,79,-1.0
874,79,-1.0
1112,79,1.0
448,80,-1.0
420,80,-1.0
1028,80,1.0
966,80,1.0
901,80,-1.0
966,81,1.0
1095,81,-1.0
154,81,1.0
448,81,-1.0
1300,82,1.0
1335,82,-1.0
418,82,-1.0
1351,83,1.0
966,83,1.0
448,83,-1.0
198,83,-1.0
429,84,-1.0
1460,84,-1.0
796,84,1.0
1020,85,1.0
730,85,-1.0
448,85,-1.0
966,85,1.0
1480,86,-1.0
419,86,1.0
1049,86,-1.0
464,87,1.0
650,87,-1.0
1676,87,-1.0
843,87,1.0
199,88,-1.0
37,88,1.0
287,88,-1.0
713,89,-1.0
750,89,-1.0
1563,89,1.0
1468,90,1.0
887,90,-1.0
797,90,1.0
1429,90,-1.0
661,91,-1.0
809,91,-1.0
312,91,1.0
621,92,-1.0
369,92,1.0
339,92,-1.0
361,93,-1.0
61,93,1.0
1187,93,-1.0
645,94,-1.0
954,94,-1.0
490,94,1.0
978,95,1.0
1568,95,-1.0
1697,95,1.0
996,95,-1.0
1549,96,1.0
650,96,-1.0
464,96,1.0
1521,96,-1.0
1191,97,-1.0
1776,97,-1.0
1610,97,1.0
966,98,1.0
572,98,-1.0
881,98,1.0
448,98,-1.0
1776,99,1.0
650,99,-1.0
1165,99,-1.0
427,99,1.0
448,100,-1.0
784,100,1.0
1392,100,1.0
575,100,-1.0
966,100,1.0
410,101,-1.0
1017,101,-1.0
665,101,1.0
1744,102,-1.0
80,102,-1.0
938,102,1.0
1391,103,-1.0
1074,103,1.0
153,104,1.0
672,104,-1.0
133,104,-1.0
1576,105,1.0
310,105,-1.0
1034,105,1.0
1547,105,-1.0
1611,105,-1.0
244,106,1.0
966,106,1.0
464,106,1.0
650,106,-1.0
1741,106,-1.0
448,106,-1.0
263,107,1.0
845,107,-1.0
1206,107,-1.0
953,108,-1.0
373,108,1.0
676,108,-1.0
434,109,1.0
697,109,-1.0
999,110,1.0
1002,110,-1.0
23,110,-1.0
1427,110,1.0
1455,111,1.0
1750,111,-1.0
1317,111,-1.0
1587,112,-1.0
808,112,-1.0
197,112,1.0
594,112,1.0
1629,113,1.0
63,113,-1.0
283,113,-1.0
479,114,1.0
807,114,-1.0
583,114,-1.0
1343,115,-1.0
752,115,1.0
1200,115,-1.0
288,116,-1.0
718,116,1.0
542,116,-1.0
347,117,-1.0
735,117,-1.0
572,117,1.0
200,118,1.0
1711,118,-1.0
50,118,-1.0
1285,119,1.0
924,119,-1.0
1219,119,-1.0
1173,120,-1.0
466,120,1.0
277,120,-1.0
184,121,-1.0
446,121,-1.0
1529,121,1.0
491,122,-1.0
1167,122,1.0
237,122,-1.0
783,123,1.0
1650,123,-1.0
402,123,-1.0
1524,124,-1.0
1204,124,-1.0
402,124,1.0
1225,125,-1.0
1595,125,1.0
662,125,-1.0
1279,126,-1.0
1636,126,1.0
461,126,-1.0
1419,127,-1.0
1112,127,-1.0
191,127,1.0
1310,128,1.0
1761,128,-1.0
1668,128,1.0
448,129,-1.0
966,129,1.0
883,129,1.0
1419,129,-1.0
1730,130,-1.0
528,130,1.0
358,130,-1.0
127,131,1.0
1670,131,-1.0
1045,132,-1.0
1516,132,1.0
448,132,-1.0
966,132,1.0
271,132,-1.0
193,133,-1.0
785,133,1.0
1402,133,1.0
885,133,1.0
538,134,-1.0
1198,134,1.0
1573,134,-1.0
448,135,-1.0
553,135,1.0
966,135,1.0
1344,135,-1.0
1498,135,-1.0
1684,136,1.0
1777,136,-1.0
1017,136,-1.0
1074,137,-1.0
1378,137,-1.0
450,137,1.0
448,138,-1.0
663,138,-1.0
966,138,1.0
1449,138,1.0
1309,139,1.0
1232,139,-1.0
94,139,-1.0
497,140,-1.0
1254,140,1.0
648,140,1.0
448,140,-1.0
802,140,1.0
1606,140,1.0
913,140,1.0
403,140,-1.0
1552,141,-1.0
157,141,1.0
387,141,-1.0
1284,142,-1.0
1506,142,-1.0
148,142,1.0
173,143,1.0
972,143,-1.0
228,144,-1.0
887,144,-1.0
66,144,1.0
1408,144,-1.0
1251,145,1.0
1074,145,-1.0
1439,145,-1.0
118,146,1.0
448,146,-1.0
966,146,1.0
789,146,-1.0
1562,147,1.0
166,147,-1.0
966,147,1.0
448,147,-1.0
1546,148,-1.0
552,148,-1.0
1431,148,1.0
440,149,-1.0
1333,149,1.0
235,149,-1.0
454,150,-1.0
693,150,1.0
1327,151,-1.0
844,151,-1.0
1138,151,1.0
448,152,-1.0
734,152,-1.0
966,152,1.0
195,152,1.0
352,153,-1.0
944,153,1.0
15,153,-1.0
394,154,1.0
73,154,-1.0
1080,154,-1.0
1241,155,-1.0
1017,155,-1.0
1088,155,1.0
779,156,1.0
832,156,-1.0
867,156,-1.0
156,157,-1.0
268,157,-1.0
816,157,1.0
1750,157,1.0
1005,157,1.0
1385,157,-1.0
1187,158,-1.0
239,158,1.0
1567,158,-1.0
966,159,1.0
1562,159,1.0
166,159,-1.0
448,159,-1.0
1364,160,-1.0
367,160,1.0
1607,161,-1.0
1040,161,1.0
325,161,-1.0
1644,162,1.0
1231,162,-1.0
1519,162,1.0
1074,163,-1.0
1066,163,1.0
1186,163,-1.0
964,164,-1.0
648,164,-1.0
1228,164,1.0
1089,164,1.0
545,165,1.0
309,165,-1.0
448,165,-1.0
966,165,1.0
448,166,-1.0
629,166,1.0
966,166,1.0
1625,166,-1.0
990,167,-1.0
310,167,-1.0
1547,167,-1.0
1358,167,1.0
1576,167,1.0
417,168,1.0
1105,168,-1.0
498,168,-1.0
1218,169,-1.0
1337,169,1.0
1106,169,-1.0
46,170,-1.0
420,170,1.0
448,170,-1.0
966,170,1.0
1266,171,1.0
825,171,1.0
414,171,1.0
499,171,-1.0
1775,171,1.0
1639,172,1.0
75,172,-1.0
1578,172,-1.0
1123,173,-1.0
1388,173,1.0
1017,174,-1.0
336,174,-1.0
986,174,1.0
481,175,1.0
1545,175,-1.0
852,175,-1.0
1745,176,1.0
612,176,-1.0
461,176,-1.0
1355,176,1.0
323,177,-1.0
1238,177,1.0
1141,177,-1.0
607,178,-1.0
26,178,-1.0
744,178,1.0
1515,179,-1.0
1056,179,1.0
488,179,-1.0
1615,180,1.0
1662,180,-1.0
1147,180,-1.0
1602,181,-1.0
1756,181,-1.0
435,181,1.0
1494,182,-1.0
448,182,-1.0
1647,182,1.0
966,182,1.0
966,183,1.0
616,183,-1.0
448,183,-1.0
730,183,1.0
399,184,-1.0
1425,184,-1.0
301,184,1.0
268,185,1.0
100,185,-1.0
1151,186,-1.0
57,186,-1.0
67,186,1.0
1194,187,-1.0
905,187,1.0
211,187,-1.0
1423,188,-1.0
68,188,1.0
880,188,-1.0
234,189,-1.0
912,189,1.0
1219,189,-1.0
1130,190,1.0
306,190,-1.0
1211,191,-1.0
871,191,1.0
272,191,-1.0
535,192,-1.0
104,192,1.0
1084,192,-1.0
966,193,1.0
1293,193,-1.0
437,193,1.0
448,193,-1.0
1432,194,1.0
69,194,-1.0
1179,194,1.0
721,194,-1.0
646,195,-1.0
1463,195,-1.0
1631,195,1.0
966,196,1.0
1562,196,-1.0
1037,196,-1.0
602,196,1.0
448,196,-1.0
1632,197,-1.0
1776,197,-1.0
1622,197,1.0
177,197,-1.0
1505,198,1.0
553,198,-1.0
591,198,1.0
1647,199,-1.0
851,199,-1.0
804,199,1.0
54,200,1.0
358,200,-1.0
778,200,-1.0
1273,201,1.0
1711,201,-1.0
710,201,-1.0
1606,202,-1.0
1228,202,-1.0
497,202,1.0
315,203,-1.0
1768,203,1.0
530,203,-1.0
1257,204,1.0
1317,204,-1.0
1108,204,-1.0
816,204,-1.0
1256,204,-1.0
497,205,-1.0
1254,205,1.0
422,205,1.0
1606,205,1.0
802,205,1.0
648,205,1.0
448,205,-1.0
908,205,-1.0
858,206,1.0
190,206,1.0
651,206,-1.0
474,207,-1.0
189,207,1.0
850,207,-1.0
1092,208,-1.0
1459,208,-1.0
924,208,1.0
1017,209,-1.0
1474,209,1.0
952,209,-1.0
815,210,1.0
1190,210,-1.0
638,210,-1.0
505,211,-1.0
1384,211,1.0
1023,211,-1.0
448,212,-1.0
1367,212,-1.0
966,212,1.0
710,212,1.0
11,213,-1.0
1076,213,-1.0
1726,213,1.0
681,214,1.0
777,214,-1.0
1396,214,-1.0
1373,215,-1.0
1255,215,-1.0
1314,215,1.0
324,216,1.0
448,216,-1.0
416,216,-1.0
966,216,1.0
620,217,1.0
217,217,-1.0
1055,217,-1.0
855,217,1.0
1674,218,-1.0
1127,218,-1.0
1052,218,1.0
1701,219,-1.0
378,219,-1.0
1522,219,1.0
1508,220,1.0
1481,220,-1.0
984,220,-1.0
166,221,-1.0
1284,221,1.0
43,221,1.0
650,221,-1.0
791,222,1.0
33,222,-1.0
65,222,1.0
185,222,-1.0
1284,223,1.0
1401,223,1.0
166,223,-1.0
637,224,1.0
1281,224,-1.0
326,224,-1.0
1712,225,-1.0
1770,225,-1.0
506,225,1.0
482,226,1.0
1655,226,-1.0
222,226,-1.0
1758,227,1.0
651,227,-1.0
609,227,-1.0
1083,228,-1.0
448,228,-1.0
802,228,1.0
1723,228,1.0
1397,229,1.0
864,229,-1.0
166,229,-1.0
632,230,1.0
1342,230,-1.0
1195,230,-1.0
727,230,-1.0
448,231,-1.0
1322,231,-1.0
966,231,1.0
1680,231,1.0
413,231,-1.0
1379,232,-1.0
1107,232,-1.0
814,232,1.0
144,232,-1.0
927,233,-1.0
1217,233,1.0
727,233,-1.0
423,234,1.0
1078,234,-1.0
1120,235,1.0
906,235,-1.0
1099,236,-1.0
269,236,-1.0
149,236,1.0
358,237,-1.0
99,237,1.0
158,237,-1.0
1170,238,-1.0
1373,238,-1.0
737,238,1.0
353,239,-1.0
448,239,-1.0
48,239,1.0
966,239,1.0
839,240,-1.0
568,240,1.0
169,240,-1.0
606,241,-1.0
690,241,1.0
743,241,-1.0
1109,242,-1.0
1671,242,1.0
1068,242,-1.0
92,243,-1.0
1065,243,-1.0
1274,243,1.0
318,244,1.0
667,244,-1.0
61,244,-1.0
1426,245,-1.0
1526,245,1.0
448,245,-1.0
966,245,1.0
106,246,1.0
263,246,-1.0
1386,247,1.0
1664,247,-1.0
599,247,-1.0
966,248,1.0
1562,248,1.0
448,248,-1.0
166,248,-1.0
1558,249,1.0
1434,249,-1.0
229,249,-1.0
1070,249,-1.0
1101,250,1.0
55,250,-1.0
782,250,-1.0
34,251,-1.0
182,251,1.0
890,251,-1.0
1674,252,1.0
448,252,-1.0
1382,252,-1.0
966,252,1.0
770,253,1.0
747,253,1.0
1223,253,1.0
1227,253,1.0
1171,253,1.0
1093,253,-1.0
1590,253,1.0
399,253,1.0
1361,254,-1.0
1290,254,-1.0
805,254,-1.0
1543,254,1.0
794,255,-1.0
1678,255,1.0
1764,256,1.0
213,256,-1.0
51,256,-1.0
1510,257,1.0
1219,257,-1.0
1660,257,-1.0
927,258,1.0
1651,258,-1.0
1342,258,-1.0
1561,259,-1.0
663,259,-1.0
1562,259,-1.0
565,259,1.0
1312,260,1.0
1482,260,-1.0
1587,261,1.0
1412,261,-1.0
497,261,-1.0
392,262,-1.0
1025,262,-1.0
926,262,1.0
1692,263,1.0
1004,263,-1.0
25,263,-1.0
672,264,-1.0
463,264,-1.0
124,264,1.0
310,265,-1.0
570,265,-1.0
556,265,1.0
1027,266,-1.0
1205,266,-1.0
1221,266,1.0
284,267,1.0
1200,267,-1.0
1706,267,-1.0
358,268,-1.0
1295,268,1.0
291,268,-1.0
1495,269,-1.0
570,269,1.0
811,269,1.0
1345,269,1.0
590,269,-1.0
1157,270,-1.0
1074,270,-1.0
617,270,1.0
1427,271,1.0
1002,271,-1.0
192,271,-1.0
1174,271,1.0
188,272,1.0
212,272,-1.0
674,273,1.0
846,273,1.0
1258,273,-1.0
946,273,-1.0
1114,274,1.0
740,274,-1.0
1171,274,1.0
1462,275,1.0
1672,275,-1.0
1259,275,-1.0
1245,276,-1.0
1542,276,-1.0
1267,276,1.0
876,276,-1.0
520,277,-1.0
613,277,-1.0
660,277,1.0
1711,278,-1.0
664,278,1.0
573,278,-1.0
1223,279,1.0
836,279,-1.0
574,279,1.0
311,280,-1.0
175,280,1.0
1538,280,-1.0
1393,281,-1.0
715,281,-1.0
840,281,1.0
966,282,1.0
1419,282,-1.0
1182,282,1.0
448,282,-1.0
1415,283,1.0
125,283,1.0
1098,283,-1.0
1616,284,-1.0
1380,284,-1.0
325,284,1.0
1750,285,1.0
268,285,-1.0
333,286,-1.0
305,286,1.0
448,287,-1.0
551,287,1.0
76,287,-1.0
966,287,1.0
1660,288,1.0
873,288,-1.0
723,288,-1.0
1443,289,-1.0
221,289,-1.0
1469,289,1.0
1252,290,1.0
1544,290,-1.0
1311,290,-1.0
1158,291,1.0
1199,291,-1.0
1760,291,1.0
966,292,1.0
1234,292,1.0
448,292,-1.0
1201,292,-1.0
828,293,-1.0
1222,293,-1.0
503,293,1.0
1658,294,-1.0
1143,294,1.0
1710,294,-1.0
701,295,-1.0
733,295,1.0
1771,296,-1.0
230,296,1.0
1734,296,-1.0
1430,297,-1.0
539,297,1.0
264,297,-1.0
1405,298,-1.0
505,298,1.0
576,298,1.0
43,299,1.0
166,299,-1.0
1284,299,1.0
650,299,-1.0
708,300,-1.0
588,300,1.0
255,300,-1.0
1442,301,-1.0
593,301,1.0
1479,301,-1.0
1292,301,-1.0
1103,302,-1.0
1311,302,-1.0
452,302,1.0
1027,303,1.0
744,303,-1.0
1090,303,-1.0
150,304,1.0
448,304,-1.0
966,304,1.0
1593,304,-1.0
1044,305,-1.0
1109,305,-1.0
1347,305,1.0
1043,306,-1.0
1007,306,1.0
1017,306,-1.0
790,307,-1.0
327,307,1.0
1290,307,-1.0
552,308,-1.0
1194,308,1.0
335,308,-1.0
128,309,-1.0
1219,309,-1.0
431,309,1.0
531,310,1.0
608,310,-1.0
1693,310,1.0
1124,311,-1.0
747,311,-1.0
1239,311,1.0
383,312,1.0
815,312,-1.0
390,312,-1.0
952,313,-1.0
872,313,1.0
1686,313,-1.0
464,314,1.0
1387,314,1.0
650,314,-1.0
553,314,-1.0
1064,315,1.0
1171,315,1.0
1223,315,1.0
625,315,1.0
1559,315,-1.0
355,316,-1.0
706,316,1.0
1214,316,-1.0
1302,317,-1.0
911,317,1.0
1532,318,-1.0
1267,318,-1.0
1634,318,1.0
348,319,-1.0
120,319,-1.0
1709,319,1.0
1617,320,-1.0
640,320,1.0
174,320,-1.0
1244,321,-1.0
518,321,-1.0
1743,321,1.0
1391,322,-1.0
146,322,1.0
1696,322,-1.0
942,323,-1.0
1619,323,1.0
1776,323,-1.0
943,324,-1.0
974,324,1.0
1139,324,-1.0
909,325,1.0
1087,325,1.0
1165,325,-1.0
1122,325,-1.0
725,326,-1.0
670,326,-1.0
929,326,1.0
937,326,-1.0
1586,327,-1.0
578,327,1.0
1419,327,-1.0
966,328,1.0
1170,328,1.0
1400,328,-1.0
448,328,-1.0
1611,329,1.0
310,329,1.0
1683,329,1.0
1576,329,-1.0
560,329,-1.0
307,330,-1.0
966,330,1.0
448,330,-1.0
930,330,1.0
138,331,1.0
448,331,-1.0
112,331,-1.0
966,331,1.0
540,332,-1.0
1641,332,-1.0
1115,332,1.0
1287,333,-1.0
161,333,1.0
1485,333,1.0
720,333,1.0
983,333,1.0
615,334,-1.0
1074,334,-1.0
385,334,1.0
1160,335,-1.0
966,335,1.0
64,335,1.0
448,335,-1.0
627,336,-1.0
623,336,1.0
1145,336,-1.0
583,337,-1.0
350,337,1.0
1373,337,-1.0
1503,338,-1.0
1002,338,-1.0
916,338,1.0
1427,338,1.0
1171,339,1.0
1223,339,1.0
170,339,-1.0
320,339,1.0
1571,339,1.0
1047,340,1.0
507,340,-1.0
966,340,1.0
448,340,-1.0
448,341,-1.0
1766,341,1.0
31,341,-1.0
966,341,1.0
1220,342,1.0
1572,342,-1.0
812,342,-1.0
656,343,-1.0
1607,343,-1.0
1011,343,1.0
279,344,-1.0
526,344,-1.0
195,344,-1.0
600,344,1.0
32,345,-1.0
801,345,-1.0
820,345,1.0
177,346,-1.0
1472,346,1.0
1535,346,-1.0
708,347,-1.0
283,347,-1.0
1216,347,1.0
448,348,-1.0
1562,348,1.0
966,348,1.0
166,348,-1.0
940,349,1.0
304,349,-1.0
1197,349,1.0
425,349,1.0
1110,350,1.0
448,350,-1.0
966,350,1.0
477,350,-1.0
88,351,-1.0
151,351,1.0
1656,351,-1.0
1443,352,1.0
226,352,1.0
870,352,-1.0
1741,353,-1.0
650,353,-1.0
448,353,-1.0
768,353,1.0
966,353,1.0
464,353,1.0
906,354,1.0
181,354,-1.0
1499,355,-1.0
448,355,-1.0
966,355,1.0
1324,355,1.0
1752,356,-1.0
1564,356,-1.0
716,356,1.0
878,357,-1.0
601,357,1.0
1635,357,-1.0
291,358,1.0
1100,358,-1.0
966,359,1.0
1133,359,-1.0
36,359,1.0
448,359,-1.0
448,360,-1.0
1308,360,1.0
966,360,1.0
1314,360,-1.0
657,361,1.0
1436,361,1.0
140,361,-1.0
1134,362,-1.0
1427,362,1.0
1002,362,-1.0
472,362,1.0
1050,363,-1.0
1053,363,-1.0
523,363,1.0
1600,364,1.0
928,364,-1.0
573,365,-1.0
1037,365,1.0
1715,365,-1.0
966,366,1.0
396,366,1.0
448,366,-1.0
453,366,-1.0
1196,367,-1.0
1623,367,1.0
1359,367,-1.0
563,368,1.0
652,368,-1.0
961,368,-1.0
448,369,-1.0
1097,369,-1.0
270,369,1.0
966,369,1.0
928,370,1.0
43,370,-1.0
947,370,-1.0
465,371,1.0
673,371,-1.0
1276,372,-1.0
1331,372,1.0
1649,372,-1.0
512,373,1.0
495,373,-1.0
267,374,-1.0
1299,374,1.0
1718,374,-1.0
878,375,-1.0
1413,375,-1.0
273,375,1.0
448,376,-1.0
1254,376,1.0
802,376,1.0
964,376,1.0
1089,376,-1.0
94,376,-1.0
1057,377,1.0
1074,377,-1.0
868,377,-1.0
885,378,1.0
785,378,1.0
165,378,1.0
155,378,-1.0
1103,379,1.0
1319,379,-1.0
1012,379,-1.0
836,380,1.0
754,380,-1.0
1425,380,-1.0
1283,381,-1.0
519,381,-1.0
935,381,1.0
1442,382,1.0
360,382,-1.0
474,382,-1.0
1579,383,-1.0
342,383,1.0
1384,384,-1.0
448,384,-1.0
1405,384,1.0
966,384,1.0
1566,385,1.0
127,385,-1.0
476,385,1.0
598,385,-1.0
890,386,-1.0
630,386,1.0
119,386,-1.0
158,387,1.0
1090,387,-1.0
1688,387,-1.0
691,388,-1.0
1534,388,1.0
1380,388,-1.0
93,389,-1.0
1168,389,1.0
1083,389,-1.0
1207,389,1.0
1522,390,-1.0
857,390,1.0
1002,391,-1.0
171,391,-1.0
1427,391,1.0
412,391,1.0
687,392,-1.0
391,392,1.0
976,392,1.0
75,393,-1.0
439,393,1.0
821,393,-1.0
611,394,1.0
448,394,-1.0
966,394,1.0
1536,394,-1.0
864,395,1.0
135,395,-1.0
1674,395,1.0
712,396,-1.0
649,396,-1.0
1192,396,1.0
1740,397,-1.0
1436,397,-1.0
643,397,1.0
966,398,1.0
225,398,1.0
455,398,-1.0
448,398,-1.0
1182,399,1.0
1419,399,-1.0
966,399,1.0
448,399,-1.0
1626,400,-1.0
446,400,-1.0
709,400,1.0
52,401,1.0
759,401,-1.0
448,401,-1.0
966,401,1.0
30,402,1.0
544,402,-1.0
922,402,1.0
1349,403,-1.0
432,403,1.0
1249,403,-1.0
1336,404,-1.0
140,404,1.0
358,404,-1.0
1067,405,1.0
114,405,-1.0
767,405,-1.0
966,406,1.0
583,406,1.0
611,406,-1.0
448,406,-1.0
1646,407,1.0
302,407,-1.0
722,407,-1.0
1182,408,1.0
1419,408,-1.0
448,408,-1.0
966,408,1.0
717,409,-1.0
562,409,1.0
1627,409,-1.0
830,410,-1.0
1188,410,1.0
641,410,-1.0
1355,411,1.0
258,411,1.0
612,411,-1.0
1523,411,-1.0
1772,412,1.0
1268,412,-1.0
1145,412,-1.0
1713,413,1.0
952,413,-1.0
748,413,-1.0
1734,414,-1.0
1642,414,-1.0
1224,414,1.0
966,415,1.0
448,415,-1.0
554,415,-1.0
696,415,1.0
1152,416,1.0
1017,416,-1.0
1769,416,-1.0
289,417,1.0
1776,417,-1.0
888,417,-1.0
460,417,-1.0
1589,418,1.0
682,418,-1.0
430,418,-1.0
736,419,-1.0
966,419,1.0
236,419,1.0
448,419,-1.0
712,420,-1.0
1255,420,-1.0
453,420,1.0
1419,421,-1.0
1735,421,1.0
1483,421,-1.0
1183,422,-1.0
1313,422,-1.0
848,422,-1.0
1058,422,-1.0
348,422,1.0
331,422,-1.0
496,423,-1.0
1754,423,1.0
960,423,-1.0
1054,424,-1.0
1530,424,1.0
1131,424,-1.0
1113,425,-1.0
772,425,-1.0
1078,425,1.0
77,426,1.0
239,426,-1.0
822,426,-1.0
669,427,-1.0
448,427,-1.0
1604,427,-1.0
966,427,1.0
1269,427,1.0
860,428,-1.0
1059,428,-1.0
203,428,1.0
448,429,-1.0
1235,429,1.0
966,429,1.0
159,429,-1.0
700,429,1.0
141,430,-1.0
448,430,-1.0
1046,430,1.0
966,430,1.0
208,431,1.0
1253,431,-1.0
826,431,-1.0
537,432,1.0
732,432,-1.0
1452,432,-1.0
622,433,1.0
1210,433,-1.0
951,434,-1.0
949,434,1.0
1180,434,-1.0
463,434,-1.0
1317,435,-1.0
816,435,-1.0
1214,435,1.0
670,436,-1.0
209,436,-1.0
937,436,1.0
177,437,-1.0
219,437,1.0
1209,437,-1.0
1776,437,-1.0
564,438,-1.0
96,438,-1.0
109,438,1.0
610,438,-1.0
1765,439,1.0
55,439,-1.0
966,440,1.0
742,440,1.0
1176,440,-1.0
448,440,-1.0
1454,440,-1.0
300,441,-1.0
382,441,1.0
1041,441,-1.0
100,442,1.0
122,442,-1.0
448,442,-1.0
1277,442,1.0
966,442,1.0
275,443,-1.0
358,443,-1.0
550,443,1.0
71,444,1.0
1027,444,-1.0
358,444,-1.0
966,445,1.0
300,445,-1.0
448,445,-1.0
1246,445,1.0
988,446,1.0
598,446,1.0
1120,446,-1.0
1566,446,-1.0
792,447,1.0
484,447,-1.0
1128,447,-1.0
1573,448,1.0
977,448,-1.0
1067,449,-1.0
100,449,1.0
767,449,1.0
448,449,-1.0
966,449,1.0
363,450,-1.0
1550,450,-1.0
194,450,1.0
1662,451,-1.0
269,451,-1.0
942,451,1.0
650,452,-1.0
1593,452,1.0
464,452,1.0
1500,452,-1.0
1691,453,-1.0
894,453,-1.0
455,453,1.0
642,454,-1.0
218,454,-1.0
605,454,1.0
1225,455,1.0
966,455,1.0
1595,455,-1.0
448,455,-1.0
1605,455,1.0
859,456,-1.0
654,456,1.0
758,456,-1.0
747,457,-1.0
1590,457,1.0
1171,457,-1.0
1721,458,1.0
1371,458,-1.0
1074,458,-1.0
501,459,1.0
1590,459,-1.0
446,459,-1.0
650,460,-1.0
166,460,-1.0
1284,460,1.0
43,460,1.0
160,461,-1.0
88,461,-1.0
1372,461,1.0
1425,462,1.0
709,462,-1.0
1736,462,1.0
371,463,-1.0
628,463,1.0
324,463,-1.0
1304,464,-1.0
1215,464,1.0
448,465,-1.0
966,465,1.0
282,465,-1.0
281,465,-1.0
174,465,1.0
486,466,-1.0
1446,466,1.0
266,466,-1.0
1481,467,-1.0
967,467,-1.0
884,467,1.0
702,468,-1.0
867,468,-1.0
292,468,1.0
1146,469,-1.0
1751,469,1.0
1551,469,-1.0
990,470,-1.0
536,470,1.0
310,470,-1.0
1034,470,-1.0
1576,470,1.0
966,471,1.0
1676,471,1.0
448,471,-1.0
529,471,-1.0
1125,472,1.0
1321,472,-1.0
1685,472,-1.0
955,473,1.0
279,473,1.0
887,473,-1.0
963,473,-1.0
526,473,1.0
835,474,-1.0
1077,474,-1.0
233,474,1.0
1637,475,-1.0
1645,475,1.0
471,475,-1.0
1429,476,1.0
1579,476,-1.0
1468,476,-1.0
987,477,1.0
795,477,-1.0
474,477,-1.0
547,478,-1.0
508,478,-1.0
838,478,1.0
1365,479,1.0
1016,479,-1.0
775,479,-1.0
1694,480,-1.0
1669,480,-1.0
1679,480,1.0
3,480,-1.0
245,481,-1.0
603,481,-1.0
639,481,1.0
49,482,1.0
889,482,-1.0
1501,482,-1.0
1240,483,1.0
410,483,-1.0
712,483,-1.0
12,484,1.0
346,484,-1.0
1527,485,-1.0
757,485,1.0
103,485,1.0
817,486,1.0
670,486,-1.0
1725,486,-1.0
43,486,-1.0
329,487,-1.0
847,487,-1.0
995,487,1.0
1356,488,-1.0
358,488,-1.0
1447,488,1.0
448,489,-1.0
1499,489,-1.0
966,489,1.0
1324,489,1.0
1680,490,-1.0
1146,490,-1.0
411,490,1.0
893,491,-1.0
514,491,1.0
1707,491,-1.0
529,492,-1.0
16,492,1.0
1136,492,-1.0
91,493,1.0
448,493,-1.0
966,493,1.0
1537,493,-1.0
934,494,1.0
1694,494,-1.0
1172,494,-1.0
761,494,-1.0
129,495,-1.0
1121,495,-1.0
1297,495,1.0
293,496,1.0
105,496,-1.0
900,496,-1.0
448,497,-1.0
13,497,1.0
563,497,-1.0
966,497,1.0
340,498,-1.0
636,498,1.0
915,499,1.0
1109,499,-1.0
85,499,-1.0
1716,500,1.0
769,500,-1.0
968,500,-1.0
863,501,-1.0
831,501,1.0
1635,501,-1.0
1352,502,-1.0
1029,502,1.0
875,503,-1.0
810,503,1.0
679,504,-1.0
72,504,1.0
1060,504,-1.0
1166,505,-1.0
1376,505,1.0
745,505,-1.0
1438,506,1.0
966,506,1.0
1363,506,-1.0
448,506,-1.0
1260,507,-1.0
1702,507,1.0
162,507,1.0
837,507,1.0
1424,508,1.0
257,508,-1.0
595,508,-1.0
529,509,1.0
448,509,-1.0
843,509,-1.0
966,509,1.0
183,510,-1.0
442,510,-1.0
652,510,1.0
621,511,-1.0
1728,511,-1.0
1478,511,1.0
597,512,1.0
1668,512,-1.0
10,512,-1.0
307,513,1.0
573,513,-1.0
1630,513,-1.0
1562,513,-1.0
1377,514,-1.0
98,514,1.0
1616,514,1.0
1200,515,-1.0
56,515,1.0
1778,515,-1.0
970,516,1.0
555,516,-1.0
222,516,-1.0
176,517,-1.0
1019,517,1.0
1061,517,-1.0
358,518,-1.0
1464,518,1.0
545,518,-1.0
62,519,-1.0
958,519,-1.0
1141,519,1.0
966,520,1.0
448,520,-1.0
137,520,-1.0
950,520,1.0
1014,521,-1.0
671,521,-1.0
1444,521,1.0
1010,522,1.0
79,522,-1.0
1407,522,1.0
496,522,-1.0
1411,523,-1.0
224,523,1.0
345,523,-1.0
533,524,1.0
448,524,-1.0
1026,524,-1.0
680,525,-1.0
571,525,1.0
372,525,-1.0
966,526,1.0
448,526,-1.0
586,526,1.0
370,526,-1.0
1219,527,-1.0
45,527,-1.0
1132,527,1.0
966,528,1.0
762,528,-1.0
444,528,1.0
448,528,-1.0
448,529,-1.0
1493,529,-1.0
966,529,1.0
1594,529,1.0
448,530,-1.0
966,530,1.0
377,530,1.0
1144,530,-1.0
317,531,-1.0
308,531,-1.0
1119,531,1.0
1443,532,-1.0
1017,532,-1.0
78,532,1.0
494,533,1.0
1687,533,-1.0
180,533,-1.0
1074,534,-1.0
1512,534,-1.0
502,534,1.0
322,535,-1.0
761,535,-1.0
1694,535,-1.0
511,535,1.0
1338,536,-1.0
683,536,1.0
464,536,1.0
1772,537,-1.0
1665,537,1.0
448,538,-1.0
371,538,-1.0
1264,538,1.0
966,538,1.0
158,539,-1.0
357,539,-1.0
1379,539,1.0
358,540,-1.0
1737,540,-1.0
1761,540,1.0
1747,541,1.0
409,541,-1.0
108,541,-1.0
405,542,1.0
1065,542,-1.0
521,542,-1.0
43,543,1.0
464,543,1.0
650,543,-1.0
9,543,-1.0
464,544,1.0
650,544,-1.0
1563,544,-1.0
666,544,1.0
846,545,-1.0
841,545,1.0
1616,545,-1.0
918,546,-1.0
866,546,-1.0
264,546,1.0
1202,546,-1.0
1427,547,1.0
916,547,1.0
1002,547,-1.0
1503,547,-1.0
727,548,-1.0
351,548,-1.0
927,548,-1.0
408,548,1.0
1525,549,-1.0
160,549,1.0
400,549,-1.0
592,550,1.0
1187,550,-1.0
936,550,-1.0
877,551,-1.0
1340,551,1.0
80,551,-1.0
1596,552,-1.0
879,552,-1.0
1528,552,1.0
174,553,1.0
966,553,1.0
640,553,-1.0
448,553,-1.0
1392,553,1.0
1719,554,1.0
1562,554,-1.0
464,554,1.0
650,554,-1.0
596,555,1.0
1703,555,-1.0
1711,555,-1.0
1553,556,1.0
1419,556,-1.0
1689,556,-1.0
1601,557,-1.0
1248,557,1.0
739,557,-1.0
998,558,-1.0
1504,558,-1.0
240,558,1.0
239,559,-1.0
1654,559,-1.0
1612,559,1.0
694,560,-1.0
376,560,-1.0
1477,560,1.0
987,561,-1.0
1229,561,-1.0
822,561,1.0
1109,562,-1.0
755,562,-1.0
1731,562,1.0
597,563,-1.0
874,563,1.0
448,563,-1.0
966,563,1.0
973,564,1.0
919,564,-1.0
849,564,-1.0
671,565,-1.0
1038,565,1.0
283,565,1.0
1629,565,-1.0
1780,566,-1.0
1603,566,1.0
1148,566,-1.0
1291,567,1.0
1594,567,-1.0
966,567,1.0
448,567,-1.0
589,568,1.0
668,568,-1.0
859,568,-1.0
1542,569,-1.0
1383,569,1.0
606,569,-1.0
10,570,-1.0
5,570,1.0
994,570,-1.0
63,571,-1.0
1126,571,-1.0
179,571,1.0
567,572,-1.0
1411,572,-1.0
115,572,1.0
172,573,-1.0
932,573,1.0
1736,573,1.0
1475,574,-1.0
742,574,-1.0
1315,574,1.0
1598,575,1.0
224,575,-1.0
1734,575,-1.0
1673,576,-1.0
196,576,1.0
448,576,-1.0
966,576,1.0
595,577,-1.0
257,577,1.0
948,577,-1.0
424,578,-1.0
1212,578,1.0
448,578,-1.0
966,578,1.0
254,579,-1.0
633,579,1.0
1063,579,-1.0
448,580,-1.0
1593,580,-1.0
966,580,1.0
1500,580,1.0
966,581,1.0
1282,581,-1.0
509,581,1.0
448,581,-1.0
753,582,-1.0
1599,582,1.0
204,582,-1.0
448,583,-1.0
678,583,1.0
718,583,-1.0
966,583,1.0
542,583,1.0
746,584,-1.0
576,584,-1.0
1583,584,1.0
1638,585,1.0
1760,585,1.0
814,585,-1.0
122,586,1.0
114,586,-1.0
1277,586,-1.0
728,587,-1.0
386,587,1.0
393,587,-1.0
966,588,1.0
448,588,-1.0
1069,588,-1.0
274,588,1.0
1411,589,-1.0
13,589,-1.0
345,589,1.0
389,590,-1.0
1250,590,1.0
1074,590,-1.0
826,591,-1.0
863,591,-1.0
860,591,1.0
269,592,1.0
1175,592,-1.0
1320,592,-1.0
854,593,1.0
314,593,-1.0
914,593,-1.0
1334,594,-1.0
1648,594,1.0
1058,595,1.0
164,595,1.0
1709,595,-1.0
848,595,1.0
869,595,1.0
1183,595,1.0
1030,596,-1.0
1277,596,1.0
1287,597,-1.0
1242,597,-1.0
561,597,1.0
902,598,1.0
1533,598,-1.0
1411,598,-1.0
89,599,-1.0
675,599,1.0
1515,599,-1.0
975,600,-1.0
486,600,-1.0
426,600,1.0
412,601,-1.0
1150,601,1.0
1773,601,-1.0
689,602,-1.0
798,602,1.0
1140,602,-1.0
966,603,1.0
448,603,-1.0
1193,603,-1.0
1505,603,1.0
694,604,-1.0
216,604,-1.0
97,604,1.0
1427,605,1.0
1490,605,-1.0
1002,605,-1.0
1280,605,1.0
1389,606,1.0
158,606,1.0
459,606,-1.0
166,607,-1.0
1562,607,1.0
966,607,1.0
448,607,-1.0
1732,608,-1.0
358,608,-1.0
253,608,1.0
719,609,1.0
31,609,-1.0
1348,610,-1.0
443,610,1.0
111,610,-1.0
1409,611,1.0
368,611,-1.0
685,612,1.0
1666,612,-1.0
448,612,-1.0
966,612,1.0
415,613,-1.0
1562,613,-1.0
1614,613,-1.0
1367,613,1.0
496,614,1.0
2,614,1.0
811,614,1.0
910,614,-1.0
960,614,-1.0
590,614,-1.0
1419,615,-1.0
569,615,-1.0
827,615,1.0
714,616,-1.0
966,616,1.0
448,616,-1.0
1031,616,1.0
1414,617,1.0
1704,617,-1.0
1693,617,-1.0
1366,618,-1.0
1682,618,1.0
1022,619,1.0
1400,619,-1.0
1083,620,-1.0
1207,620,1.0
93,620,-1.0
1168,620,1.0
1447,621,-1.0
186,621,-1.0
1776,621,-1.0
316,621,1.0
186,621,1.0
448,622,-1.0
147,622,1.0
966,622,1.0
1178,622,-1.0
966,623,1.0
1465,623,-1.0
421,623,1.0
448,623,-1.0
1207,624,1.0
1131,624,1.0
1746,624,-1.0
1083,624,-1.0
27,625,-1.0
1461,625,-1.0
626,625,1.0
1051,625,-1.0
105,626,-1.0
1759,626,-1.0
1729,626,1.0
941,627,-1.0
979,627,1.0
75,627,-1.0
261,628,-1.0
993,628,-1.0
1518,628,1.0
1444,629,-1.0
1033,629,1.0
676,629,-1.0
398,630,-1.0
686,630,-1.0
303,630,1.0
1362,631,1.0
604,631,-1.0
1305,631,-1.0
86,632,-1.0
1349,632,1.0
1653,632,1.0
448,633,-1.0
966,633,1.0
628,633,-1.0
1448,633,1.0
688,634,-1.0
448,634,-1.0
1392,634,1.0
966,634,1.0
236,634,1.0
276,635,-1.0
834,635,-1.0
20,635,1.0
1024,636,1.0
975,636,-1.0
1177,636,1.0
126,637,1.0
1720,637,-1.0
1557,637,-1.0
1489,638,1.0
4,638,-1.0
1588,638,-1.0
1041,639,1.0
274,639,-1.0
248,639,1.0
1445,640,1.0
295,640,-1.0
997,640,-1.0
1311,640,-1.0
558,641,-1.0
989,641,-1.0
846,641,1.0
946,641,1.0
585,642,1.0
362,642,-1.0
480,642,-1.0
1698,643,1.0
53,643,-1.0
1074,643,-1.0
332,644,1.0
568,644,-1.0
164,644,-1.0
1111,645,-1.0
1677,645,-1.0
1129,645,1.0
1551,646,-1.0
410,646,-1.0
587,646,1.0
1330,647,-1.0
981,647,1.0
1519,647,-1.0
1374,648,1.0
980,648,-1.0
1497,648,1.0
134,648,-1.0
113,648,1.0
575,649,1.0
1617,649,-1.0
784,649,-1.0
475,650,1.0
358,650,-1.0
1006,650,-1.0
1626,651,-1.0
172,651,1.0
770,651,-1.0
1410,652,1.0
444,652,-1.0
952,652,-1.0
787,653,-1.0
1776,653,-1.0
296,653,-1.0
207,653,1.0
1259,654,1.0
1390,654,-1.0
448,654,-1.0
966,654,1.0
1034,655,1.0
1576,655,1.0
1611,655,-1.0
1547,655,-1.0
310,655,-1.0
241,656,-1.0
1036,656,1.0
584,656,-1.0
1540,657,-1.0
781,657,1.0
541,657,1.0
1569,658,-1.0
1416,658,1.0
1346,658,-1.0
371,659,-1.0
959,659,-1.0
1450,659,1.0
931,660,1.0
966,660,1.0
1454,660,-1.0
448,660,-1.0
39,660,-1.0
971,661,1.0
344,661,-1.0
298,661,-1.0
252,662,-1.0
500,662,1.0
823,662,-1.0
696,663,-1.0
220,663,-1.0
555,663,1.0
444,664,-1.0
117,664,-1.0
1390,664,1.0
168,665,-1.0
1613,665,1.0
285,665,-1.0
1576,666,1.0
123,666,1.0
1237,666,-1.0
861,667,-1.0
962,667,1.0
1230,667,-1.0
1740,668,-1.0
1415,668,-1.0
1307,668,1.0
774,669,-1.0
116,669,-1.0
1418,669,1.0
966,670,1.0
1622,670,-1.0
448,670,-1.0
47,670,1.0
497,671,-1.0
1606,671,1.0
1254,671,1.0
802,671,1.0
648,671,1.0
448,671,-1.0
467,671,-1.0
658,671,1.0
1479,672,-1.0
259,672,-1.0
1161,672,1.0
1165,673,1.0
1552,673,-1.0
751,673,-1.0
1562,674,1.0
166,674,-1.0
1102,675,1.0
1062,675,-1.0
95,675,1.0
1724,676,-1.0
660,676,-1.0
1767,676,1.0
1083,677,-1.0
1207,677,1.0
1581,677,1.0
1091,677,-1.0
618,678,-1.0
865,678,1.0
616,679,-1.0
448,679,-1.0
730,679,1.0
966,679,1.0
1270,680,-1.0
616,680,1.0
43,680,-1.0
448,681,-1.0
1155,681,1.0
217,681,1.0
1375,681,-1.0
1254,681,1.0
802,681,1.0
956,682,1.0
448,682,-1.0
966,682,1.0
207,682,-1.0
799,683,-1.0
1311,683,-1.0
925,683,1.0
624,684,1.0
358,684,-1.0
1047,684,-1.0
152,685,1.0
1310,685,-1.0
1740,685,-1.0
1207,686,1.0
1581,686,1.0
1083,686,-1.0
1091,686,-1.0
358,687,-1.0
1096,687,1.0
1154,687,-1.0
614,688,-1.0
313,688,-1.0
1456,688,1.0
1345,689,-1.0
310,689,1.0
648,690,1.0
497,690,-1.0
1254,690,1.0
448,690,-1.0
1072,690,1.0
802,690,1.0
1606,690,1.0
1542,690,-1.0
644,691,1.0
448,691,-1.0
764,691,-1.0
966,691,1.0
1714,691,1.0
1620,692,1.0
1409,692,-1.0
1574,693,1.0
1264,693,-1.0
1411,694,-1.0
1008,694,1.0
1727,694,-1.0
1739,695,1.0
651,695,-1.0
634,695,1.0
448,696,-1.0
669,696,1.0
966,696,1.0
730,696,-1.0
650,697,-1.0
130,697,1.0
1207,697,-1.0
1457,697,1.0
1742,697,1.0
647,697,1.0
379,697,-1.0
1690,697,1.0
1083,697,1.0
1286,697,1.0
754,698,-1.0
574,698,1.0
446,698,-1.0
886,699,-1.0
957,699,1.0
891,699,-1.0
1272,700,1.0
1437,700,-1.0
832,700,-1.0
1271,701,-1.0
458,701,1.0
262,701,-1.0
290,702,1.0
698,702,-1.0
1348,702,-1.0
1104,703,1.0
338,703,-1.0
1354,704,-1.0
1700,704,-1.0
1318,704,1.0
1075,705,-1.0
272,705,-1.0
44,705,1.0
577,706,1.0
1467,706,-1.0
282,706,-1.0
619,707,1.0
731,707,-1.0
441,707,1.0
742,708,-1.0
410,708,-1.0
1577,708,1.0
370,709,1.0
1017,709,-1.0
90,709,-1.0
560,710,1.0
1659,710,-1.0
1576,710,1.0
1034,710,-1.0
842,711,-1.0
1560,711,-1.0
1592,711,1.0
763,712,-1.0
503,712,-1.0
470,712,1.0
1629,713,-1.0
255,713,-1.0
1403,713,1.0
283,713,1.0
113,714,-1.0
1435,714,-1.0
365,714,1.0
650,714,1.0
328,715,1.0
1486,715,1.0
1153,715,1.0
824,715,-1.0
1000,715,1.0
214,716,-1.0
1236,716,1.0
712,716,-1.0
236,717,-1.0
1617,717,-1.0
688,717,1.0
853,718,-1.0
42,718,1.0
1083,718,-1.0
1207,718,1.0
1607,719,-1.0
1296,719,-1.0
1491,719,1.0
1017,720,-1.0
712,720,-1.0
1554,720,1.0
1305,721,-1.0
1003,721,-1.0
776,721,1.0
1509,722,-1.0
70,722,-1.0
762,722,1.0
965,723,-1.0
524,723,-1.0
40,723,1.0
1470,724,1.0
1015,724,-1.0
1748,724,-1.0
1743,725,-1.0
1100,725,1.0
966,725,1.0
448,725,-1.0
914,726,1.0
1149,726,-1.0
1685,726,-1.0
448,727,-1.0
966,727,1.0
195,727,-1.0
700,727,1.0
684,727,1.0
1353,728,1.0
1184,728,-1.0
1531,728,-1.0
1576,728,1.0
612,729,-1.0
1523,729,-1.0
1355,729,1.0
258,729,1.0
478,730,1.0
227,730,1.0
1073,730,-1.0
448,731,-1.0
249,731,-1.0
966,731,1.0
1133,731,1.0
826,732,-1.0
210,732,1.0
87,732,-1.0
1227,733,-1.0
1296,733,1.0
334,733,-1.0
75,734,-1.0
143,734,1.0
1545,734,-1.0
895,735,1.0
1102,735,-1.0
1208,736,-1.0
1556,736,1.0
1591,736,-1.0
1471,737,-1.0
1708,737,1.0
859,737,-1.0
703,738,-1.0
1762,738,1.0
316,738,-1.0
448,738,-1.0
966,738,1.0
1369,739,1.0
81,739,-1.0
24,739,-1.0
445,740,-1.0
1349,740,-1.0
944,740,-1.0
892,740,1.0
1200,741,-1.0
1298,741,-1.0
813,741,1.0
1733,742,-1.0
448,742,-1.0
966,742,1.0
1476,742,1.0
473,743,-1.0
966,743,1.0
448,743,-1.0
1511,743,1.0
1200,744,-1.0
1328,744,-1.0
406,744,1.0
534,745,1.0
22,745,-1.0
1048,745,-1.0
1695,746,-1.0
1565,746,1.0
1032,746,-1.0
1370,747,-1.0
136,747,-1.0
1213,747,1.0
132,748,-1.0
1694,748,-1.0
859,748,-1.0
1705,748,1.0
1,749,1.0
1406,749,-1.0
82,749,-1.0
358,750,-1.0
1295,750,-1.0
1301,750,1.0
359,751,-1.0
1694,751,-1.0
510,751,-1.0
1394,751,1.0
374,752,-1.0
951,752,-1.0
513,752,1.0
1180,752,-1.0
1263,753,-1.0
1262,753,-1.0
1219,753,1.0
206,754,1.0
985,754,-1.0
1022,754,-1.0
438,755,1.0
904,755,-1.0
1048,755,-1.0
897,755,1.0
937,756,-1.0
581,756,-1.0
670,756,-1.0
1181,756,1.0
725,756,-1.0
671,757,-1.0
686,757,1.0
457,757,-1.0
1624,757,-1.0
723,758,-1.0
873,758,1.0
582,758,-1.0
1325,759,-1.0
579,759,1.0
1021,759,-1.0
166,760,-1.0
1562,760,1.0
254,761,-1.0
1685,761,-1.0
489,761,1.0
802,762,1.0
145,762,1.0
448,762,-1.0
566,763,-1.0
456,763,-1.0
1440,763,1.0
139,764,-1.0
787,764,-1.0
549,764,1.0
448,765,-1.0
1193,765,1.0
966,765,1.0
854,765,-1.0
1126,766,-1.0
1316,766,1.0
483,766,-1.0
1527,767,1.0
1488,767,-1.0
448,767,-1.0
966,767,1.0
966,768,1.0
448,768,-1.0
1325,768,-1.0
1233,768,1.0
1496,769,-1.0
469,769,1.0
381,769,-1.0
990,770,-1.0
310,770,-1.0
1237,770,1.0
232,771,-1.0
1261,771,-1.0
1225,771,1.0
741,772,-1.0
1576,772,1.0
1034,772,-1.0
699,772,1.0
1750,773,1.0
268,773,-1.0
1071,774,-1.0
265,774,1.0
788,774,-1.0
1002,775,-1.0
1597,775,-1.0
256,775,1.0
1427,775,1.0
448,776,-1.0
737,776,-1.0
21,776,1.0
966,776,1.0
969,777,1.0
1645,777,-1.0
1079,777,-1.0
1085,778,1.0
532,778,-1.0
0,778,-1.0
1661,779,1.0
18,779,-1.0
448,779,-1.0
966,779,1.0
1584,780,1.0
1351,780,-1.0
186,781,1.0
1483,781,1.0
10,781,1.0
186,781,-1.0
1776,781,-1.0
1441,781,-1.0
922,782,-1.0
544,782,1.0
30,782,-1.0
1069,783,1.0
448,783,-1.0
382,783,-1.0
966,783,1.0
448,784,-1.0
137,784,-1.0
966,784,1.0
1488,784,1.0
41,785,1.0
896,785,-1.0
907,785,-1.0
497,786,-1.0
1254,786,1.0
1606,786,1.0
1451,786,1.0
648,786,1.0
1357,786,-1.0
448,786,-1.0
802,786,1.0
59,787,-1.0
1275,787,1.0
1514,787,-1.0
448,788,-1.0
966,788,1.0
50,788,1.0
800,788,-1.0
1541,789,1.0
1664,789,-1.0
1585,789,-1.0
366,790,1.0
19,790,1.0
286,790,1.0
1339,790,-1.0
58,790,1.0
1738,790,1.0
1189,790,1.0
215,791,-1.0
110,791,-1.0
60,791,1.0
1162,792,-1.0
1389,792,1.0
1027,792,1.0
1621,793,-1.0
1048,793,1.0
496,793,-1.0
29,794,-1.0
753,794,1.0
738,795,1.0
670,795,-1.0
231,795,-1.0
1401,795,-1.0
991,795,-1.0
1163,796,-1.0
1123,796,1.0
1536,797,1.0
1479,797,-1.0
1238,797,-1.0
1753,798,-1.0
713,798,-1.0
397,798,1.0
448,799,-1.0
920,799,-1.0
1368,799,1.0
966,799,1.0
451,800,1.0
1289,800,-1.0
695,800,1.0
1350,801,-1.0
17,801,-1.0
1667,801,-1.0
980,801,1.0
1582,801,1.0
659,801,1.0
1663,802,-1.0
486,802,-1.0
1323,802,1.0
1116,803,-1.0
917,803,1.0
677,803,-1.0
1252,804,-1.0
1194,804,-1.0
580,804,1.0
242,805,1.0
448,805,-1.0
31,805,-1.0
966,805,1.0
1470,806,-1.0
1278,806,1.0
178,806,-1.0
343,807,-1.0
705,807,1.0
105,807,-1.0
965,808,-1.0
90,808,-1.0
765,808,-1.0
18,808,1.0
410,808,-1.0
448,809,-1.0
1419,809,-1.0
966,809,1.0
883,809,1.0
1681,810,-1.0
1517,810,1.0
1001,810,1.0
945,811,-1.0
223,811,1.0
543,811,-1.0
448,812,-1.0
966,812,1.0
684,812,1.0
1383,812,-1.0
606,812,1.0
1507,813,-1.0
1417,813,1.0
492,814,-1.0
1513,814,1.0
485,814,-1.0
163,815,-1.0
239,815,-1.0
515,815,-1.0
1763,815,1.0
1411,816,-1.0
1727,816,1.0
280,816,-1.0
1354,817,-1.0
802,817,1.0
704,817,1.0
1689,818,1.0
1379,818,-1.0
1776,818,-1.0
1640,819,1.0
1717,819,-1.0
1644,820,1.0
583,820,1.0
899,820,-1.0
655,821,-1.0
88,821,1.0
486,821,-1.0
462,822,1.0
1421,822,-1.0
967,822,-1.0
356,823,1.0
297,823,-1.0
527,823,-1.0
28,824,1.0
752,824,-1.0
898,825,-1.0
554,825,1.0
1017,825,-1.0
1568,826,1.0
1317,826,-1.0
1280,826,-1.0
780,827,1.0
493,827,-1.0
448,827,-1.0
966,827,1.0
270,828,-1.0
448,828,-1.0
692,828,1.0
966,828,1.0
1206,829,1.0
358,829,-1.0
1575,829,-1.0
944,830,-1.0
86,830,1.0
892,830,-1.0
1182,831,1.0
1419,831,-1.0
448,831,-1.0
966,831,1.0
142,832,-1.0
1243,832,1.0
1329,832,-1.0
1479,833,1.0
364,833,-1.0
80,833,-1.0
1017,834,-1.0
1265,834,-1.0
384,834,1.0
1003,835,-1.0
559,835,-1.0
1633,835,1.0
1580,836,1.0
1438,836,-1.0
1572,837,-1.0
1226,837,1.0
729,837,-1.0
701,838,-1.0
576,838,-1.0
1117,838,1.0
464,839,1.0
650,839,-1.0
1563,839,-1.0
1520,839,1.0
299,840,-1.0
447,840,1.0
1163,840,1.0
1306,841,1.0
522,841,-1.0
1408,841,-1.0
1644,842,-1.0
1555,842,1.0
1081,843,-1.0
1539,843,1.0
1142,843,-1.0
1395,844,-1.0
448,844,-1.0
760,844,1.0
966,844,1.0
1135,845,1.0
14,845,-1.0
573,846,-1.0
102,846,1.0
1035,846,-1.0
438,847,1.0
101,847,-1.0
1048,847,-1.0
35,847,1.0
121,848,1.0
1479,848,-1.0
667,848,-1.0
546,849,-1.0
319,849,1.0
923,850,-1.0
1098,850,1.0
358,850,-1.0
1082,851,1.0
395,851,-1.0
773,851,1.0
330,851,1.0
468,851,-1.0
1156,852,-1.0
1487,852,-1.0
449,852,1.0
806,853,-1.0
407,853,1.0
239,853,-1.0
1548,854,-1.0
1774,854,1.0
876,854,-1.0
1094,854,-1.0
1779,855,-1.0
314,855,-1.0
1749,855,1.0
38,856,-1.0
1164,856,-1.0
504,856,1.0
1190,857,1.0
448,857,-1.0
966,857,1.0
969,857,-1.0
