41,147
19,65
4
5
3,67
8
85,153
10
11
12
13
14
15
11,43,130
18
23,33,73
21
22
28,82
29
34,133
24,31,57,106
7,53,88
35
36
9,20,80,138
3,94
41
42
44,124
83,152
99,122
46
44,87
49
50
52
54
56
64,91
25,93,100,117
16,118
2,17,27,38,47,66,68,70,104,120,135,139,146,150
30
44,49,86,95
71
79,137
73
76
78
15,44,73,74,85,108,128,147,149
81
82
22,123
85
13,71,105,111
36,72
55,92,119,125,127
36,143
10,140,154
61,115
95
102,124
51,114
44,147
96,131
105
107
108
109
110
111
95,116
113
114
11,130
58,62,89
33,129
122
123
45,149
0,130
37,73
6,132
50,149
1,63,84,142
24,31,106
136
26,39,48,59,75,77,97,98,121,126,134,144,148,151
8,108
140
56,60
44,69
40,67
145
147
56,114
149
90,124
46,103
76,101
15,141
32,112
154
