867
1117
4,6
2,355
2,1116
3,831
3,1187
1,202
1,350
1,385
1,387
1,775
1,860
1,943
1,1000
1,1178
5,385
1151
16
19
15,18
22,24
22
22,159
26,27,28
33
34
34,35,40
35,40
35,40,1012
39,40,555
35,195,393
40
41
42,43
44
45
46
47
48
49
50
51
52
53
54
55
56
57
57,59
62,63,64,86
504,538,642
65
66
67,69
70
71
29,30,73,74,75,76,77,78
79
81
874,900
1048,1049
1133
85
87
88
89
92,93
95
96
97
98
99,367
99,391
102
103
104,646
106
89,109
107,726
107,1051
109
110
111
112
114
114,547
114,338,358,629,913,979,1026
115
102,112
103,112
106,112
116
118
118,1138
118,1183
119
120
121
122
123
113,123
123,259,787,979
123,849
123,1101
124
125
126
127,694
128
129
57,129
129,137
47,129,464
129,705
129,487
132,133
134,1092
135
136
137
140
141
142
86,209,725
144
145
113,145,189,979
150
154,884
152,153
155
156
156,251,1002
88,108
100,157
158,978
665,666
146,147
162
164,165
61,163
7,8,9,10,11,12,13,14,17,139,392,394
168,170,171,172,1052,1053
135,138
318,567
110,176
178
181
183
183,1068
183,677
185,636
183,711
183,714
183,715
183,716
187,831
183,883
183,1166
188
189
190
191
192
196
197
196,346
196,977
196,1085
198
199,1047
201,203,204,205,206
207
208
211
212
212,214
213
183,212
212,711
212,1143
215,216,217,496,837
218,760
179,180
0,220
222
223
227,230,233,236,239
226,229,232,235,238
225,228,231,234,237
1078,1122
1122,1174
998,1123
242,687
242,1042
242,1176
243,244,245
497,1124
830,1124
998,1124
247,395
247,396
248,1042
248,1184
1124,1180
70,249
250
251
251,424,624,731,876
251,438,624,731,876
252
252,802,804,973
253
257
258
257,656,1030
257,806,1030
257,975,1030
259
260
261
272,296
273,297
262
263
262,264,265,266,267,268,269,270,271
240,274
275,299
241,274
278,282,286,290,294
279,283,287,291,295
278,282,286,290,294
277,281,285,289,293
280
60,163,198,299,1105
276,280,284,288,292
246,298
299,926
299,997
300,997
301,669
302,1179
71,303
304,844
305,742
305,1130
308,763
310
312
312,814
162,313
314,485
317
317,763
315,337,563,644,994
256,311,1076
175,879,1072,1073
353
322
323
322,571
324
325
325,769
326
327
328
329
330
331
332
332
334
335
335,521
336
338
339
340
341
342
343
344
345
210,345
345,623
258,345,967
345,390,967
346
347
348
349
350
352
657,832,995
81,1098
354,356
357
358
359
361
362
363
79,364,710,825
364,710
367
368
369
113,369
370,373
370,374
375
370
378
379
251,379,653,973
949
380,465
382
384
384,971
383,386
389
390
391
388,397,530
660,1191
660,1190
398
399
400
401
402
403
404
406
407
408
409
251,409,1002
410
411
412
414,415,416
413
417
418
420
421
422
423
424,624,731
90,424,816
424
425
423,887
426
427,624,731
90,149,427,816
427
428
429
430
431
432
433
434
435,438,624,731,876
433,436,618,731,876
424,436,624,731,876
437
438,624,731
90,438,816
438
439
440
441,624,731
90,441,816
441
442
443
444
445
446
447,624,731,876
90,447,816
447
448
449
450,731,876
90,450,816
450
451
452
453,731,876
90,453,816
453
454
455
456
457
391,458
461,463
464
466
467
468
469
470
471
472
473
474
477,478
476,957
479,481
482
484
162,484,1040
480,486,489
488,490,491,492,493
495
497
498
498,814
499,924
502
503
505
506
507
113,507
508
508,983
509
509,983
510
510,983
511
512
511,982
511,983
511,984
513
514
516
522,526
518
517
218,520
523,524,525
527,528,529
519
531
211,532
211,219,532,569
533,1074
537,996
540
540,1192
58,535
250,540
52,540
166,540,940
136,540
135,540
332,535
419,540
96,540
494,540
539,568
540,658
540,705
143,540
540,664
540,845
166,540
540
547
547,1033
150,548,1029,1031,1045
549,551
550,692
550,693
552
553
554
34,555
556
37,556
557
38,557
558
36,558
559
559
560,892
559,881
559,887
561
561
562,807
562
563
564
565
130,1102,1106
541,543,544
542,543,544
177,570
545,546
572
573
149,427,436,573,624,731,876
251,441,574,624,731,876
575
576
251,576,973
577,641
584
585
586
251,586,973
616,617
618
622
623
80,501,515,673,737,752,852,1082
625
626
251,626,969,973
632,633,638,639
628
629
630
631
112,221,631
221,631
117,631,1183
634
636
637
570,728
94,101,105,587,588,589,590,591,592,593,594,595,596,597,598,599,600,601,602,603,604,605,606,607,608,609,610,611,612,613,614,615
643
148,764,910,1034
660,1118
645,1194
627,1193
647,649
650
651
652,654
655
656
81,658
49,658
173,658
658,821
658,664
658
658
662,1181
663,832,995
136,658
333,659
376,658
365,661
659
662,1023
664
667
667,669
669
670
671
672
674
675
676
676,891
677
677,869
678
679
680
681
682
682,704
58,683,996
500,684
682,1172
686,855
687
688
689
690
691
693,695
31,32
692
694,697
696
31,695
32,695
695,1119
695,1120
404,698
699
700
701
702
703,1035
704
705
705,840
705,839
709
704,709
711
183,186
712,830
712,1180
648,713
712,770
186,945
186,946
677,711
711,1067
648,717
667,718
200,719
100,720
721,763,1081
720,844
25,722
724
184,724
677,723
57,682
174,682
682,926
57,704
136,704
704,824
732
733
734
735
736
738
739
739
739,743,745
740,744,746
739,745
747
748
749
750
751
753
753,774
619,753
754
755
756
758
759
760
761
762
763
768
769,1043
770
772
773
775
776
777
182,778
780,782
784
785
786
787
788
789
251,789,973,1037
802
803
400,803,969,973
804
805
806
807
361,655,805
111,655,805,974
192,655,805,974
208,655,805,974
258,655,805,974
263,655,805,974
328,655,805,974
344,655,805,974
390,655,805,974
406,655,805,974
349,505,655,656,753,805,974,1112
655,805,919,974
655,805,974,975
655,805,974,1011
655,805,974,1035
655,805,974,1050
655,805,974,1091
349,655,805,806,817,920,974,1095,1112
805,921,1183
82,167,1027,1028
808
1196,1201,1203
810
83,141,259,324,402,640,670,671,672,813,1041
809,812
808,915
401,674,675,811
813
814
815
224,316,851,1013
817
771,818
821
822
823
251,823,973
193,194,195
825
826
827
828
829
830
831
832
833
641,1185
836
351,838
306,783
620,783
841
1018
19,842
367,912
391,912
844,1141
367,843
377,391
740,844
845
90,149,430,674,816,847
90,444,674,816,847
90,456,674,754,816,847,1088
50,90,401,421,674,816,848
90,433,674,816,848
850
854
856
856,1080
178,857
858,941
856,941,1080,1177
859
475,583,757,820,942,944
371,859
366,861
372,859
79,863
375,859
825,865
862,864,866
471,868
405,870,871
391,873
367,872
391,872
875,900
790,791,792,793,794,795,796,797,798,799,800,801
391,877
880
881
880,886
516,882
705,880
880,951
880,956
66,884
886
887
886
888,893
51,886
815,889
819,889
889,1163
886,956
893,896
892
893
894
628,894
51,893
895,1163
186,893
893,1097
896
897
899,901
900,902
1108,1200
908
911
913
914,981
915
367,873
918
919
920
921
919,920
920,921
922
923
251,923,1002
925
926
786,928
928
929
786,929
930
930
98,930
307,931
877,932
68,933
621,931
878,934
65,935
833,930
936
784,936
937
781,937
938
779,938
939
480,939
785,939
940
941
943
945
946
947
948
950
952
169,952
880,952
953,955
669,954
339,953
956
957
958
959
956
516,960
956,958,959
381,961
219,956
21,884
91,962
131,962
319,884
761,963
637,884
668,884
738,964
964,970
884,1004
21,1169
965
885,890
966,967
85,345,1110
348,352,1110
968
969
971,972
971
973
974
975
976
977
190,976
331,976
197,359,976
54,359,700,976
700,976,977
829,976
978
979
730,980
982
983
984
985,986,987,988,989,990,991,992,993
1021,1022
321,995
351,999
351,566,999,1087
846,999
1001,1003
1003
1005,1006,1007
1008
1009
700,977,1008
1010
1011
927
1015,1189
326,1016
706,1014
707,1014
729,1014
708,1014
741,1017
1017,1132
844,1015
878,1017
844,934
635,1019,1020
534,1024
1025
1026
1029
1030
1031
1032
1035
1036,1038
1039
1040
1041
1042
1043
1044
1045
1048,1049
1050
682,727
160
20,310,320,898,1104,1202
1068,1069,1070,1071
1069
48,1069
1074
903,1054,1055,1056,1057,1058,1059,1060,1061,1062,1063,1064,1065,1066
1075,1097
1077
1077,1079
1080
1083,1084
1085
1086
360,700,1009,1086
1089
1090
1091
1093
1094
1095
151,254,255,853,1096
1100
149,259,430,672,731,876,916
259,444,624,672,731,876,916
141,259,456,624,672,731,751,876,916,1088
259,421,624,672,731,876,917
259,433,624,672,731,876,917
367,1103
1099
582,1147
1149,1150
1112,1113,1114
150,258,345,967,1029,1110
150,345,390,967,1029,1110,1111
1046,1109
150,345,623,1029,1110,1111
968,1150
1146,1160
1115
1,5
1123,1124
998,1121
1125
482,1124
483,1124
100,1126
763,1127
72,353,1128
850,1124
459,1129
460,1129
1164
578,1131
1131,1156
1137
1137
1139,1163
1140
844,1142
1144
1145
1148
1155,1157
1147,1158
1152
1156
635,835,1019
1159
1163
1164
763,1165
280,1167
186,1168
1170
1173
1175
1175
1179
1181
1182
367,1107
391,1107
579,580,581
23,1186
765,766,767
904,905,906,907,908,909
84,1148
660,1180
166,940,1134,1188
166,940,1136,1156
540,1171
161,1135
321,536
309,1170
321,502,1170
462,1164
188,685
844,1141
1194,1195
1140
1161,1162
580,1153,1154
23,834
1197
1198
1199
1202
