59,398,-1.0
631,72,1.0
733,98,-1.0
141,268,-1.0
554,376,-1.0
230,303,1.0
578,461,1.0
38,357,1.0
668,184,1.0
695,366,-1.0
830,154,0.0
38,398,1.0
634,448,1.0
715,526,0.0
280,177,1.0
226,9,1.0
121,306,-1.0
59,37,-1.0
1065,403,1.0
648,187,1.0
318,175,-1.0
576,380,-1.0
337,137,0.0
208,99,-1.0
38,36,1.0
330,517,-1.0
168,157,0.0
1011,313,1.0
459,274,-1.0
251,121,1.0
904,368,-1.0
806,434,-1.0
219,462,-1.0
722,378,1.0
732,381,1.0
274,167,-1.0
1040,265,-1.0
424,256,-1.0
49,269,-1.0
116,19,-1.0
611,351,-1.0
943,23,-1.0
787,201,-1.0
468,238,-1.0
59,22,-1.0
1063,89,1.0
663,200,-1.0
421,270,-1.0
595,325,1.0
1054,451,1.0
505,147,1.0
649,188,-1.0
816,529,-1.0
174,362,-1.0
321,1,-1.0
711,159,0.0
38,22,1.0
646,186,0.0
119,341,-1.0
985,150,0.0
1013,312,-1.0
214,105,-1.0
84,46,-1.0
760,462,-1.0
973,416,-1.0
54,275,-1.0
385,213,1.0
410,296,-1.0
927,99,-1.0
658,292,-1.0
673,40,-1.0
695,365,-1.0
226,111,-1.0
406,349,-1.0
933,371,-1.0
900,495,-1.0
107,57,-1.0
554,375,-1.0
904,370,-1.0
219,464,-1.0
1060,265,1.0
167,78,1.0
737,182,1.0
495,285,-1.0
242,174,-1.0
756,25,-1.0
464,399,-1.0
787,461,-1.0
937,406,-1.0
785,308,-1.0
500,442,-1.0
992,461,1.0
284,384,-1.0
757,558,1.0
766,291,1.0
139,521,-1.0
649,187,-1.0
673,531,-1.0
300,499,-1.0
614,341,-1.0
478,264,-1.0
763,461,-1.0
473,266,1.0
29,283,-1.0
843,474,1.0
78,332,-1.0
38,383,1.0
802,14,1.0
534,444,-1.0
129,492,1.0
23,236,1.0
2,553,-1.0
343,185,-1.0
691,498,1.0
341,178,0.0
251,124,-1.0
1059,86,-1.0
388,215,-1.0
955,104,-1.0
122,465,-1.0
101,56,0.0
1,7,-1.0
790,285,-1.0
237,93,-1.0
59,114,-1.0
321,8,-1.0
754,231,-1.0
721,127,0.0
614,342,-1.0
959,116,-1.0
110,61,-1.0
651,453,-1.0
57,312,-1.0
252,459,-1.0
136,236,-1.0
527,148,-1.0
904,374,-1.0
876,417,1.0
784,561,-1.0
588,337,-1.0
801,431,1.0
330,233,-1.0
150,334,-1.0
42,431,-1.0
92,53,-1.0
436,510,1.0
482,523,0.0
948,291,-1.0
641,337,1.0
577,463,-1.0
248,529,-1.0
886,122,1.0
797,432,-1.0
620,538,-1.0
270,501,-1.0
72,229,1.0
461,411,-1.0
257,529,-1.0
749,476,-1.0
746,86,1.0
904,361,-1.0
199,383,-1.0
571,243,-1.0
892,515,1.0
323,144,1.0
926,150,0.0
1033,310,1.0
13,5,1.0
86,51,0.0
841,474,-1.0
930,542,-1.0
308,173,-1.0
924,556,-1.0
795,16,-1.0
502,290,1.0
561,316,-1.0
554,360,-1.0
59,402,-1.0
918,509,-1.0
310,420,-1.0
363,198,-1.0
954,372,-1.0
728,219,1.0
695,367,-1.0
713,373,1.0
515,209,0.0
98,131,-1.0
290,164,0.0
905,156,-1.0
478,398,-1.0
49,411,1.0
244,545,1.0
1001,549,-1.0
247,265,-1.0
817,443,-1.0
816,527,1.0
149,73,-1.0
935,537,1.0
135,251,-1.0
847,467,-1.0
903,103,-1.0
381,212,1.0
194,484,-1.0
59,475,-1.0
334,186,0.0
756,24,-1.0
621,333,1.0
79,332,1.0
756,540,-1.0
307,173,1.0
4,551,-1.0
23,250,-1.0
314,483,-1.0
369,202,0.0
719,378,-1.0
767,541,-1.0
38,475,1.0
972,544,-1.0
415,227,1.0
574,321,-1.0
84,129,1.0
494,284,1.0
966,42,-1.0
536,307,-1.0
1024,394,1.0
977,129,0.0
94,386,1.0
84,127,0.0
84,48,-1.0
220,526,0.0
757,27,1.0
1055,401,1.0
208,298,-1.0
384,215,1.0
38,37,1.0
757,249,-1.0
786,425,1.0
237,68,-1.0
454,261,-1.0
70,128,-1.0
219,465,-1.0
450,167,-1.0
332,380,1.0
231,546,1.0
59,451,-1.0
602,523,-1.0
1011,228,-1.0
874,432,-1.0
390,216,1.0
502,528,0.0
59,15,-1.0
934,21,-1.0
787,463,-1.0
166,499,-1.0
1048,319,1.0
478,65,-1.0
100,56,-1.0
787,297,-1.0
811,436,1.0
897,384,1.0
931,503,-1.0
84,146,0.0
373,205,-1.0
20,529,-1.0
976,541,-1.0
69,224,-1.0
823,505,0.0
146,294,-1.0
778,382,-1.0
783,441,-1.0
848,560,-1.0
1003,375,-1.0
546,459,-1.0
516,299,1.0
701,134,0.0
578,462,1.0
877,417,1.0
733,381,-1.0
770,419,1.0
886,454,-1.0
106,254,1.0
60,441,1.0
153,77,-1.0
1020,301,1.0
708,375,1.0
998,548,-1.0
136,251,1.0
736,382,-1.0
291,385,-1.0
703,365,1.0
440,517,1.0
99,56,1.0
198,115,1.0
592,404,1.0
834,469,0.0
422,298,-1.0
714,374,1.0
963,29,-1.0
614,335,-1.0
697,526,1.0
123,537,-1.0
110,62,-1.0
610,542,-1.0
982,149,0.0
59,410,-1.0
681,152,-1.0
696,106,-1.0
943,445,1.0
554,366,-1.0
742,550,-1.0
645,342,1.0
757,32,-1.0
757,24,1.0
528,95,-1.0
165,78,-1.0
244,344,-1.0
191,557,1.0
428,460,1.0
847,32,-1.0
1057,411,1.0
1030,300,1.0
237,117,1.0
573,320,-1.0
1038,398,1.0
949,444,-1.0
574,554,-1.0
45,504,-1.0
40,244,-1.0
615,427,-1.0
718,168,-1.0
904,373,-1.0
32,281,-1.0
746,232,1.0
239,482,-1.0
902,494,-1.0
742,520,-1.0
686,472,-1.0
1064,249,1.0
449,257,-1.0
889,453,-1.0
38,114,1.0
918,511,-1.0
1058,397,1.0
782,331,-1.0
59,31,-1.0
109,289,-1.0
38,409,1.0
84,226,0.0
412,323,1.0
615,266,-1.0
445,255,1.0
827,361,-1.0
75,139,0.0
365,297,-1.0
351,194,1.0
171,466,-1.0
787,462,-1.0
73,229,-1.0
1017,559,-1.0
478,273,-1.0
330,291,-1.0
85,129,-1.0
1,2,-1.0
667,153,-1.0
757,26,1.0
218,107,1.0
814,544,-1.0
635,449,-1.0
487,280,-1.0
741,451,-1.0
255,459,1.0
1022,386,-1.0
746,559,1.0
143,245,-1.0
695,363,-1.0
336,369,-1.0
1000,548,1.0
58,17,-1.0
643,339,1.0
569,318,1.0
478,248,-1.0
192,485,1.0
325,558,-1.0
324,144,-1.0
193,110,-1.0
793,427,1.0
678,181,1.0
219,507,-1.0
864,77,-1.0
1005,405,1.0
833,100,-1.0
153,76,-1.0
38,402,1.0
973,544,1.0
986,376,-1.0
2,552,1.0
1010,313,-1.0
609,150,0.0
110,60,-1.0
1032,399,-1.0
119,246,-1.0
1046,387,-1.0
650,529,-1.0
827,154,-1.0
756,27,-1.0
132,99,-1.0
409,226,-1.0
851,477,-1.0
4,550,-1.0
330,354,-1.0
55,458,-1.0
0,356,-1.0
59,391,-1.0
860,460,1.0
217,106,1.0
707,369,1.0
462,273,1.0
950,547,-1.0
805,432,1.0
234,398,-1.0
237,303,-1.0
695,369,-1.0
1,1,-1.0
484,279,1.0
561,315,-1.0
498,429,0.0
555,149,-1.0
636,449,1.0
187,135,-1.0
738,182,-1.0
812,13,1.0
259,139,1.0
908,500,1.0
388,214,1.0
952,277,-1.0
1014,312,1.0
705,142,0.0
528,213,-1.0
958,380,-1.0
411,296,1.0
564,36,1.0
92,150,0.0
991,222,0.0
784,328,-1.0
239,93,1.0
277,444,-1.0
739,151,1.0
464,401,-1.0
380,209,1.0
397,220,-1.0
260,139,-1.0
817,425,-1.0
165,79,-1.0
820,120,-1.0
975,557,-1.0
157,520,1.0
1,4,-1.0
38,397,1.0
59,407,-1.0
700,363,1.0
399,223,1.0
109,412,-1.0
855,479,-1.0
306,27,1.0
987,416,1.0
491,283,-1.0
809,439,-1.0
1073,529,-1.0
578,465,1.0
362,199,1.0
953,394,-1.0
615,60,-1.0
997,407,1.0
693,495,1.0
210,95,1.0
669,164,-1.0
380,210,-1.0
1056,399,1.0
610,526,0.0
624,393,-1.0
646,185,0.0
59,357,-1.0
74,44,-1.0
868,487,-1.0
1036,87,-1.0
59,348,-1.0
376,202,0.0
610,504,-1.0
332,461,1.0
306,561,1.0
42,436,-1.0
425,256,1.0
59,306,-1.0
431,145,-1.0
48,336,-1.0
668,322,0.0
842,475,-1.0
998,547,-1.0
735,342,-1.0
71,474,-1.0
746,308,1.0
815,530,1.0
208,101,-1.0
166,133,-1.0
881,175,1.0
158,75,1.0
937,518,1.0
725,380,-1.0
398,220,1.0
942,37,1.0
554,363,-1.0
325,27,-1.0
883,235,1.0
59,356,-1.0
813,514,-1.0
785,561,1.0
338,176,1.0
972,539,1.0
598,350,-1.0
870,426,-1.0
969,353,-1.0
24,449,-1.0
811,13,-1.0
890,453,1.0
1002,549,1.0
25,9,1.0
1012,40,-1.0
785,425,-1.0
828,155,1.0
791,430,-1.0
644,341,1.0
564,451,-1.0
912,503,1.0
59,395,-1.0
325,28,-1.0
344,179,1.0
788,455,-1.0
390,217,0.0
68,139,0.0
622,163,1.0
551,313,-1.0
137,529,-1.0
346,180,1.0
706,368,1.0
114,60,1.0
746,169,1.0
387,214,-1.0
740,151,-1.0
554,368,-1.0
913,151,0.0
807,287,-1.0
306,24,1.0
526,148,1.0
668,296,0.0
848,467,1.0
463,67,1.0
85,51,-1.0
915,506,-1.0
726,123,-1.0
59,447,-1.0
758,345,-1.0
748,475,-1.0
330,254,-1.0
965,404,-1.0
846,275,1.0
88,51,1.0
666,153,1.0
917,88,1.0
265,406,-1.0
547,452,-1.0
470,270,1.0
148,354,1.0
353,192,-1.0
383,211,1.0
789,427,-1.0
746,85,1.0
148,29,0.0
728,463,1.0
1070,254,-1.0
340,176,0.0
900,103,-1.0
200,118,-1.0
379,209,-1.0
577,461,-1.0
446,493,-1.0
695,371,-1.0
330,229,-1.0
238,92,1.0
325,228,-1.0
907,79,-1.0
510,294,1.0
768,541,1.0
17,356,1.0
59,555,-1.0
496,287,-1.0
554,370,-1.0
160,89,-1.0
1039,514,1.0
514,297,1.0
87,444,1.0
170,68,-1.0
221,137,-1.0
994,529,-1.0
1035,13,-1.0
210,206,0.0
809,305,-1.0
84,49,-1.0
165,80,-1.0
240,482,1.0
776,17,-1.0
939,391,1.0
431,253,-1.0
896,407,-1.0
38,442,1.0
289,78,-1.0
76,447,-1.0
59,537,-1.0
910,499,1.0
296,312,-1.0
616,518,-1.0
59,347,-1.0
365,200,-1.0
601,57,-1.0
817,441,-1.0
249,123,-1.0
237,92,-1.0
538,307,0.0
939,392,1.0
448,260,1.0
898,385,1.0
317,143,1.0
38,391,1.0
12,4,1.0
721,129,0.0
492,283,1.0
38,393,1.0
904,375,-1.0
3,171,-1.0
569,317,-1.0
202,166,1.0
946,18,-1.0
604,535,-1.0
252,124,1.0
38,15,1.0
220,156,0.0
590,34,-1.0
325,26,-1.0
59,310,-1.0
350,189,1.0
59,301,-1.0
62,412,-1.0
909,141,0.0
554,364,-1.0
1051,551,-1.0
560,243,1.0
214,136,1.0
368,206,0.0
682,479,-1.0
653,249,-1.0
1018,288,1.0
785,233,-1.0
686,471,-1.0
653,346,-1.0
857,480,-1.0
178,84,1.0
73,237,-1.0
197,117,-1.0
181,81,1.0
480,277,-1.0
730,11,-1.0
695,359,-1.0
59,536,-1.0
772,422,-1.0
59,18,-1.0
401,222,1.0
639,332,-1.0
446,440,-1.0
306,25,1.0
84,143,0.0
367,202,1.0
699,359,1.0
692,498,-1.0
374,206,-1.0
993,204,-1.0
464,533,-1.0
993,202,0.0
512,296,0.0
874,490,1.0
38,18,1.0
485,146,1.0
809,438,1.0
762,465,-1.0
223,108,-1.0
834,100,1.0
577,464,-1.0
988,463,-1.0
588,338,-1.0
378,208,-1.0
38,348,1.0
329,88,0.0
911,504,1.0
193,327,-1.0
356,433,0.0
348,463,0.0
529,304,1.0
906,503,-1.0
989,198,0.0
561,243,-1.0
182,257,-1.0
4,171,1.0
780,423,-1.0
92,127,0.0
787,216,-1.0
243,174,1.0
525,204,-1.0
690,104,1.0
108,57,1.0
889,456,-1.0
1001,548,-1.0
282,142,1.0
59,532,-1.0
570,317,1.0
1040,519,-1.0
102,56,0.0
369,204,1.0
219,380,-1.0
444,255,1.0
204,114,1.0
578,379,-1.0
254,390,-1.0
127,506,1.0
361,197,-1.0
430,253,1.0
661,296,0.0
38,395,1.0
306,20,1.0
646,184,0.0
803,11,1.0
469,224,1.0
339,176,-1.0
1009,112,-1.0
115,61,1.0
1004,300,0.0
212,102,0.0
543,413,-1.0
84,47,-1.0
869,487,1.0
241,91,-1.0
983,374,-1.0
556,314,0.0
1021,306,1.0
215,364,-1.0
182,352,-1.0
601,69,1.0
38,447,1.0
769,419,-1.0
261,380,-1.0
498,285,1.0
918,510,-1.0
790,429,-1.0
581,434,1.0
86,276,1.0
997,389,-1.0
810,439,0.0
439,508,-1.0
327,494,1.0
695,376,-1.0
895,430,1.0
951,106,-1.0
184,262,-1.0
292,375,-1.0
103,33,-1.0
954,161,-1.0
359,195,-1.0
224,138,1.0
59,483,-1.0
796,16,1.0
695,372,-1.0
453,258,1.0
341,180,0.0
123,391,-1.0
747,414,-1.0
795,122,-1.0
928,515,-1.0
208,98,-1.0
589,335,1.0
306,328,1.0
950,277,-1.0
631,466,-1.0
59,404,-1.0
988,462,-1.0
1046,53,-1.0
620,74,-1.0
728,461,1.0
578,464,1.0
795,428,1.0
407,349,1.0
906,157,1.0
367,203,-1.0
1060,272,-1.0
971,263,-1.0
225,138,-1.0
5,550,1.0
728,205,1.0
773,4,-1.0
538,47,-1.0
563,170,1.0
43,67,-1.0
176,83,-1.0
149,74,-1.0
734,98,1.0
59,390,-1.0
8,0,1.0
795,492,-1.0
752,415,1.0
883,19,-1.0
101,48,1.0
306,252,1.0
38,537,1.0
701,362,1.0
495,286,-1.0
38,390,1.0
572,72,-1.0
878,493,-1.0
982,162,1.0
727,14,-1.0
285,384,0.0
721,126,0.0
577,465,-1.0
801,11,-1.0
554,373,-1.0
402,446,-1.0
944,455,1.0
711,371,1.0
130,492,-1.0
215,136,-1.0
774,172,-1.0
274,309,1.0
205,458,-1.0
728,195,1.0
587,186,-1.0
518,299,0.0
613,161,0.0
117,189,0.0
871,488,1.0
903,497,-1.0
961,129,0.0
3,553,1.0
640,525,-1.0
38,310,1.0
419,521,1.0
483,278,1.0
750,539,-1.0
593,150,0.0
162,132,-1.0
884,450,1.0
1029,524,0.0
695,362,-1.0
188,9,1.0
787,219,-1.0
464,169,1.0
128,548,-1.0
951,107,-1.0
250,123,1.0
987,543,-1.0
567,241,1.0
808,439,1.0
26,280,-1.0
1052,401,-1.0
998,389,1.0
38,536,1.0
950,549,-1.0
959,110,-1.0
478,270,-1.0
903,496,-1.0
84,50,-1.0
270,141,-1.0
59,535,-1.0
586,325,0.0
558,245,1.0
347,180,-1.0
461,269,1.0
38,306,1.0
147,418,-1.0
919,513,-1.0
38,535,1.0
721,147,0.0
980,542,1.0
94,54,0.0
859,480,1.0
904,372,-1.0
728,208,1.0
822,444,-1.0
610,516,-1.0
911,125,0.0
471,238,1.0
549,240,-1.0
208,104,-1.0
585,324,-1.0
482,278,-1.0
787,200,-1.0
586,326,0.0
936,445,-1.0
377,298,-1.0
724,380,-1.0
907,157,-1.0
441,88,-1.0
135,237,1.0
194,327,1.0
413,323,-1.0
227,111,1.0
156,520,-1.0
533,305,-1.0
59,484,-1.0
1017,446,1.0
339,101,-1.0
995,68,-1.0
176,81,-1.0
894,430,-1.0
646,188,0.0
59,396,-1.0
635,25,1.0
852,477,1.0
383,212,-1.0
34,10,-1.0
967,529,1.0
826,154,1.0
113,59,1.0
804,12,1.0
48,58,-1.0
395,219,1.0
306,319,1.0
59,397,-1.0
38,451,1.0
220,137,1.0
729,376,-1.0
59,249,-1.0
342,183,0.0
93,130,-1.0
38,532,1.0
801,14,-1.0
657,292,1.0
724,143,0.0
141,460,1.0
352,94,-1.0
308,49,-1.0
92,130,1.0
328,452,1.0
145,43,-1.0
698,360,1.0
858,481,1.0
403,87,-1.0
695,360,-1.0
561,241,-1.0
456,262,1.0
624,457,1.0
341,179,0.0
197,303,1.0
702,136,0.0
988,205,0.0
753,230,1.0
83,359,-1.0
715,376,1.0
999,136,0.0
59,476,-1.0
1071,517,-1.0
208,102,1.0
478,268,-1.0
934,518,-1.0
475,239,1.0
392,217,-1.0
721,152,0.0
38,399,1.0
59,485,-1.0
664,201,-1.0
578,380,1.0
300,504,-1.0
784,308,1.0
372,205,1.0
414,227,-1.0
9,1,1.0
595,296,0.0
92,55,1.0
632,25,-1.0
245,347,-1.0
528,461,-1.0
625,355,1.0
978,80,-1.0
745,31,1.0
186,135,1.0
669,184,-1.0
917,508,-1.0
807,527,-1.0
988,216,0.0
835,555,-1.0
647,183,-1.0
600,279,-1.0
528,205,-1.0
603,69,-1.0
465,65,1.0
366,202,-1.0
774,420,1.0
59,120,-1.0
59,408,-1.0
253,531,-1.0
746,231,1.0
426,34,-1.0
38,404,1.0
341,177,0.0
899,389,-1.0
408,226,1.0
510,39,-1.0
523,302,0.0
38,120,1.0
315,496,-1.0
618,340,-1.0
974,410,-1.0
309,49,1.0
538,90,1.0
88,52,-1.0
50,68,-1.0
332,379,-1.0
78,41,1.0
787,95,-1.0
824,168,-1.0
929,516,-1.0
325,561,-1.0
393,217,1.0
972,416,1.0
916,505,-1.0
131,64,1.0
601,278,-1.0
684,477,-1.0
528,195,-1.0
433,509,-1.0
717,126,0.0
623,457,-1.0
95,54,0.0
956,129,0.0
38,31,1.0
72,228,-1.0
59,315,-1.0
504,459,-1.0
665,465,1.0
889,320,1.0
695,374,-1.0
438,511,1.0
195,110,1.0
443,513,1.0
59,289,-1.0
382,211,-1.0
629,71,-1.0
662,375,-1.0
1068,403,-1.0
561,244,-1.0
632,20,-1.0
648,188,1.0
303,322,-1.0
554,369,-1.0
1,0,-1.0
220,149,0.0
1042,470,-1.0
208,202,0.0
849,560,1.0
488,280,1.0
405,354,1.0
1009,119,-1.0
1042,555,1.0
458,271,1.0
983,162,-1.0
633,448,-1.0
429,130,0.0
728,462,1.0
941,37,-1.0
734,381,0.0
478,400,-1.0
695,361,-1.0
540,348,-1.0
927,101,-1.0
746,233,1.0
39,353,-1.0
695,377,-1.0
84,45,-1.0
59,300,-1.0
781,296,0.0
190,111,-1.0
940,447,1.0
1018,442,1.0
724,378,-1.0
528,208,-1.0
255,293,-1.0
56,174,-1.0
791,440,-1.0
326,118,-1.0
59,442,-1.0
478,460,1.0
757,346,-1.0
783,28,1.0
703,138,0.0
328,494,-1.0
128,547,-1.0
543,39,1.0
757,252,1.0
59,171,-1.0
936,406,1.0
19,415,-1.0
614,340,-1.0
778,422,1.0
757,445,-1.0
829,468,-1.0
668,164,1.0
262,380,-1.0
478,86,1.0
787,94,-1.0
330,292,-1.0
708,149,0.0
206,458,1.0
875,227,-1.0
44,125,1.0
478,224,-1.0
201,118,1.0
31,281,-1.0
536,90,-1.0
478,397,-1.0
988,461,-1.0
797,431,-1.0
909,501,1.0
829,377,-1.0
97,150,0.0
306,545,1.0
467,274,1.0
416,481,-1.0
1045,170,-1.0
616,414,1.0
668,350,0.0
240,554,-1.0
301,360,-1.0
38,484,1.0
591,34,1.0
728,192,1.0
401,223,-1.0
304,247,-1.0
451,259,-1.0
313,241,-1.0
330,559,-1.0
153,333,-1.0
921,85,-1.0
888,491,1.0
770,165,-1.0
38,249,1.0
472,264,1.0
789,428,-1.0
365,201,-1.0
459,269,-1.0
15,486,1.0
744,473,-1.0
751,415,-1.0
172,7,-1.0
710,156,0.0
306,540,1.0
6,551,1.0
683,478,-1.0
663,204,-1.0
808,543,-1.0
38,476,1.0
59,406,-1.0
1062,532,-1.0
21,235,-1.0
640,336,1.0
1016,559,1.0
555,375,-1.0
372,95,-1.0
38,485,1.0
605,536,-1.0
439,512,-1.0
788,467,-1.0
196,484,1.0
59,30,-1.0
127,63,0.0
38,406,1.0
208,96,-1.0
854,478,1.0
845,275,-1.0
552,161,1.0
1007,108,1.0
569,170,-1.0
1034,15,1.0
38,30,1.0
563,85,-1.0
254,531,1.0
828,468,-1.0
904,366,-1.0
84,52,1.0
84,506,-1.0
931,516,1.0
531,304,0.0
586,324,0.0
652,249,1.0
517,299,-1.0
59,394,-1.0
512,164,0.0
717,128,0.0
133,99,1.0
38,356,1.0
536,53,-1.0
455,261,1.0
1009,115,-1.0
38,408,1.0
208,100,-1.0
677,181,-1.0
214,106,-1.0
235,68,1.0
415,490,0.0
950,548,-1.0
545,533,-1.0
63,384,-1.0
901,456,-1.0
511,294,-1.0
905,107,-1.0
92,145,0.0
478,267,-1.0
293,0,-1.0
352,200,-1.0
887,454,1.0
691,497,-1.0
500,288,-1.0
519,31,-1.0
59,345,-1.0
962,277,-1.0
756,26,-1.0
718,150,1.0
268,140,1.0
461,271,-1.0
588,335,-1.0
306,522,1.0
906,502,-1.0
528,465,-1.0
821,189,0.0
528,463,-1.0
532,225,-1.0
169,80,1.0
671,454,-1.0
513,298,-1.0
419,124,-1.0
464,534,-1.0
180,83,1.0
756,252,-1.0
927,100,-1.0
273,309,-1.0
38,289,1.0
1023,357,1.0
340,101,1.0
245,344,1.0
266,184,0.0
714,162,0.0
371,207,1.0
831,468,1.0
728,465,1.0
499,433,0.0
597,350,1.0
787,464,-1.0
208,103,-1.0
537,307,0.0
842,476,-1.0
947,317,-1.0
118,66,-1.0
580,434,-1.0
479,276,-1.0
259,380,1.0
906,500,-1.0
287,547,-1.0
661,164,0.0
956,150,0.0
567,247,-1.0
630,72,-1.0
621,355,-1.0
816,530,-1.0
847,476,1.0
59,405,-1.0
325,20,-1.0
439,517,1.0
979,542,-1.0
988,192,0.0
565,246,1.0
629,538,1.0
394,221,1.0
756,232,1.0
998,384,-1.0
385,214,0.0
278,426,-1.0
151,311,-1.0
325,24,-1.0
38,300,1.0
705,367,1.0
38,555,1.0
758,346,1.0
825,28,-1.0
693,498,0.0
105,254,1.0
721,153,0.0
59,482,-1.0
1010,112,1.0
52,560,-1.0
946,310,-1.0
38,482,1.0
38,171,1.0
523,97,1.0
214,107,-1.0
746,229,1.0
925,6,-1.0
122,380,-1.0
140,68,-1.0
38,59,-1.0
46,126,-1.0
904,156,1.0
38,347,1.0
656,344,-1.0
964,373,-1.0
145,293,1.0
723,379,-1.0
1069,30,1.0
452,259,-1.0
943,455,-1.0
530,103,-1.0
575,380,-1.0
333,380,-1.0
1008,556,1.0
559,242,1.0
396,219,-1.0
695,368,-1.0
41,461,1.0
923,93,-1.0
345,179,-1.0
1025,81,-1.0
442,512,1.0
325,328,-1.0
621,163,-1.0
668,349,0.0
400,222,-1.0
999,547,1.0
606,535,1.0
404,59,-1.0
267,366,-1.0
1037,73,-1.0
1015,446,-1.0
568,247,1.0
577,380,-1.0
988,219,0.0
10,2,1.0
844,475,1.0
72,20,-1.0
724,379,1.0
38,301,1.0
709,154,0.0
230,546,-1.0
915,507,-1.0
370,200,1.0
690,358,0.0
156,409,1.0
874,489,-1.0
772,421,-1.0
153,74,1.0
696,376,-1.0
437,511,-1.0
857,481,-1.0
403,532,1.0
582,331,-1.0
1036,402,1.0
92,135,0.0
938,447,-1.0
680,152,1.0
798,433,-1.0
189,9,1.0
427,519,-1.0
212,497,1.0
555,105,-1.0
447,260,-1.0
561,264,-1.0
124,248,-1.0
904,367,-1.0
779,382,1.0
941,23,1.0
776,421,1.0
582,330,-1.0
276,459,-1.0
89,44,1.0
1041,410,1.0
795,515,-1.0
702,364,1.0
554,365,-1.0
59,424,-1.0
515,298,1.0
561,242,-1.0
1044,483,1.0
862,5,-1.0
672,157,0.0
531,103,1.0
912,157,0.0
66,41,-1.0
1019,301,-1.0
111,58,1.0
305,172,-1.0
59,403,-1.0
389,218,1.0
517,96,-1.0
457,263,1.0
228,109,-1.0
819,443,-1.0
712,372,1.0
922,271,-1.0
243,545,-1.0
186,129,0.0
27,284,-1.0
828,376,-1.0
740,502,-1.0
1031,22,1.0
38,403,1.0
1050,30,-1.0
247,86,1.0
554,372,-1.0
757,540,1.0
709,361,1.0
342,185,1.0
810,305,1.0
386,213,-1.0
358,195,1.0
149,333,-1.0
936,537,-1.0
393,218,-1.0
430,150,0.0
695,364,-1.0
728,216,1.0
553,496,-1.0
673,448,-1.0
795,491,-1.0
455,262,-1.0
146,43,1.0
59,399,-1.0
38,345,1.0
998,549,-1.0
368,201,1.0
51,460,-1.0
1,5,-1.0
138,397,-1.0
283,367,-1.0
173,134,1.0
646,187,0.0
185,90,-1.0
1061,519,1.0
866,178,-1.0
710,370,1.0
721,139,0.0
100,48,-1.0
1015,113,1.0
331,495,-1.0
813,437,1.0
18,128,1.0
398,221,-1.0
295,36,-1.0
325,319,-1.0
481,277,1.0
134,38,1.0
904,359,-1.0
242,91,1.0
319,299,0.0
794,75,-1.0
731,242,-1.0
342,182,0.0
888,308,0.0
478,266,-1.0
663,297,-1.0
1,424,1.0
872,321,1.0
33,35,-1.0
263,518,1.0
93,387,-1.0
38,400,1.0
757,522,1.0
592,89,-1.0
341,181,0.0
38,405,1.0
1006,552,-1.0
431,50,-1.0
330,232,-1.0
550,457,-1.0
286,549,-1.0
93,54,-1.0
721,128,0.0
216,105,1.0
554,367,-1.0
59,383,-1.0
258,519,-1.0
330,255,-1.0
365,203,1.0
620,330,-1.0
785,328,1.0
808,435,-1.0
84,51,0.0
617,21,-1.0
989,462,1.0
87,51,0.0
753,231,1.0
903,96,-1.0
1069,343,-1.0
1028,289,1.0
432,50,1.0
865,178,1.0
856,479,1.0
325,545,-1.0
335,329,-1.0
775,172,1.0
514,196,0.0
82,43,-1.0
874,428,-1.0
746,230,1.0
152,311,1.0
432,253,0.0
833,469,-1.0
45,125,-1.0
689,358,-1.0
998,524,-1.0
96,55,-1.0
90,45,1.0
787,213,-1.0
177,84,-1.0
64,160,0.0
695,375,-1.0
267,140,-1.0
59,288,-1.0
78,42,-1.0
456,263,-1.0
904,364,-1.0
784,233,1.0
365,204,-1.0
464,534,1.0
893,408,1.0
477,169,-1.0
85,444,-1.0
756,545,-1.0
984,150,0.0
932,159,1.0
799,435,-1.0
128,549,-1.0
838,471,-1.0
535,307,1.0
272,314,-1.0
208,130,0.0
904,363,-1.0
134,237,-1.0
579,379,-1.0
34,10,1.0
179,82,1.0
818,441,0.0
67,450,-1.0
97,131,1.0
325,169,-1.0
354,193,-1.0
203,116,1.0
466,66,1.0
80,42,1.0
38,165,1.0
222,109,1.0
59,514,-1.0
96,54,1.0
522,97,-1.0
208,496,-1.0
850,473,1.0
879,493,1.0
903,495,-1.0
1035,12,-1.0
1002,148,0.0
596,325,-1.0
655,23,-1.0
322,2,-1.0
38,514,1.0
522,302,-1.0
246,347,1.0
904,376,-1.0
832,469,1.0
164,363,-1.0
80,38,-1.0
998,385,-1.0
789,539,1.0
104,33,1.0
789,429,1.0
476,267,1.0
728,464,1.0
325,25,-1.0
906,504,-1.0
800,435,1.0
607,536,1.0
372,201,-1.0
349,189,-1.0
980,158,0.0
891,456,1.0
543,413,1.0
38,394,1.0
102,507,1.0
549,225,1.0
798,286,-1.0
478,67,-1.0
904,369,-1.0
132,64,-1.0
679,405,-1.0
168,79,1.0
688,358,1.0
241,554,1.0
205,383,1.0
557,244,1.0
695,373,-1.0
306,26,1.0
36,127,-1.0
302,322,1.0
148,291,1.0
797,433,1.0
38,396,1.0
812,357,-1.0
7,7,1.0
940,391,-1.0
764,463,-1.0
501,402,-1.0
1062,87,1.0
59,108,-1.0
478,272,-1.0
51,533,1.0
818,443,1.0
269,141,1.0
219,463,-1.0
697,290,-1.0
232,546,1.0
186,150,0.0
660,326,-1.0
208,95,-1.0
637,334,-1.0
364,198,1.0
967,530,0.0
765,113,-1.0
161,506,-1.0
300,542,-1.0
153,437,-1.0
184,489,-1.0
474,248,1.0
945,32,1.0
269,157,0.0
524,403,-1.0
544,380,-1.0
348,190,1.0
330,308,-1.0
577,462,-1.0
771,165,1.0
754,230,-1.0
352,192,1.0
807,438,-1.0
439,513,-1.0
256,122,-1.0
554,374,-1.0
837,471,1.0
741,163,-1.0
756,522,-1.0
16,8,1.0
47,126,1.0
1000,144,0.0
904,362,-1.0
34,35,1.0
694,497,-1.0
632,466,1.0
59,392,-1.0
149,71,-1.0
968,538,-1.0
59,411,-1.0
375,206,1.0
486,146,-1.0
274,70,1.0
30,281,1.0
938,21,1.0
38,392,1.0
868,488,-1.0
874,417,-1.0
364,199,-1.0
562,318,-1.0
991,465,1.0
13,486,-1.0
1007,556,-1.0
350,190,-1.0
545,460,1.0
325,540,-1.0
716,377,1.0
554,362,-1.0
149,75,-1.0
133,64,0.0
873,426,1.0
687,507,-1.0
183,352,1.0
1044,91,-1.0
743,85,-1.0
777,17,1.0
93,386,-1.0
867,143,-1.0
646,183,1.0
1053,412,1.0
53,16,-1.0
489,282,-1.0
951,105,-1.0
15,8,-1.0
990,211,0.0
165,133,1.0
448,258,-1.0
903,97,-1.0
208,97,-1.0
883,450,-1.0
355,193,1.0
920,459,-1.0
1050,250,1.0
201,166,-1.0
292,376,-1.0
311,421,-1.0
503,290,-1.0
1034,388,-1.0
697,528,-1.0
163,132,1.0
208,94,-1.0
801,12,-1.0
418,521,-1.0
250,121,-1.0
704,366,1.0
460,272,1.0
59,409,-1.0
34,498,0.0
91,46,1.0
541,311,-1.0
761,464,-1.0
599,523,1.0
351,191,-1.0
155,409,-1.0
229,9,-1.0
290,15,-1.0
447,259,1.0
1034,388,1.0
757,232,-1.0
554,149,1.0
38,288,1.0
59,412,-1.0
841,473,-1.0
676,355,-1.0
497,287,1.0
670,352,-1.0
14,6,1.0
907,516,-1.0
23,343,1.0
233,303,1.0
904,371,-1.0
191,485,-1.0
325,522,-1.0
716,155,0.0
0,424,-1.0
528,464,-1.0
28,282,-1.0
608,329,0.0
619,340,1.0
395,220,0.0
918,512,-1.0
556,315,1.0
281,177,-1.0
759,267,-1.0
1047,319,-1.0
965,525,1.0
579,380,1.0
225,365,-1.0
213,529,-1.0
562,314,-1.0
356,191,1.0
283,142,-1.0
199,119,1.0
264,234,1.0
768,418,-1.0
981,542,-1.0
720,150,-1.0
59,401,-1.0
871,321,-1.0
528,192,-1.0
829,155,-1.0
668,351,0.0
139,121,-1.0
661,465,-1.0
1049,250,-1.0
903,98,-1.0
539,307,0.0
836,92,-1.0
263,234,-1.0
914,251,-1.0
695,160,0.0
566,314,1.0
493,284,-1.0
990,464,1.0
309,173,0.0
497,438,0.0
808,436,-1.0
361,196,1.0
112,62,1.0
831,155,0.0
48,339,-1.0
38,108,1.0
628,330,1.0
324,368,-1.0
741,119,-1.0
429,375,-1.0
755,345,1.0
542,491,-1.0
1009,113,-1.0
128,277,-1.0
548,240,1.0
695,528,1.0
860,169,-1.0
22,236,-1.0
723,168,1.0
263,414,-1.0
728,213,1.0
905,370,-1.0
439,88,1.0
853,478,-1.0
638,334,1.0
154,71,1.0
120,62,-1.0
81,41,-1.0
279,164,0.0
910,133,0.0
561,245,-1.0
721,146,0.0
209,193,0.0
578,463,1.0
35,127,1.0
992,189,0.0
1008,557,-1.0
1067,240,-1.0
808,437,-1.0
679,3,-1.0
357,197,1.0
159,73,1.0
712,161,0.0
933,159,-1.0
330,539,-1.0
756,558,-1.0
375,207,-1.0
615,414,-1.0
840,472,1.0
537,47,1.0
1013,40,1.0
795,320,-1.0
633,20,1.0
142,487,-1.0
952,160,-1.0
507,293,-1.0
38,411,1.0
795,235,-1.0
174,134,-1.0
513,297,-1.0
612,351,1.0
298,292,1.0
554,371,-1.0
520,22,-1.0
126,63,-1.0
1068,343,1.0
554,361,-1.0
1054,396,-1.0
77,46,-1.0
791,488,-1.0
325,252,-1.0
908,132,0.0
59,36,-1.0
1,6,-1.0
1066,225,-1.0
584,322,0.0
316,496,1.0
654,23,1.0
539,53,1.0
861,419,-1.0
288,548,-1.0
1059,295,1.0
97,145,0.0
988,464,-1.0
420,61,-1.0
883,408,-1.0
704,140,0.0
299,444,-1.0
685,480,-1.0
104,56,0.0
939,392,-1.0
600,523,-1.0
59,166,-1.0
271,274,-1.0
320,452,-1.0
38,410,1.0
903,104,-1.0
478,66,-1.0
692,495,-1.0
913,502,1.0
478,239,-1.0
428,533,-1.0
38,166,1.0
294,385,-1.0
334,329,1.0
203,114,-1.0
814,543,1.0
360,196,-1.0
594,327,-1.0
931,157,0.0
207,273,-1.0
673,354,-1.0
674,202,0.0
119,65,-1.0
306,558,1.0
530,304,-1.0
435,510,-1.0
306,228,1.0
696,526,-1.0
906,499,-1.0
258,295,-1.0
904,365,-1.0
490,282,1.0
312,422,-1.0
875,490,-1.0
1040,400,1.0
798,191,-1.0
787,465,-1.0
588,336,-1.0
376,210,1.0
59,400,-1.0
65,38,-1.0
75,45,-1.0
176,82,-1.0
391,216,-1.0
521,302,1.0
38,412,1.0
126,506,-1.0
211,497,-1.0
571,239,-1.0
297,553,-1.0
772,420,-1.0
320,552,-1.0
625,405,0.0
929,158,1.0
588,525,-1.0
622,395,-1.0
551,448,-1.0
726,256,-1.0
915,505,1.0
951,160,1.0
586,186,1.0
355,194,-1.0
275,167,1.0
586,323,0.0
554,359,-1.0
1072,255,-1.0
769,418,1.0
583,331,1.0
885,19,1.0
970,353,1.0
434,509,1.0
162,500,-1.0
642,338,1.0
11,3,1.0
149,82,-1.0
450,257,1.0
906,501,-1.0
202,116,-1.0
1043,470,1.0
993,463,1.0
370,193,0.0
460,295,-1.0
1026,348,1.0
562,316,1.0
441,508,1.0
1027,120,1.0
417,112,-1.0
209,94,1.0
358,297,-1.0
499,286,1.0
38,401,1.0
110,59,-1.0
547,396,1.0
100,507,-1.0
839,472,-1.0
95,387,1.0
107,523,0.0
1012,228,1.0
998,524,1.0
144,337,-1.0
482,279,-1.0
0,423,1.0
623,395,1.0
37,150,0.0
423,115,-1.0
59,393,-1.0
614,339,-1.0
377,208,1.0
430,145,1.0
84,150,0.0
915,444,-1.0
481,160,0.0
236,117,-1.0
988,33,-1.0
506,147,-1.0
630,393,1.0
792,440,1.0
258,86,1.0
880,175,-1.0
518,96,1.0
48,404,1.0
59,165,-1.0
659,326,1.0
675,234,-1.0
84,44,-1.0
620,83,-1.0
1037,390,1.0
266,182,0.0
61,29,1.0
97,135,0.0
306,169,1.0
487,281,-1.0
85,276,-1.0
62,532,1.0
863,76,-1.0
508,238,-1.0
175,261,-1.0
695,370,-1.0
836,338,-1.0
1,3,-1.0
996,300,-1.0
110,58,-1.0
626,76,1.0
721,380,1.0
882,489,1.0
957,521,-1.0
706,144,0.0
219,461,-1.0
295,85,1.0
211,102,-1.0
584,324,1.0
38,483,1.0
561,246,-1.0
38,407,1.0
930,158,-1.0
509,262,-1.0
627,77,1.0
477,268,1.0
1033,18,1.0
125,63,1.0
38,424,1.0
273,70,-1.0
1003,376,-1.0
960,234,1.0
689,104,-1.0
1046,377,-1.0
306,28,1.0
