281
274
44,246
190,247
131,252
165,285
174
20
63,292,306
223
89
276
26
229
130
295,320
219
196
133
128
188,282,323
254
314
69
153,260
146
303
55
87
0
275
114
179
296
12
227,240
17
123
259
96
6,9,32
40,271
244
3
75
45
277
267
97
153,299
159
35,51
166,280
242
125
236
102
51
186
176
95
31
49
164,321
107
162
39
176,318
44,85
144
213
145,161
150,230
44,182,246
129
212
158
253
70
63,189
305
202
83,242
208
143,254
80
44
30
44,51,184,224
324
168
73
272
225,232,261
16,228
47
86
16
53
185,277
148,232,269
194
27
35,325
197
98,325
134
294
121
37,271
34,133,310
66
182
58
257
285
301
255
83,166
204,309
164
95,127
280
243
177
84
166,247
273,321
5,234
271,281
124
180
23,44
271
205
172
268
78
33,78
192
86,170
15,239,248,303
59
103
37,79
15,245,303
90,203
124,247,253
132
185
241
265
207
127
288
82,290
4,63
237
21,72
126
145,271
223
283
18
44,84
37,118
15
52,157
166,280
284
258
65
152
235
251
200
316
248
225,232
201,262
51,84
260
120
193
189,266
46,287
11
164,316
119
250,279
21,233
62,163
239
141
38
44,230
35
42
271,293
116,189
315
206
106,305
157
156
231
33,78
60
198
113
278
322
71
150,246
195
13
56
302
41
81
83
88
249
28
34,95,123,235,310
5,157
183,241
33
326
136,256
71,268
35,84
311,319
29
142
36
264
108
154
7
14
26
39,76
51,184,224
85,150
304
263
109
232,269
298
226
1
242,280
155
227
57,111
140
249
63
178
2,149
160
131
