2,104
0
34,89
74,82
7,34,39,173,174,197
206
46,64,71,101,183
34,39
13
2,94
45,171
44,119
79,149,150,178
79,124,150,178
59,119
60,126
60,134
27
30,145,193,195
69,161
22,106
6
163,170
34
127,191
205,208
32,187
50,105,206
36
94,119
92,209
43
34,194
135
20,73
46
16,172
24,136
57
41,160
26,133
60
61
64
65
57,72
177
23,66
88,203
12,191
96,165
71
72
0,28
74
75
52,109,114,157
17,29
26,87
185,191
80
117,154
83
34,186
144,158
60,140
108,131,155
120
3,93,130,179
72,146
186,194
90
79,121,149,178
40,47,62,182
115,166
80,125
13,188
5,171
58
54,110
100
101
102
106
95,168
55,159
11,25,28,103
111
125,128
9,51,81,175
70,172
117
119
10,83
117,177
78,117
134,167
107,172
129
128
116,191
132
112,192
137
115,180
8,57
140
118,207
20,147
146
35,87
151
85,187
36,162
156
21,56,141,143,148,164
37,86
4,10
146,184
78,128
48,119
139
15,151
18,31,42,49,76,77,97,98,138,142,153,181,196,199
19,68
33,63
152,187
2,132
165
168
169
113,176
172
27,38
87,105
41,128
68,110
99,191
44,162
183
67,168
9,43,51,81
46,205
187
188
189
190
180,185
84,123
194
22,27
146,168
122,144
1,44
198
14,53
201
202
204
187,200
91,163
208
