575
83
94
184
368,625,752
533,725
505,541,576
29
621
199
322,512
99,107,132,263,366,440,451,492,498,519,605,632,814,817
212,652
876
770,868
113,394,773,820,856,878
368,490,523,731,752
399,627,763,852
56,170
177,628
217,270,381,490,545,771
149,371
373,494,831
228
101,184,416,446,505,541,622,658,717,789,792,809
49
767
229,361
731
124
413
705,716
212,431
559
811
762
355,613,668,801
256,880
372
257
109,587
42
6,327,710
628,788
335,655
815
725,738
347
2,71,86,194,225,517,590,636,660,699,714,719,831,834,863
93
218,258,347,376,747
428
461
34
23,76,134,250,481,529
192
136,183
822
368,523,731,752,866
18,156,372,435
129
102,570
53,135
181
726
303
217,270,332,490,523,545,683,731,752,771
435
549
479
626
574
230,264,502,674,744,749
548
63,139,416,505,541,658,835
747
523
819
104,341
306
673
465
171,566
768
860,886
236,239,251,324,415,478,554,571,783,796
683
184,377,505,541,658,889
256,531
190
464
320
62,266
11,193,291,380,463,631
846
449
426
3,309
61,687
840
894
264
175,328,524
752
243,846
803
2,71,76,699,834
10,12,39,105,160,180,408,488,530,602,682,730,823,851
79
877
129,381
719
727,857
736
88,158
879
36,761
129,493
89,240,390,521,563
561
187
28,45,220,350,356,447,581
523,746
423
184,377,505,889
85
648,837
93,619
232,321
546,761
26,329,456,512,745
170
223,786
213,302,385,457,485,664,884
37
688
510
0,518,645,864
335
829
633
393
578
642,785
209,720
622,789,809
339,358,367,424,684
136
367
537,860
352,436
404,507
235
20,178
18,231,284,287,298,335,344,372,435,808,839,845
392
159,611
383
204
374,697
541
453,537
40,125,143,191,198,248,260,272,345,354,386,422,466,547,640,651,678,695,760,793,861,862,896
416
725
753
804
837
620
179,267
2
658
67,348
332,523,683,731,752
594,869
200
172
144,218,747
748
60,565
368,490,523,731
359
376
619
378
531,880
101,209,374,377,416,446,505,541,658,697,717,789,792
484,591
368,523,731,752,866
339
293,703
121,202,677
445,731
607
566
527
505
321
101,377,446,622,717,789,792,809
628,725
834
740
61
115
794
737
311
333
281
74,844
152,526,765
374,697
472,496,659,754,758
649,753
4,746
368,490,731
268,297
192,334
4,661
201,532
216,501,615,722
656
611
680
679
183
140,389
594
629
357
826
304
628
586
298,412,430,435
226,469
76,250,481,483,529
57
36,546
137,510
246
453
63,101,184,446,505,541,576,658,889
176
417
71,86,87,194,241,331,517,590,603,699,714,719,834,863
388,718
189,855
580
204,224,428
101,446,717,792,809
643
264,351,601,618,749,841
244
568
398,762
269
755
873
24
473
509
874
480,556
91,887
495
148,170
90
432
733,886
43
298,372,412,435,808
599
697
319
1,25
470
520,777,806
38,157,296,380,463,871
128,310
442,890
614
44,454,539
110,195,206,300,339,356,367,424,447,579,581,704,734,774
858
80,290,419,882
79,455,764
21
66,176
786
217,270,332,490,523,545,683,731,752,771
155
84,253,396
54,123,535,595,653
189
662
184,446,505,658,889
683,881
18,156,231,284,287,298,335,344,372,412,430,435,808,839,845
138,221
723
703
18
156
721
368,523,625
221
363
78,81,108,169,185,288,299,326,353,362,364,384,441,482,552,617,663,693,707,766,830,850,865
284,344,839
69
120,242
546,761,815
73,514
262
733
218
584
161
557,825
886
192,334
112
630
51,141
287
329,456,512,745
110
576
490
733,757
286
256
163,787
207,317
270
739
292
52,259,289
771
742
322
170,700
220,356,411,447,581,759,774
2,71,590,699,834
805
711
91,692
150
282
271
718
58,474,778
32
23,76,134,481
639,870
68
146
421
173,405
1
71
728
406,709
303,736
387
61,162
343,508
761
342
741
165,827
425
516,568,833
853
349
544,551
437,843
369
67
298,335,372,412,430,435
642
87,194,636,637,714,831,863
29,423,810
854
475
477
233,468,799,848
122
572
409
9,35,316
226,249,401,736
298
219,389,403,895
156,287,298,335,372,412,435,600,808
18,192,231,284,287,334,335,372,430,435,437,808,845
836
79,311,479
508
380
131
227
199,400
63,101,184,377,416,446,505,541,622,658,717,789,792,809,889
97,256,531
142,702
217,332,490,523,545,731,752
800
167
102
75
592,816,867
890
641
101
662
127
313
325,635
231,284,287,344,430,808,839,845
648
247,542,750,797
411,588,608
690
872
429
95
23,76,134,250,481,529,892
211,499
64,208,450,624,650,684
500
471,870
309
110,133,206,300,339,358,367,402,411,424,447,581,704,759,774
103,285,427,462,525
812
407,893
126,154,410,458,497,623,667
208,450,624,684,769
574,583,634,685,713
177
572
532
63,101,184,416,446,505,576,658,666,717,792,889
111,832
92
231,287,344,808,845
634
87,315,318,338,637,714,863
18,156,335,372,435,489,791
7,647
335,435,600
277
604
205
842
543
280
32,68,306,312,369,426,607
118
729
560
358
320,837
151
192,334,430
709
395
97
598
295,558
145,426,885
764
166,252
375,780
782
201
459
163,534
301,691
266
522
31,64,208,234,283,323,438,450,553,624,650,684
145,426,511,585
785
237
335,600
694
64,450,650,684
506,646
706
314,612,681
63,416,505,658
130,573
600
512
23,33,76,134,153,203,250,481,529,555,824,892
541,576
665
439
270,381,683,771
17
93,560,629
18,156,231,287,298,372,412,435,503,600,808,845
593
779
397,414,743
63
672
224
279
116
8,753
