394,583
689,749
113,775
9
12
241,888
107,173
549,550
21
20
870,952
191,291
25
26
29
30
406,863
469,637
35
152,189,552
466,744
40
145,769
572,679
66,131
93,744
136,883
45
209
7,233
50
51
96,366
700,838
752,792
55
30,46,54,81,88,110,124,130,147,153,172,234,235,248,255,270,287,353,356,370,375,400,424,435,444,459,490,530,538,565,622,636,644,663,687,699,712,725,732,736,749,772,803,806,816,817,842,879,884,885,910,919,930,942,955,968,971,972
607
137,878
59
229,563
61
157,975
67,672,913
298,371,512,676
770,898
72
128,502
74
31,49,446,931
298,371,482,512
310,468
241,249
447,590,871
963
60,349
93
365,853
119,371,512
168,321,593,783
792,929
99
100
102
89,423
218,282
42,280
66,779
5,101
34,456
107
274,348,756
112
113
107,148,893
114
103,220
264,302
115
690,942
315,883
298,812
606,852
605,720
422,874
127
777,912
66,154
1,132
131
133
35,876
135
136
8,451
377,952
27,529
144
183,784
180,666
167,497
147
149
150
154
181,241
51,144
700
158
161
192,571
163
165
166
252,835
140,470,496,661
167
618,846
28,155
337,364
177
467,553,604
486,791
401,717,970
90,801,934
206,545,830
183
185
477,488
192
195
196
197
214,532
238,266,412,766,857
202
290,561
133,282
164,165
210
211
213
214
216
218
36,68,71,162,278,324,387,390,543,557,580,616,627,634,658,659,693,789,820,824,858,897,901
405
228
10,13,15,79,80,85,129,146,169,186,250,284,292,314,318,334,347,389,398,403,417,425,430,431,432,449,454,475,499,505,521,540,548,554,581,597,623,638,645,647,671,677,688,692,706,721,723,764,796,826,828,845,855,862,891,940,948
230
66,844
477,758
214,708
274
237
240
713,730
283,653
107,245,810
242
243
533,716
246
952
247
188,450,487,650
244,296,754
252
282
426,783
241,701
586
829
263
33,351,825
265
653,849
268
269
271
270
736
274
280
204,765
854
135,282
137,937
220
297
299
300,792
293,667,716
625,904
522
303
116,170
306
231,613
465,573
308
201,516
227
316
315
106,108,603,741,975
321
308,972
303,460
191,399
670,941
164,749
411,561
201,419
330
251,469
336
233,584
339
30,165
45,396
267,289
174,942
352
354
461,631,695
355
253,792
838
697,724
37,151,205,279,301,345,362,384,437,438,443,528,742,787,841,917,950
727,902
951
62,317
588,610
325,639
364
73,91,105,236,295,313,338,380,508,515,608,778,821,859,906,958,976
366
369
174,273
107,501
288,822
195,536
887,889
978
306,888
381
460,818,916
382
383
531,738
258,329,734
386
92,107,120,121,217,259,404,414,428,440,489,511,535,585,611,620,668,784,813,889,914,923,932
45
48,125,179,207,309,346,364,476,534,615,710,773,802,961
221,635
524,872,941
691,850
40,681
61
503
405
14,16,141,156,190,256,494,685,748,797,839,959
613,902
214,228
415,514,759
107,222,388
107,212
419
298,371,512,812
420
718
94,460
422
207,272,366,582
364
427
19,463
282,673
436
439
214,587
626
447
357,713
448
282,643
24,184
453
455
75,452
477,928
67,836,865
198,441,682
462
539,555
509,973
76,225,367
407,818
2,847
117,167
468
281,410,771,869
471
472
469
473
480,969
483
262,537,915
38,753,776
491
492
312,750,795
275,936
223,624
232,893
498
792,843
501
504
503
84,150
0,32,69,277,409,457,602,621,684,719,747,814,938,977
340,745
517,815
714,799
86,527,567
507
511
63,538,955
513
202,899
261,442,740
117,541
562,856
516
175,596,664
877
465,599
66,556
520
214
119,133
524
43,447,871
600,806
525
269,909
527
421,933
350,892
529
532
715
539
538
541
142,781
544
213,882
547
335,424
550
944
339,464
138,704
29,574,713
555
680,833
11,894
559
560
44,341
297,780
563
564
455,785
231,727
567
114
786
572
529,768
87,215,328,757,974
224,579
282,363
154,614
576
568,760
107,511,737
161,654
589
102,827
165,689
122,694,920
47,551
74,744
646,952
83,98,123,200,306,319,361,392,413,458,500,510,591,625,867,886,947
63
592
702,709
115,241
214,673
598
599
187,433
605
606
609
150,808
612
506,594
649,918
261,304
59,285
399,902
619
305,805
625
626
629
630
678,952
263,364
354,635
342,837,956
180,320
637
57,257,632
643
376,726,763
378,427,453
194,792
652
653
654
733,921
658
660
84,792
22,107,434
111,260,656
673
635,774
7,485
674
208,239,327,481,809,861,962
207,374,385,641
343
56
358,434
58,875
681
831,850
755
686
25,192
397,873
333,617
280,311
955
230,493
698
700
703
150,194
326,429
160,834,903
408
931,952
707
708
711
709
713
700,900
118,633,866
282,711
724
788,973
792,808
784,935
261,538
261,648
729
3,474,526,925
737
29,416,895
229,711
95,143,368,391,722,761
193,307,819
744
102,495
746
158,203
21,546
749
386,578
755
756
765
219,477
59,578
336,966
229,731
134,640
65,145
532,673
407,460,818
263,570
321,952
782
784
783
785
197,798
104,154
790
792
793
800
588,652
798
804
331,501,696
924
806
52,705
575,669
48,126
294
171,322,395,655,751,953
533,716,860
4,11
107,137,360
298,371,512,762
823
373,568,760
790
379
198,601,735
176,945
82,868
838
185,518,630
53,203
840
468,484
117,330
231,399
381,745
847
848
849
17,34
150,929
852
332,393,907
77,415,514,794
399,478
276,675
860
864
662,743
870
872
6,832
78,890
199
876
23,613
64,416,926
418,665
882
883
212,308
117,297
890
180,728
889
372,445,566,628,642,927,954
247,498,609
895
905,952
898
651,850
899
59,614
97,386,823
70,159
605,739
908
909
686,949
911
254,613
922
765,883
577,811,946
39,286,344,807
18,150
931
41,109,182,226,359,402,479,558,569,880,965
935
463,864
936,957
18,792
520,827
55,323
523,832,881
939
941
491,657
942
943
575,595
283,888
952
960
142,519
198,890,896
964
513
139,542
967
555,660
767
178,851
683,700
