536,2,-1.0
170,88,1.0
527,158,1.0
192,97,1.0
478,262,1.0
236,132,-1.0
486,130,-1.0
4,37,-1.0
224,215,-1.0
229,202,1.0
473,47,1.0
356,292,-1.0
32,159,1.0
75,136,-1.0
610,50,1.0
344,105,1.0
435,192,-1.0
620,190,-1.0
478,158,-1.0
587,179,1.0
567,280,-1.0
437,300,-1.0
223,135,1.0
38,31,-1.0
103,38,1.0
612,12,1.0
22,133,1.0
447,94,1.0
360,171,1.0
186,44,1.0
152,296,1.0
154,262,1.0
320,291,1.0
204,227,-1.0
342,10,1.0
236,222,-1.0
264,37,-1.0
103,58,1.0
129,87,-1.0
34,310,1.0
472,271,1.0
373,90,1.0
18,154,-1.0
405,311,1.0
522,305,-1.0
212,48,-1.0
621,194,-1.0
416,95,1.0
515,19,1.0
496,298,1.0
21,56,1.0
90,63,-1.0
171,219,-1.0
14,251,1.0
272,260,-1.0
257,94,-1.0
70,290,-1.0
478,201,-1.0
64,85,-1.0
177,177,-1.0
17,170,-1.0
374,97,1.0
284,236,1.0
454,273,-1.0
127,297,-1.0
465,24,1.0
179,99,-1.0
177,307,-1.0
409,137,1.0
96,199,-1.0
430,25,1.0
537,196,-1.0
82,261,1.0
189,238,-1.0
55,23,-1.0
193,143,-1.0
481,100,-1.0
522,265,-1.0
130,292,-1.0
283,86,1.0
468,26,1.0
622,19,-1.0
607,20,-1.0
373,225,1.0
21,310,1.0
558,73,1.0
168,213,1.0
500,171,-1.0
184,13,-1.0
296,200,-1.0
584,98,-1.0
373,230,1.0
177,258,-1.0
290,14,-1.0
342,277,-1.0
479,110,1.0
78,311,-1.0
177,74,-1.0
125,123,1.0
622,145,-1.0
89,1,-1.0
602,201,1.0
495,144,-1.0
380,249,1.0
86,53,1.0
543,57,1.0
385,70,-1.0
167,229,-1.0
31,127,-1.0
423,236,-1.0
630,301,-1.0
508,155,-1.0
112,11,-1.0
621,142,-1.0
555,69,-1.0
544,77,-1.0
503,245,-1.0
355,209,-1.0
541,140,-1.0
377,54,-1.0
532,77,1.0
541,66,-1.0
517,68,-1.0
100,226,1.0
98,207,1.0
216,27,-1.0
142,296,-1.0
157,138,1.0
512,139,1.0
50,19,1.0
61,282,1.0
121,286,-1.0
26,96,1.0
81,120,-1.0
183,270,-1.0
478,71,-1.0
151,149,-1.0
381,156,-1.0
116,226,-1.0
29,315,-1.0
173,222,-1.0
63,66,-1.0
74,203,1.0
553,314,-1.0
614,166,-1.0
131,71,1.0
46,79,1.0
345,120,1.0
409,164,-1.0
65,13,1.0
206,221,-1.0
103,22,1.0
398,104,1.0
604,50,-1.0
267,271,-1.0
142,299,-1.0
142,86,-1.0
38,49,1.0
142,209,-1.0
325,216,-1.0
70,274,-1.0
295,23,-1.0
112,12,-1.0
431,291,1.0
522,314,-1.0
489,295,-1.0
386,77,-1.0
241,169,-1.0
230,241,1.0
291,28,-1.0
373,83,1.0
579,79,1.0
341,287,1.0
311,234,1.0
253,84,-1.0
621,29,-1.0
334,168,1.0
416,184,1.0
373,81,1.0
103,254,1.0
177,111,-1.0
301,266,-1.0
14,152,-1.0
378,214,1.0
608,92,1.0
232,288,1.0
516,20,-1.0
208,112,1.0
110,183,1.0
523,126,-1.0
25,80,-1.0
268,18,-1.0
373,15,1.0
477,231,-1.0
522,172,-1.0
189,60,-1.0
22,182,-1.0
609,160,-1.0
613,235,1.0
570,210,-1.0
554,83,-1.0
419,314,1.0
35,12,-1.0
14,274,1.0
98,133,-1.0
271,303,1.0
158,107,-1.0
328,35,-1.0
288,118,1.0
308,308,1.0
620,41,-1.0
138,248,-1.0
365,114,-1.0
408,287,-1.0
557,189,-1.0
373,102,1.0
277,105,-1.0
231,51,1.0
177,126,-1.0
188,85,-1.0
576,293,1.0
282,65,-1.0
228,67,1.0
493,211,-1.0
112,316,-1.0
463,270,1.0
574,237,-1.0
68,204,-1.0
182,245,-1.0
14,167,-1.0
485,249,-1.0
351,156,-1.0
114,128,1.0
438,189,-1.0
30,260,-1.0
507,27,1.0
373,282,1.0
322,37,-1.0
84,247,1.0
68,99,1.0
176,189,1.0
27,42,-1.0
309,95,1.0
278,14,-1.0
221,245,-1.0
280,16,1.0
15,316,-1.0
373,277,1.0
388,59,1.0
118,151,-1.0
158,174,-1.0
185,181,-1.0
279,220,-1.0
66,268,-1.0
518,197,-1.0
571,18,1.0
416,180,1.0
24,1,1.0
390,214,1.0
373,10,1.0
316,160,1.0
194,173,-1.0
171,192,-1.0
5,294,1.0
566,92,-1.0
552,223,1.0
158,139,-1.0
177,4,-1.0
581,62,1.0
83,100,1.0
330,244,1.0
261,242,1.0
516,233,1.0
48,144,-1.0
451,232,1.0
569,64,-1.0
571,235,-1.0
40,177,-1.0
99,124,-1.0
43,46,-1.0
512,21,-1.0
621,47,-1.0
478,218,-1.0
209,172,-1.0
150,54,-1.0
111,97,1.0
504,109,-1.0
160,61,-1.0
336,78,1.0
134,178,-1.0
67,74,1.0
300,139,-1.0
25,101,1.0
239,31,1.0
362,89,-1.0
495,28,1.0
536,97,-1.0
50,225,-1.0
539,244,1.0
14,39,-1.0
399,280,-1.0
322,53,-1.0
306,17,-1.0
108,186,-1.0
209,36,1.0
70,175,-1.0
92,44,-1.0
6,45,-1.0
448,315,1.0
250,214,1.0
184,118,-1.0
620,181,1.0
426,29,1.0
139,99,1.0
526,7,-1.0
546,128,-1.0
222,151,1.0
259,193,-1.0
455,205,1.0
581,45,-1.0
260,93,-1.0
318,226,-1.0
346,64,-1.0
103,185,1.0
476,253,-1.0
21,55,-1.0
100,275,-1.0
165,107,-1.0
275,247,-1.0
474,125,1.0
456,56,1.0
379,197,1.0
177,90,-1.0
563,172,1.0
160,121,-1.0
102,214,-1.0
522,38,-1.0
14,175,1.0
542,283,1.0
185,138,-1.0
418,4,1.0
150,253,-1.0
264,53,-1.0
502,279,-1.0
403,282,-1.0
487,192,1.0
440,269,-1.0
522,58,-1.0
579,290,-1.0
457,129,-1.0
568,284,-1.0
219,316,1.0
586,167,1.0
177,200,-1.0
464,48,-1.0
348,164,1.0
420,258,-1.0
33,246,1.0
253,106,-1.0
471,122,-1.0
131,145,-1.0
312,24,-1.0
368,122,1.0
242,184,-1.0
291,197,-1.0
133,209,1.0
177,213,-1.0
560,261,-1.0
439,217,-1.0
548,297,1.0
417,102,1.0
95,267,1.0
177,230,-1.0
269,290,1.0
593,179,-1.0
373,74,1.0
81,169,-1.0
16,293,-1.0
254,176,1.0
442,91,-1.0
13,125,1.0
400,194,1.0
486,206,1.0
41,242,-1.0
53,280,1.0
617,151,-1.0
297,32,1.0
482,202,-1.0
129,302,-1.0
601,109,1.0
276,68,-1.0
590,168,-1.0
97,127,-1.0
522,185,-1.0
572,205,-1.0
364,114,-1.0
145,176,-1.0
519,7,1.0
419,56,-1.0
246,8,1.0
417,285,1.0
104,163,-1.0
404,231,1.0
390,289,1.0
141,34,-1.0
373,307,1.0
258,64,1.0
538,141,1.0
591,90,1.0
467,129,-1.0
357,32,-1.0
88,263,-1.0
51,111,-1.0
488,260,1.0
547,246,-1.0
497,148,-1.0
528,48,1.0
302,117,-1.0
421,35,1.0
410,100,-1.0
103,237,1.0
414,258,1.0
615,64,-1.0
480,201,-1.0
396,11,1.0
520,268,1.0
531,95,1.0
380,51,-1.0
309,180,1.0
63,298,-1.0
300,65,1.0
373,258,1.0
581,18,-1.0
540,84,-1.0
416,149,-1.0
559,254,-1.0
234,252,1.0
394,148,-1.0
20,117,1.0
467,246,-1.0
524,229,1.0
39,285,1.0
397,86,-1.0
547,67,-1.0
385,146,1.0
118,150,-1.0
270,178,-1.0
243,292,1.0
324,22,-1.0
255,42,1.0
501,165,1.0
190,49,1.0
375,43,-1.0
373,106,1.0
409,239,1.0
301,287,-1.0
200,290,1.0
184,63,-1.0
373,111,1.0
285,80,-1.0
309,56,1.0
522,22,-1.0
112,134,-1.0
534,116,-1.0
215,306,1.0
606,272,-1.0
184,44,-1.0
164,281,-1.0
238,159,-1.0
85,40,1.0
188,40,1.0
538,49,-1.0
14,135,-1.0
434,194,-1.0
516,207,-1.0
177,15,-1.0
424,71,1.0
87,74,-1.0
492,253,1.0
433,118,-1.0
577,34,-1.0
268,264,1.0
158,294,-1.0
601,131,-1.0
47,52,-1.0
628,146,-1.0
347,80,1.0
191,180,1.0
302,203,-1.0
248,21,1.0
530,164,-1.0
631,286,1.0
454,308,-1.0
203,53,-1.0
612,147,-1.0
307,306,-1.0
522,254,-1.0
112,75,1.0
431,191,-1.0
76,85,1.0
6,264,-1.0
413,58,-1.0
389,163,1.0
373,126,1.0
177,102,-1.0
362,34,1.0
103,182,1.0
62,260,-1.0
450,29,-1.0
582,8,-1.0
248,88,-1.0
622,289,-1.0
227,233,1.0
177,105,-1.0
561,286,-1.0
28,104,-1.0
478,152,-1.0
155,298,-1.0
415,252,-1.0
292,52,1.0
15,75,1.0
460,11,-1.0
582,130,1.0
499,89,1.0
180,141,-1.0
319,281,-1.0
151,249,-1.0
99,25,-1.0
52,107,1.0
171,206,-1.0
599,237,1.0
91,154,1.0
11,240,-1.0
539,19,-1.0
396,252,-1.0
184,59,-1.0
498,186,1.0
422,195,-1.0
383,266,-1.0
506,4,-1.0
177,277,-1.0
262,309,1.0
93,96,-1.0
69,170,1.0
333,228,-1.0
60,254,1.0
467,153,-1.0
621,179,-1.0
343,140,-1.0
469,38,-1.0
107,153,1.0
313,269,-1.0
621,284,-1.0
103,50,1.0
109,217,-1.0
402,46,1.0
19,259,-1.0
126,233,1.0
506,255,1.0
177,158,-1.0
253,165,-1.0
128,36,-1.0
500,6,-1.0
174,123,-1.0
110,248,1.0
407,235,-1.0
315,259,1.0
432,263,-1.0
116,203,1.0
391,255,-1.0
371,9,1.0
245,57,-1.0
3,81,1.0
578,227,-1.0
427,222,1.0
303,157,-1.0
605,47,-1.0
621,267,-1.0
564,43,-1.0
71,245,1.0
51,157,1.0
582,294,-1.0
35,147,1.0
231,161,-1.0
510,233,-1.0
611,140,1.0
23,187,1.0
549,278,1.0
370,32,-1.0
367,304,1.0
445,3,-1.0
458,279,1.0
298,301,1.0
384,187,-1.0
96,70,1.0
14,201,-1.0
298,92,-1.0
178,224,-1.0
33,278,-1.0
110,6,-1.0
162,26,-1.0
550,72,-1.0
511,76,-1.0
332,169,-1.0
425,297,-1.0
144,13,-1.0
600,260,1.0
139,257,1.0
389,90,-1.0
622,214,-1.0
353,211,-1.0
225,218,-1.0
339,116,-1.0
136,278,-1.0
195,112,-1.0
378,145,1.0
210,3,1.0
554,5,1.0
563,310,-1.0
599,95,-1.0
223,251,-1.0
574,240,1.0
256,216,1.0
39,255,-1.0
441,289,1.0
148,103,-1.0
500,250,-1.0
237,276,-1.0
277,132,1.0
487,102,-1.0
310,307,-1.0
147,256,-1.0
70,308,-1.0
452,187,-1.0
465,202,-1.0
592,195,-1.0
58,169,1.0
349,135,-1.0
275,260,1.0
113,72,1.0
573,154,-1.0
471,30,1.0
444,308,1.0
481,188,1.0
249,121,1.0
409,147,1.0
153,288,-1.0
249,61,1.0
373,177,1.0
444,243,-1.0
12,87,-1.0
582,190,1.0
106,127,1.0
103,265,1.0
175,230,-1.0
352,272,1.0
137,63,1.0
562,276,-1.0
17,191,1.0
193,195,1.0
179,257,-1.0
60,84,-1.0
491,0,1.0
110,134,-1.0
197,8,-1.0
373,200,1.0
393,217,1.0
1,250,1.0
309,291,1.0
456,55,-1.0
395,66,1.0
240,150,1.0
314,126,1.0
621,221,-1.0
373,213,1.0
302,275,1.0
123,173,-1.0
456,310,1.0
136,186,-1.0
370,91,-1.0
299,304,-1.0
331,219,-1.0
454,208,-1.0
74,223,-1.0
8,89,-1.0
201,157,-1.0
118,220,1.0
196,198,1.0
159,17,1.0
492,119,-1.0
308,208,1.0
583,98,-1.0
585,281,1.0
625,72,1.0
286,218,1.0
317,166,-1.0
211,6,1.0
309,233,1.0
376,60,1.0
390,145,1.0
250,145,1.0
495,117,-1.0
430,124,1.0
596,224,-1.0
124,174,-1.0
236,33,-1.0
309,161,1.0
462,184,1.0
251,211,1.0
589,110,-1.0
205,313,-1.0
207,79,-1.0
619,210,1.0
0,69,-1.0
77,198,-1.0
490,167,-1.0
184,188,-1.0
459,41,-1.0
470,231,-1.0
44,1,-1.0
305,15,-1.0
396,300,-1.0
340,297,-1.0
373,289,-1.0
592,84,1.0
559,185,-1.0
335,219,1.0
308,273,1.0
154,234,-1.0
578,109,-1.0
553,93,1.0
151,93,-1.0
7,114,1.0
624,45,1.0
134,162,-1.0
132,7,-1.0
198,265,-1.0
181,150,-1.0
515,289,1.0
122,37,1.0
175,81,-1.0
74,78,-1.0
618,230,1.0
44,225,1.0
580,238,1.0
436,38,1.0
289,52,-1.0
359,78,-1.0
235,59,-1.0
169,68,1.0
198,149,1.0
177,225,-1.0
598,73,1.0
533,143,-1.0
401,241,-1.0
485,20,1.0
70,167,1.0
60,185,1.0
199,266,1.0
533,303,-1.0
220,193,1.0
191,161,1.0
358,206,-1.0
354,146,-1.0
594,119,1.0
382,136,1.0
40,54,1.0
294,125,-1.0
410,119,-1.0
505,133,-1.0
372,196,1.0
126,207,-1.0
603,115,-1.0
521,283,-1.0
535,65,-1.0
615,3,-1.0
90,120,-1.0
496,5,-1.0
117,166,1.0
510,182,1.0
96,171,-1.0
167,128,-1.0
120,220,1.0
460,239,1.0
58,303,-1.0
27,193,-1.0
626,228,1.0
567,80,-1.0
219,75,-1.0
73,76,-1.0
438,138,-1.0
158,311,-1.0
63,106,1.0
177,81,-1.0
582,181,-1.0
323,309,-1.0
449,275,1.0
575,247,-1.0
94,204,1.0
260,55,1.0
632,129,1.0
103,314,1.0
578,96,-1.0
163,142,1.0
616,269,1.0
363,82,-1.0
536,40,1.0
156,295,1.0
309,310,1.0
143,305,1.0
217,33,-1.0
43,125,1.0
461,212,-1.0
244,98,1.0
509,263,1.0
522,73,-1.0
80,227,1.0
158,112,-1.0
522,237,-1.0
247,5,-1.0
115,198,-1.0
525,300,1.0
103,51,1.0
529,131,1.0
444,208,1.0
494,219,-1.0
622,72,-1.0
233,313,1.0
103,172,1.0
54,156,-1.0
191,56,1.0
74,238,-1.0
556,307,1.0
185,190,1.0
187,31,1.0
94,122,-1.0
366,104,-1.0
460,87,1.0
350,224,1.0
70,39,1.0
177,106,-1.0
81,143,1.0
177,83,-1.0
467,110,-1.0
105,174,1.0
396,239,-1.0
460,183,-1.0
409,248,1.0
99,173,1.0
522,182,-1.0
617,212,-1.0
607,161,1.0
495,101,-1.0
304,232,-1.0
565,2,1.0
390,135,1.0
201,162,1.0
476,188,-1.0
271,244,-1.0
412,281,-1.0
387,152,-1.0
79,212,1.0
167,305,1.0
70,273,-1.0
570,243,1.0
399,144,1.0
428,215,1.0
435,14,1.0
293,170,-1.0
287,201,-1.0
558,291,-1.0
218,304,-1.0
416,240,-1.0
373,4,1.0
444,273,1.0
343,15,1.0
461,82,1.0
535,88,1.0
10,284,1.0
184,16,-1.0
260,36,-1.0
307,291,1.0
369,152,1.0
146,312,1.0
338,162,-1.0
104,268,-1.0
265,180,-1.0
484,58,1.0
142,256,-1.0
138,134,1.0
172,234,-1.0
253,262,-1.0
612,137,-1.0
478,295,-1.0
37,205,-1.0
56,101,-1.0
386,210,-1.0
150,277,1.0
149,24,-1.0
514,221,1.0
373,105,1.0
87,113,1.0
119,33,1.0
508,177,1.0
166,306,-1.0
522,50,-1.0
513,60,-1.0
274,23,1.0
453,9,-1.0
243,14,-1.0
329,156,1.0
35,137,1.0
522,51,-1.0
101,301,-1.0
252,267,-1.0
213,178,1.0
301,69,1.0
466,28,1.0
417,163,-1.0
57,276,1.0
24,10,-1.0
411,261,-1.0
68,257,1.0
76,40,-1.0
623,199,1.0
483,220,1.0
608,108,-1.0
265,265,1.0
177,282,-1.0
281,302,1.0
123,130,-1.0
551,111,1.0
273,272,-1.0
588,155,-1.0
69,73,-1.0
135,168,-1.0
202,270,-1.0
307,191,-1.0
285,280,-1.0
226,62,-1.0
104,113,-1.0
536,30,-1.0
545,9,-1.0
59,159,-1.0
327,116,1.0
326,83,1.0
361,200,1.0
538,243,-1.0
373,158,1.0
2,76,1.0
177,10,-1.0
446,299,-1.0
475,296,-1.0
429,215,-1.0
72,148,1.0
595,148,1.0
45,155,1.0
321,48,-1.0
406,299,1.0
629,91,1.0
158,121,1.0
443,22,1.0
42,313,-1.0
161,2,1.0
263,312,-1.0
158,61,1.0
516,161,1.0
444,235,-1.0
266,256,1.0
392,0,-1.0
9,199,-1.0
279,108,1.0
140,141,1.0
460,250,-1.0
44,113,-1.0
591,285,-1.0
446,16,-1.0
36,103,1.0
529,213,-1.0
337,43,1.0
177,289,-1.0
391,165,-1.0
214,223,-1.0
49,115,1.0
627,27,-1.0
597,41,1.0
