301
119
211,327
90,163,328
48,301
9
124,165
507
12,403
229
76,146
38
427
448
405,497
48,379,419
27,32,97,118,127,129,149,202,224,239,240,243,246,254,261,265,298,319,356,357,358,366,446,454,471,519
361,426
144,414
372
413
328,490
223,451
62,128
31,93,184
137,399
107,167,276,283,373,470
251,309,530
296
516
302,313
233
522
199
77,481
256,387,536
218,233
155
166,354,465
49
327
197,395
19,153,213,383
452
386,449
63,103,104,526,528
299,420
59,171
513
258
434
48,379
120,275
126,448
122
136
475,477,537
1
54,278,400,474
98,163,389
326,369
333,440
400
344,509
111
48,196,301
168,496
309,509
201
215
419
163,205,389,509
432,438
30
163,508
49,467
18,390
92,188
48
4,466
122,126
325
95,416
394,415
25,292
64
110,146,290,412
228,242,343
179
310
289
217
227
422,458
163,450
7
42,267
322,411
331,351
247,460
494
33
280
393
321
151,456
48,196,379
69,355,485,492
222
256,280
472
420
372,521
83,190,517
447
132
204
146
375
267
435
25,36
68
489
273,480
22,507
256
359,509
74,114
5,66,108,316,409
410
163,464
453
253,364
94
112,175,281,510
311
131
438,461
340
67,91
417,438
382,394
102
488
117
315
203,243,257,266,330,442,457,503
176
163,223,389
536
396
70,346
50,76
29,186
44,481
52
53,256
274,536
460,523
165
274
379
133
137,216
46,69,345,424,453,522
481,512
34,221
163,389,397
48,196
293
193,231,335,486
514
65,438
0,154,392
80,145,227
74
5,66,108,182,409
226
316
88,465
499
89,260,363
163,304,389
268
170
333,354
530
484
36
403,507
51
48,301,419
207,438
138,147,234
163,517
332
48,196,419
77
142
106
137
28,219,362,430,436
80,433
15,499
376
150,478,531
56,82,238,337,380,439,498,524
46,64,244,345,402,453,522
294
360
48,215
134,267,437,534
361
382,385
143,404
192,308,501
4,181
237,418
122,165,499
12
73
263
6
37,132
218,327
168,398
47
342
55,288,429
5,66,108,148,409
46
48,131,196
473
61,225
196
345
79,220,262,272
336
46,244,345,453,522,535
445
431
123,146,183
279,481
315,425
211,233
125,248,365
46,64,159,244,345,453,522
163
14,126
16
85,492
207
17,73
80,145,227
156,329,349
115,146,232
61
426
81,305
35
109
46,105,244,345,453,522
28,362,430,436
23,121,502
214,509
46,345,532
403
339,364
26
148
81
221
10,156,349
391
191
69
187
80
45
24,165
339
40,130,140,164,169,287,324,413
162,307,338,479,482
99
