1
2
3
4
5
6
7
9,65,99,100,165,241,297,337,380,381,441,442,443,444,445,446,447,448,449,450,451,452,453,454,455,456,457,458,459,460,461,462,463,464,466,468,470,471,472,473,474,475,476,477,478,479,480,573
10
11
12
9,549
14
13,549
16
0,15,232,301,484,488
17
18
21,78,89,112,136,150,324,326,539,541,542,543,544,545,546,547,548,571,589,591,664
20
23,549
24
24,232,301,363,484,488
8,165,447,448,449,450,451,452,453,454,455,456,457,458,459,460,461,462,463,464,466,468,470,471,472,473,474,475,476,477,478,479,480
25,549
549,685
27,28
29
699,700,701,702,703,704,705,706,707,708,709,710,711,712,713,714,715,716,717,718,719,720
30
31
15,32,33,394,395,396,397,398,399,400,401,402,403,404,405,406,407,408,409,410,411,412,413,414,415,416,417,418,419,420,421,422,423,424,425,426,427,428,429,430,431,432,433,434,435,436,437,438,439,440
34
36
37
39,43
39,44
40
42
42
45
45
46
47
47
48
49
50
52
539,542,546,547,581,583,650,656
53,594
539,542,546,547,581,583,600,602,650,656
539,542,546,547,581,583,600,602,650,656
54
56,149,210,211,212,323
57,364
55,673
58
59
60
62
647,674
63,123,124,163,639
64
65
40,51,67
68
70
71
72
78
386,390,391,559,694,841
94,95,96,302
86,331
84
87
88
90,91,92,93,167,553,633
89,651
98
99
100
105
106,107,623
106,107,842
109
110
111
291,292
112,224
113,605
113,503
114,605
120,140,317
80,140,315
80,140,317
80,140,684
80,140,316
81,82,89,121,324,326
117
258,259,260,261,262,263,264,265,266,267,268,269,270,271,272,273,274,275,276,277,278,279
119
101,102,103
97,121
123
124
128,130
46,129
133
135
136
137
138
139
140
141
242,681
242,657
146
147
148
149
151
152
155
158
161
43,660
44,660
51,557
138,157,159,160,164
166
168
169
171
178
179
126,142,180,333
181
187
188
189
190
192
194
195
196
197
198
199
200
201
202
203
204
205
206
207
208
210
211
212
151,677
675,688
676,690
49,216,306,489,637,695
213,214,215
213,214,215
219
219,387
220
220,388
221
221,389
222
223
226
226,678
124,163,227,327
228
229
230
231
232
234,235,236,237,238,239,240
241
233,234,235,236,237,238,239,328
244
245
246
247
248
249
250
251
252
253
254
255
256
257
280
281
243,378
47,285,311
47,283,311
148,284
283,291,292,503
148,285
89,112,286
47,284,311
47,283,311,503
148,285,503
112,283
287,289
288,290
291
292
293
295
296
297
298
299
301
22,112,150,313,318,339
112,150,313,318,339,670
306
311
312,314
313,652
41,294,303,304,305,306,307,308,309,310,319,320,321,340,369,372,487,569
47,286,311
322
323
324
325
326
327
329
330
334
337
338
339
346,347,348
342
345
349
350
352
61,79,104,108,211,336,351,354,629
356
357
360
362
147,148,149,323,325,661,682
62,333,632
674,691
365,642
674,693
366,642
643,689
568,679,692
367,642
341,506,507,508,577,621,687
368
386,559,841
171,370
187,370
374
375
376
377
379
380
381
382
386,390,559,841
386,390,559,841
386,654
385,558
66,73,74,75,76,77,191,217,218,282
217,218
73,74,75,76,77,217,218
390
391
393
448
450
451
453
454
458
461
462
465
469
470
473
475
476
477
478
479
481
485
486
489
490
492,493,494
131,496,497,498,499,500,501
502
503
505,577,687
504,509,510
505,577,620
506
507
508
125,172,173,174,175,176,177,512
511,729
517
524
527
528
529
530
531
533
534
535,537
538
539
540
541
542
543
544
545
546
547
548
550
551
552
78,112,116,136,150,539,541,542,543,544,545,546,547,548,571,589,591,664,665,680
78,112,116,136,150,539,541,542,543,544,545,546,547,548,589,591,664,665,680
554
47,71,72,78,109,133,136,137,141,151,152,169,194,195,196,197,198,199,200,201,202,203,204,205,206,207,208,329,330,353,357,360,377,379,393,536,538,539,541,542,543,544,545,546,547,548,551,579,587,589,591,630,641,656
47,52,64,71,72,78,98,109,110,116,135,136,137,141,146,151,152,169,181,208,223,342,344,352,353,374,377,393,534,536,538,539,541,542,543,544,545,546,547,548,551,587,589,591,600,603,636,641,656,665,666
47,52,64,71,72,78,98,109,133,136,137,141,151,152,169,194,195,196,197,198,199,200,201,202,203,204,205,206,207,208,223,329,330,342,344,352,353,356,360,374,377,379,393,534,536,538,539,541,542,543,544,545,546,547,548,551,579,587,589,591,597,630,636,641,656
47,71,72,133,137,169,194,195,196,197,198,199,200,201,202,203,204,205,206,207,208,329,330,357,360,377,379,393,490,536,538,539,542,543,545,546,547,548,551,579,589,591,641,656
47,52,64,71,72,78,98,109,110,111,116,135,136,137,141,146,151,152,169,181,208,223,342,344,352,353,374,377,393,534,536,538,539,541,542,543,544,545,546,547,548,551,587,589,591,600,603,636,641,656,665,666
47,52,64,71,72,78,98,109,110,116,135,136,137,141,146,151,152,169,181,208,223,342,344,349,352,353,374,377,386,393,534,536,538,539,541,542,543,544,545,546,547,548,551,552,570,587,589,591,600,603,622,636,641,666,667
668,729
513,533,668
513,668
513,669
556
40,556
69,153,154,182,183,184,185,186
561
562,563,564,565,566,567
568
570
573
568,646,679
123,124,163,574,639
147,148,149,323,325,661,683
38,156,662,671,730
38,156,162,662,672,730
578,697
521,522,526,578,729
332,516,518,520,580,641,729
392,495,501,582,645,648,729
586,697
83,132,134,335,361,373,491,495,514,523,525,585,586,592
588,590
591
598,729
593,600
343,355,532,595,729
376,486,517,596,600,624
127,143,358,359,515,519,575,599,729
601,729
604,649
619
620
576,620
622
624
626
85,193,625,634,635
300,482,483
467,606,607,608,609,610,611,612,613,614,615,616,617,618
627,673
147,148,149,323,325,628,661
630
631
636
637
638
639
640
641
642
643
644
646
647
650
115,291,292
653
112,383
112,384,655
194,195,196,197,198,199,200,201,202,203,204,205,206,207,329,330,360,379,656
658
659
660
144,145,146
664
52,64,71,72,98,134,135,137,141,169,170,181,196,207,208,223,342,344,352,353,360,374,377,502,534,551,560,584,600,603,636,641,663
81,82,122,324,326
35,555
35,112,334
19,26,112,149,323,341,506,507,508,687
673
674
675
676
677
678
679
390,391
680
112,150,339,670
681
209,225,572
684
685
686
687
688
689
690
694
695
696
22,78,112,136,150,539,541,542,543,544,545,546,547,548,571,589,591,664
539,542,546,547,650,656,680
47,52,64,71,72,78,98,109,110,116,135,136,137,141,151,152,169,181,208,223,342,344,349,352,353,374,377,386,393,534,536,538,539,541,542,543,544,545,546,547,548,551,552,570,587,589,591,600,603,622,636,641,666,667,698
699
700
701
702
703
704
705
706
707
708
709
710
711
712
713
714
715
716
717
718
719
720
721
722
723
724
725,726
749,753,776,782,814,818,833,839
751,754,777,783,816,820,834,840
118,554
728
731
732
733
734
735
736
737
738
739
740
741
742,845
743
744
745,846
746
747
748
750
752
755,767
756,768
757
758
759
760
761,831
762,832
763,765,788
770
772
769,813
771,815
773
774
775
778,797,828
779,798,830
784,792
785,787,823
786,791,825
780,789
781,790
793,827
794,829
795
796
799
800
801
802
803
804
805
806
807
808
809
810
811
812
817
819
821
822
824
826
835
836
837
838
371,638,727
764,766,792
843
844
89,291,292,324,326,847
848
