278,132,-1.0
354,146,-1.0
90,7,-1.0
316,3,-1.0
192,50,-1.0
153,81,1.0
135,55,-1.0
13,57,1.0
285,99,-1.0
301,140,-1.0
128,154,-1.0
13,79,1.0
81,4,1.0
376,161,-1.0
402,5,-1.0
294,163,-1.0
301,81,-1.0
17,47,-1.0
302,117,1.0
38,163,-1.0
354,15,1.0
334,60,-1.0
421,29,1.0
411,87,1.0
60,55,1.0
454,31,1.0
370,123,1.0
102,66,1.0
264,112,-1.0
30,78,1.0
229,107,-1.0
52,125,-1.0
153,35,1.0
412,26,1.0
111,163,1.0
235,125,-1.0
226,87,1.0
167,0,-1.0
402,76,1.0
366,14,-1.0
243,144,1.0
166,25,-1.0
173,136,1.0
116,98,1.0
366,105,-1.0
378,93,1.0
447,11,-1.0
196,143,-1.0
286,76,-1.0
5,26,-1.0
75,138,-1.0
325,82,1.0
282,155,1.0
317,79,1.0
266,108,1.0
175,119,1.0
289,27,1.0
100,99,-1.0
414,163,-1.0
374,13,-1.0
280,49,-1.0
35,63,1.0
281,105,1.0
368,163,-1.0
8,106,1.0
0,113,-1.0
29,131,-1.0
196,101,-1.0
431,131,1.0
87,125,-1.0
160,15,1.0
288,21,-1.0
192,70,-1.0
248,146,-1.0
121,29,-1.0
158,163,-1.0
362,163,-1.0
60,118,1.0
226,48,1.0
301,57,-1.0
312,68,-1.0
274,125,-1.0
381,127,-1.0
193,57,1.0
205,111,-1.0
130,81,1.0
168,121,-1.0
207,2,-1.0
289,98,1.0
118,109,-1.0
246,6,1.0
311,16,-1.0
103,52,-1.0
28,54,1.0
324,163,-1.0
42,165,-1.0
407,21,-1.0
395,49,1.0
355,127,1.0
267,2,-1.0
307,50,-1.0
27,95,1.0
359,98,1.0
225,3,1.0
355,92,-1.0
199,117,-1.0
445,43,1.0
179,25,1.0
121,67,1.0
204,103,-1.0
205,128,-1.0
101,34,1.0
453,99,-1.0
58,74,1.0
91,108,-1.0
441,115,1.0
38,15,1.0
337,154,1.0
349,148,1.0
291,99,-1.0
267,61,-1.0
133,116,-1.0
5,15,1.0
94,36,1.0
310,83,1.0
331,21,1.0
85,140,1.0
165,43,-1.0
173,14,1.0
315,92,-1.0
47,44,1.0
456,75,-1.0
30,33,1.0
123,68,-1.0
77,159,1.0
309,163,-1.0
154,131,1.0
288,136,1.0
364,141,1.0
117,159,1.0
264,0,-1.0
396,158,1.0
359,27,1.0
113,113,1.0
50,63,1.0
443,14,1.0
120,147,1.0
293,89,-1.0
205,9,-1.0
84,103,-1.0
63,82,-1.0
373,133,-1.0
144,30,-1.0
208,104,1.0
95,115,-1.0
255,20,-1.0
133,141,1.0
416,26,-1.0
22,6,-1.0
232,59,1.0
247,60,1.0
136,15,1.0
310,66,-1.0
105,125,-1.0
163,68,1.0
144,156,-1.0
260,141,-1.0
292,35,1.0
335,94,-1.0
40,142,-1.0
114,111,-1.0
368,15,1.0
233,26,-1.0
2,21,-1.0
250,67,1.0
122,36,-1.0
18,56,-1.0
43,137,-1.0
297,163,-1.0
369,88,1.0
66,117,-1.0
286,1,1.0
406,113,1.0
98,122,1.0
308,34,-1.0
226,120,1.0
106,34,-1.0
320,124,1.0
271,91,1.0
408,122,-1.0
306,42,-1.0
350,163,-1.0
256,74,-1.0
250,29,-1.0
41,6,-1.0
262,28,1.0
56,91,-1.0
333,46,-1.0
383,80,-1.0
60,91,1.0
339,94,-1.0
437,81,1.0
46,163,-1.0
184,109,1.0
366,26,-1.0
290,81,1.0
127,163,-1.0
424,70,1.0
115,117,-1.0
108,6,-1.0
156,4,-1.0
336,126,-1.0
205,53,-1.0
84,71,-1.0
393,145,-1.0
343,163,-1.0
366,70,-1.0
353,160,1.0
230,46,1.0
299,54,1.0
164,123,-1.0
327,117,-1.0
31,81,1.0
292,150,-1.0
53,92,1.0
214,89,-1.0
283,151,-1.0
454,114,-1.0
305,78,1.0
423,79,1.0
239,28,-1.0
319,44,-1.0
120,85,1.0
68,143,1.0
264,132,1.0
2,3,1.0
113,65,-1.0
136,50,-1.0
373,100,-1.0
67,163,-1.0
152,2,1.0
334,112,1.0
60,103,1.0
194,97,-1.0
290,27,1.0
263,162,1.0
256,73,-1.0
78,147,-1.0
27,74,1.0
382,155,-1.0
315,134,1.0
139,38,1.0
132,125,-1.0
50,39,1.0
178,37,1.0
437,104,-1.0
245,118,1.0
254,133,1.0
64,101,1.0
329,50,1.0
385,89,1.0
320,119,-1.0
25,125,-1.0
290,98,1.0
336,159,-1.0
106,10,-1.0
43,19,1.0
137,3,1.0
84,52,-1.0
60,71,1.0
367,130,1.0
244,49,-1.0
142,61,-1.0
346,89,-1.0
406,65,-1.0
173,107,-1.0
304,89,1.0
247,85,-1.0
161,94,1.0
72,129,1.0
183,19,-1.0
164,138,1.0
323,72,-1.0
336,22,-1.0
431,126,1.0
159,100,1.0
429,12,-1.0
125,45,-1.0
301,98,-1.0
290,35,1.0
397,61,1.0
452,81,1.0
278,0,1.0
186,146,-1.0
358,79,-1.0
399,1,-1.0
196,118,-1.0
84,77,-1.0
209,125,-1.0
188,146,-1.0
78,113,-1.0
100,89,1.0
62,86,1.0
301,8,-1.0
387,64,1.0
79,95,1.0
180,125,-1.0
316,136,-1.0
301,27,-1.0
93,102,-1.0
389,89,1.0
106,87,-1.0
295,89,1.0
229,3,1.0
250,159,1.0
425,41,1.0
301,35,-1.0
53,162,-1.0
393,56,1.0
253,14,1.0
39,136,1.0
188,15,1.0
47,111,1.0
48,99,-1.0
448,125,-1.0
60,52,1.0
441,61,-1.0
335,84,1.0
84,164,-1.0
307,15,1.0
219,120,-1.0
275,6,-1.0
1,88,1.0
67,15,1.0
0,147,-1.0
125,22,1.0
217,73,-1.0
361,159,1.0
379,37,1.0
257,160,-1.0
292,98,-1.0
288,62,1.0
19,7,1.0
11,153,-1.0
119,5,1.0
120,65,1.0
336,45,-1.0
78,85,-1.0
251,82,1.0
436,13,1.0
363,50,-1.0
329,163,-1.0
438,56,-1.0
437,93,-1.0
10,154,-1.0
333,16,1.0
106,48,-1.0
26,66,1.0
231,163,-1.0
6,162,-1.0
27,73,1.0
408,17,1.0
304,163,-1.0
352,38,-1.0
268,106,-1.0
200,26,-1.0
178,157,-1.0
431,22,1.0
6,5,-1.0
172,67,-1.0
210,125,-1.0
371,153,-1.0
443,139,-1.0
401,128,1.0
226,18,1.0
431,45,1.0
86,88,1.0
71,39,1.0
452,35,1.0
228,31,-1.0
419,42,-1.0
446,11,-1.0
212,50,-1.0
145,72,-1.0
341,110,1.0
213,139,1.0
222,158,-1.0
60,164,1.0
347,42,1.0
84,51,-1.0
259,62,1.0
365,72,1.0
62,139,1.0
218,23,1.0
20,66,-1.0
63,150,1.0
441,10,-1.0
227,26,-1.0
207,18,-1.0
242,58,-1.0
366,78,-1.0
93,147,1.0
351,84,-1.0
109,78,-1.0
205,142,-1.0
98,84,-1.0
229,21,-1.0
384,106,1.0
83,32,1.0
21,155,1.0
240,40,1.0
17,113,1.0
356,135,1.0
362,146,-1.0
284,51,1.0
80,135,-1.0
92,117,-1.0
47,9,1.0
6,39,-1.0
155,128,-1.0
206,158,-1.0
256,133,-1.0
391,81,1.0
288,107,-1.0
403,2,-1.0
129,39,-1.0
151,50,-1.0
381,94,-1.0
326,116,-1.0
237,26,-1.0
354,163,-1.0
0,85,-1.0
253,107,-1.0
12,33,-1.0
84,28,-1.0
111,50,-1.0
2,62,1.0
234,26,-1.0
69,140,1.0
362,15,1.0
200,15,1.0
146,85,1.0
332,104,1.0
37,125,-1.0
130,35,1.0
351,54,1.0
403,61,-1.0
316,107,1.0
68,164,-1.0
57,20,1.0
375,106,-1.0
276,149,1.0
202,89,1.0
179,87,-1.0
323,10,1.0
426,141,1.0
420,6,-1.0
47,53,1.0
256,30,-1.0
69,57,-1.0
106,120,-1.0
157,88,1.0
240,54,-1.0
149,126,1.0
96,89,1.0
449,104,1.0
249,9,-1.0
330,99,-1.0
120,16,-1.0
218,90,-1.0
45,163,-1.0
82,78,-1.0
303,38,1.0
392,154,-1.0
345,114,-1.0
203,8,-1.0
171,59,-1.0
314,15,1.0
450,163,-1.0
160,163,-1.0
355,76,-1.0
6,145,-1.0
332,93,1.0
60,28,1.0
306,165,1.0
219,48,-1.0
230,125,-1.0
256,135,-1.0
237,15,1.0
290,8,1.0
255,81,-1.0
234,15,1.0
104,99,-1.0
226,23,1.0
140,75,1.0
272,137,1.0
204,55,1.0
198,43,1.0
88,37,-1.0
449,93,1.0
50,162,1.0
256,100,-1.0
27,156,1.0
300,69,-1.0
19,15,-1.0
277,93,-1.0
410,99,-1.0
377,117,-1.0
279,152,1.0
309,146,-1.0
73,99,1.0
432,99,-1.0
50,5,1.0
31,35,1.0
260,116,1.0
216,41,-1.0
89,15,-1.0
336,121,-1.0
40,53,-1.0
4,163,-1.0
49,125,-1.0
2,136,1.0
134,139,-1.0
309,15,1.0
21,89,-1.0
16,7,1.0
145,90,-1.0
437,35,1.0
265,33,1.0
27,135,1.0
222,58,1.0
424,24,-1.0
325,27,-1.0
436,40,-1.0
418,99,-1.0
205,117,-1.0
282,138,-1.0
182,53,1.0
383,157,1.0
442,125,-1.0
273,34,-1.0
415,11,1.0
229,136,1.0
147,42,-1.0
148,71,1.0
336,119,-1.0
358,97,1.0
127,125,1.0
27,30,1.0
97,36,-1.0
169,51,-1.0
241,163,-1.0
76,151,1.0
23,33,-1.0
27,100,1.0
91,18,1.0
78,163,-1.0
24,142,1.0
390,6,-1.0
255,8,1.0
428,25,-1.0
33,117,-1.0
230,146,-1.0
181,145,1.0
27,133,1.0
451,96,-1.0
248,88,1.0
50,145,1.0
441,23,-1.0
455,96,-1.0
82,75,1.0
297,15,1.0
14,24,-1.0
422,138,-1.0
360,17,-1.0
384,34,1.0
207,153,1.0
270,125,-1.0
142,42,-1.0
250,45,-1.0
388,90,1.0
150,24,1.0
167,69,1.0
342,32,-1.0
431,121,1.0
15,102,1.0
2,152,-1.0
205,44,-1.0
177,15,1.0
161,86,-1.0
238,20,-1.0
437,4,-1.0
60,77,1.0
59,52,1.0
404,126,-1.0
429,137,1.0
55,158,-1.0
224,163,-1.0
141,50,-1.0
191,88,-1.0
400,105,1.0
7,125,-1.0
211,144,-1.0
219,165,-1.0
70,159,-1.0
292,81,1.0
84,109,-1.0
226,10,1.0
372,123,-1.0
47,142,1.0
236,138,-1.0
413,45,1.0
110,99,-1.0
407,14,1.0
177,50,-1.0
112,110,-1.0
452,158,-1.0
387,83,-1.0
143,125,-1.0
253,21,-1.0
84,118,-1.0
3,159,-1.0
32,99,-1.0
281,110,-1.0
131,96,1.0
1,146,-1.0
419,2,-1.0
175,67,-1.0
106,18,-1.0
51,125,-1.0
340,117,-1.0
34,89,1.0
61,67,1.0
430,112,-1.0
349,152,-1.0
453,50,1.0
183,146,1.0
419,61,-1.0
322,19,-1.0
412,62,-1.0
205,149,-1.0
296,43,-1.0
60,101,1.0
314,26,-1.0
84,101,-1.0
256,156,-1.0
394,63,-1.0
151,89,1.0
124,15,1.0
44,149,-1.0
73,89,-1.0
84,144,-1.0
15,104,-1.0
279,107,-1.0
269,98,1.0
99,99,-1.0
252,97,-1.0
201,27,1.0
174,79,1.0
47,149,1.0
336,124,-1.0
427,160,-1.0
130,158,-1.0
126,64,-1.0
357,30,1.0
298,156,1.0
74,158,-1.0
60,51,1.0
431,119,1.0
398,73,1.0
288,3,1.0
144,74,-1.0
84,91,-1.0
302,157,-1.0
173,21,-1.0
102,78,1.0
269,27,1.0
109,75,1.0
176,129,-1.0
117,124,-1.0
84,54,-1.0
191,12,1.0
187,50,-1.0
430,69,-1.0
89,139,1.0
170,49,1.0
439,89,-1.0
348,121,1.0
440,132,1.0
221,9,1.0
60,109,1.0
405,120,1.0
326,80,1.0
428,59,-1.0
434,138,-1.0
417,17,-1.0
328,159,1.0
36,44,1.0
84,129,-1.0
198,154,1.0
255,35,-1.0
261,77,-1.0
313,37,1.0
107,84,-1.0
382,89,1.0
332,4,1.0
374,36,1.0
156,47,1.0
84,55,-1.0
197,124,1.0
407,148,-1.0
138,161,1.0
189,48,1.0
201,150,-1.0
435,97,-1.0
407,147,1.0
162,95,-1.0
336,29,-1.0
449,4,1.0
9,115,-1.0
4,99,1.0
444,164,1.0
142,2,-1.0
124,50,-1.0
256,95,-1.0
391,35,1.0
229,62,1.0
39,147,-1.0
223,128,1.0
220,103,1.0
60,54,1.0
60,129,1.0
106,23,-1.0
192,41,-1.0
60,144,1.0
409,71,-1.0
192,105,-1.0
400,70,1.0
386,77,1.0
433,153,-1.0
331,89,-1.0
259,14,-1.0
338,25,-1.0
65,58,-1.0
185,130,-1.0
318,134,-1.0
188,163,-1.0
287,7,1.0
431,29,1.0
54,38,-1.0
440,113,-1.0
258,15,1.0
366,66,-1.0
301,82,-1.0
253,136,1.0
6,63,-1.0
116,140,-1.0
311,54,1.0
215,160,1.0
175,22,-1.0
195,148,-1.0
344,50,-1.0
122,86,1.0
145,108,-1.0
336,131,-1.0
380,15,1.0
18,114,1.0
321,67,-1.0
264,60,1.0
190,111,1.0
