431,625
269,735
225,631
23,57,368,457,527,549,820
523,696
487,797
112,490
95,389
289,515
275
79,402
297,659
221,473
93,106,127,264,375,448,461,500,508,516,618,650,811,817
159
328,568,600,688,846
882
425
269,749
198
193,428,770,881
641,867
39,337
604,619
872
386,660
308
437,588
47,366,590,607,634,658,672
633
21,844
828
115,394
159,382
414,866
429
257,538
79,288
314,887
210,443
758
253,547,646
462
86,308,890
544
153,391
826
768,773
161,428,770,881
583,692
781
175,580,582,686
268,763
95
192,619
309
318
71,723
827,866
593
890
32,160
386,819
251,397
57
41
329
762
219,711
155,293
874
756
471,620
137
85,234,384
342
774
428,484,770,881
808
477,841
308,483
166,551
680
103,323
148
535,542
604
822,833
737
656,705
360
15,98,447
289,452
86,308
245,901
176,362
585,762
469,884
289
167,633
571,866
168,619
81
904
91,833
89,534
466,540
871
134,240,699
158,284,324,428,761,769,770,881
572,803
881
397,684
181,312
619
207
149,647
47,658,838
205
445
668,776
180,424
168
540,747
85,534,548
163
262,398,501,681
16,796
244,689
757
569
388,490
210
51
503
291,539
308,489
554
398
289,594
522
128,598
23
438,606
168,308
230,723
845
85,548
619,877
350
376,561
369,631,727
619
69
334
237,379,387,400,456,691,764,802,806
386,876
232,872
751
649
494
797
175
10,707,863
72,371
262,395,681,804
199
46,428,881
470,542
229,492
11
350,583
365
596,721
188
116,308
52,218,281
673
856
308,627
389
14,479
139,257
432,832
129,144,179,306
262,593,681
693,762
589,889
713
246,589
342,428,770,881
295
522
103,214
21,385,653
47,672,835
687
150,182,848
153
335
101,463
154,255,541
148,177
239,897
270,657
724
314,541
81,905
298,428,770,881
197,467,555,709
800
208,481
49
628
493,716
585
138,617
229,525
592
289,723
765
894
428,765,770,881
300,578
796,809
424,663
518,709
244,545
128,796
6,150,848
360,749
18,135,671
23,847
68
215,289
47
5,340
231,394
26,197
8
710
631
103,477,841
101
146,304,507
723
64,86,836,890
666
308,604
115,386
21
257,465
239,723
551
502
320
163
118
244,404
39,200
773
54,805
59,707
427
525,796
738,790
262,681,808
711
145,191
776
151,540
736
147,791
110,330
308,619
768,852
546,737
428,770,794,881
763
84,704
125,206
235,643
840
80,810
767
428
46
201,459
760
73,289
239,289
79,840
859
887
804
76,471
141,164
189,573,630,632,861
801,826
270
56,232
727
236,402
214
641
265,437
2
490
682
34,70,260,422,526,543,685,741,830,853,878,892
297
480
232
750
415,442
638,668
108,310
116
427
831,847
86,350,485,890
284,537,860
386
193
742
355
325
726
652
81
319
10,201
378,893
119,322
55,306
816
183,381
129,179
267,299
324
158,599,875
528
597
130,584
244,595
68,570
239
794
704
373,579
113,283
314
252,499
681
252,404
356,657
399
428,607,770,881
292
41,796
875
186,805
122,852
647
369
730,865
322
28,629,780
634
413,610
306
567,866
810
628
16
87
353
256,592
838
852
840
539
524
412,418
430
801,828
48
75,813
204,668
566
228,563,639
469
231,386
410,796
283,743
172,234,496
771
302
128
294
386,777
839
254,266
607
133
205,428,770,881
529,821
712,852
435
378,421
272
308,586
294,308
867
273,717
77,178,217
20,363
490,805
599
289,487
681,687,726,857
323
336,885
534
798,880
313
365,440
97,305,886
2,441
67
487,789
497,581
45
284,335,389,428,742,769,770,881,904
104
847
366
224
582
345,386
401,767
419
225
160,173
208,358
197,709
813
211
54,509
473,705
519,522,564
668
199,366,434,512,634
530
548
249,257
624
538
527
74,283
512
171,759
111,247,449,587,812,873
21,280
770
361,641
265
31,737
24,559
648,675
490,762
823
345,542
905
341,615
21,654
531,729
473,862
316,625
95,332,428
622,866
833
100,290
262,445,498
436,475
329,797
94
488
109,124,307,348,380,679,739,837
203,840
67,114
38
268
779
402
620,715
542
435,715
459
734
544,856
133,308
103
494,574
888
158
386,535
619,624
47,366,634,658,672,838
368
788
82,740
207,268
603,898
177
287,771
361
79
835
54,714
605,815
849
719,874
432
174,407,694
110,591
83
769
54
161
252,511
47,607,658
383,810
222,405
327,486,536
88,173,317
475
0,244
9,329
549
188,766,900
86,308,890
346,464,514,645
262
530,725
179
139,513
291
428,770,838,881
48,261,286,750
9,79
129
789
394
318,673
118,610
546
761
73,90,126,506
7,412
503,894
175,361,710
303,357
453
820
388
609,796
528,641
353
216,257
484
374
298
262,498,756
339,828
455
599,875,904
257,575
426
441
542,777
426,854
697,872
457
612
805
857
163,722
689,747
250,341,615,851
173,317,678
99,828
308
800,879
35,721
257,302
598,609
602,783
315,703
344,437
546
899
696
542,662
152
286
377,797
47,142,366,590,634,672
103,899
3,301,338,446,505,532
100,416
9
89,131,548
620
621,690
289,635
31
311,842
47,142
183,843
372,882
166
616,715
198,649,805
39,609
229,796
83,437
190,749
143,517
580
45,368,455,828
