33,143,215
0
33,89,143
0,44
132,146,150
14,18,32,50,56,64,74,91,130,141,149,176,181,193,197,218,244,249
58
208,250
23
29,31
10,20,35,45,68,92,122,138,147,183,199,220,225,235
34
37
69,208
33,143
28,36,54,55,70,93,115,136,161,168,169,198,206,210,232,234,243,252
46
116,224
56
95,212
61
0,110
91,154,221
94,212
99,174
121,146
78
79
80
33,143,186,246
82
3,131
84
106
94,166
15,29
96
25,39,40,63,88,97,98,144,156,157,173,192,217
83,156,184
99
100
102
104
65,104,164
108
110
204
29,222
30,43
7
119,135,163,191,239
127
17,59,189
131
112
5,8,11,26,41,47,52,60,66,67,71,101,109,111,114,117,120,123,126,128,134,140,142,145,152,165,172,177,178,187,194,195,202,205,214,216,226,240,242,251,253
72,179,245
2,24
139
21
148
77,228
150
209,228
155
159
16,113
33,143,162,186
170
171
73,129,185,203,241
6,12,230
175
180
153
13
158,228
124,180
188
190
56,62
107
200
42,223
103,228
24,81
207
57,179,245
208
211
90
9,27,48,53,75,76,85,105,125,133,151,196,201
213
38,42
22,137
227
4,19,118,219,233
229
87,180
1,65,104
231
236
237
51,247
238
49,167,182
247
248
250
86,160
