382
1872,2206
864
2551
440,788,2206
101,2002
1922,2240
1012
2447
1259
421,826
2134
241,330,337,410,551,686,694,815,1001,1193,1352,2228,2233,2359
1164,1791
1234
1923
118,1154
2272,2504
1949
54,184
1458,1611,1615,1890,2089
2321
746,795
934,1441
1349,1731
648
283,764,1754
1025
628,1032,1094
314
596
1229,2465
161,433,1553,2181,2496
2529
496,2396
752
1005
134
2463
280
283
771
1922
525
1564,1764
43,1878
1651
1670,1725
742,1495,1579,1963
41,217
1947,1960
2550
1910
728
1181,1437
2470
2174
424,1839
113
2289
289,1706
1373
162,198,336,620,922,982,1041,1049,1053,1313,1314,1366,1391,1407,1593,1645,1774,2471
1243,2333
254,1245,1915
697,879,1378
2489
1873
1293
345
2210
254,1597,1915
1413,2288
348,909,1969
2177
149
676,906,2057
72,899,980
1325,1525,1716,2022
293,2444
2220
1045
592
2246
2163,2245
2076
2514
1322,1364,1936,2386,2422
1647
765
553
410
804,1734
1534
1477
1617
630,1055,2128
1066,2163
286,2350
1758
936
152,726,867,1006
628,1032,1094
923,2075
436,1824
1618,1762
307
851,2096
1145
2505
694
1135
2261,2318
746
2224
108
1146
2490
2292
2024
354,421
1803
699
115,450,1327,1547,1863,2059,2066,2252
934,2444
135
2337
245,1158
2366
541,1397
387
711,1297
0,223,390,616,669,724,727,767,1108,1246,1512,1696,1823,1837,1909,2162,2437,2512
672
421,1840
863,1136
547,1461
2379
393
1155,2465
521
147
955
463,1209
554
1616
1001
956
1828
1902
511
181,2288
647,1107
81,934
1333
67
491,696
2250
269,350,595,900,1074,1138,1223,1307,1353,1476,1490,1643,1737,1865,2257,2307,2399,2434
1478
665,759,977,1057,1356,1473,1887,2417
2233
297
167
356
707
2074
2507
641
59,252,323,361,388,493,557,579,623,633,643,743,761,947,1114,1168,1176,1178,1203,1338,1423,1785,1786,1797,1834,1884,1952,1998,2172,2258,2280,2413,2510
1015
246,278,599,660,701,750,1128,1147,1162,1208,2313
1324,1833
2052
2542
2131
1088
332
86,904
47,1877
2344
259
485
98,363,716,718,792,882,1043,1339,1509,1513,1677,1773,2107,2114,2232,2276,2346,2436
621,1408,1809
1438
666,816,1007
1222,2401
152,1250
17,1826
1913
898,1853
150,2300,2358,2362
571
1186,2209
1424,1814
1506,2122
943
1882,2002
1778
2171
1164
1119,1607
334,849
89
1276,1331,1855,2040,2538
109
321
1298
591
1703
1733
758
2449
90
186,1270,1544
133,193,389,441,790,844,929,960,1462,1535,1687,2029,2213,2421
1416,1836
6,93,640,921,978,1268,1332,1667,1831,1860,2050,2281,2402,2433
723
690
870
1448
1132
2511
1372
199
1991
376,2279
1799
282,2155,2178
729
891,1170
1800
2318
2355
903,1746
1135,1523
1540,2360
803
2092
44
126,753,1468
1841
962,1854
840
2267
2043
1780
2380
536
949
185
928,1719
1014,1619
766,2135
552,589,968,1163,1273,1488
2021
628,1094,1627,2429
1899,2350,2423
992
274,662,1072
934,1334
896,1783
1728
2279
656
1491
1661
270,2350,2423
564
371
251,477,567,581,658,739,847,910,1029,1613,1724,1874,2006,2148,2217,2369,2384,2533
1078
726,2279
2216
1389
71
1044
234,2288,2411
538,748,1089,1269,1404,1735,2161
107
373
2247
1734
1051,1625
1662,1674
183
1501,1725
542,1224
2137
1077,1080
1516
2239
1016
2242
1953
1982,2335
1587,2475
572
1346,2465
344,1341,2331,2389
1970
111
934,1918
343
2228
1204
731
147,720
995,2288
75,507,565,622,946,1286,1318,1515,1832,1846,1850,1932,1995,2004,2130,2183,2495,2526
312
1466
163,200,317,545,600,715,782,908,1047,1071,1075,1198,1207,1745,2030,2046,2146,2187
474
1051,1304
322
2290
1235
979,1295
146
355,1046,2083
2093
63,121,287,1177,1179,1442,1450,1505,1940,2121,2303,2415
302,430,749,1856
85
1935
1144,2288
1461,2486
1804
279,765
159,405,467,751,775,916,1011,1117,1600,1707,1888,2007,2077
1222,1757
745
1958
1066
898,1592
2144
675,916,1011
875
655
265,1222
945
2164
143
1480
1056,2128
730,1599
217,1390
482,869,902,1308,2336
105
1261,1419
2,15,65,401,523,856,1410,1919,2101,2230,2251
11
1699
147,996
2272
110,1690
2190
421,951
23,97,145,611,783,971,1291,1392,1439,1752,1802,1816,2370
466,612
1741
400
663
692,2091,2268
480,2492
94
454,1367,2128,2206,2423
2063
39,73,78,122,136,187,208,210,250,341,351,414,422,502,530,606,678,717,735,785,813,828,926,1009,1020,1023,1085,1124,1139,1180,1187,1260,1278,1306,1342,1357,1370,1376,1406,1479,1493,1537,1539,1559,1639,1685,1779,1796,1920,1924,2005,2034,2099,2103,2108,2116,2127,2182,2185,2197,2214,2305,2419,2457,2487
2115
596,1767
661,1636
1599
857
49
776
1103,2283
1917
449
703
310,583,1976
1861
2349
974
1237,1866
979,1574
353
766,1334
421,1911
524
1489,2475
990
1722,1892,1986
2508
1946
934,1558
2359
983
2367
2504
1143
2328,2475
682,769,1393,2016,2098,2338,2405
604
1390,1585
291,295,709,867,2120
867,2448
266,508,1166,2142
948,1288,2286
9
1267,1317
64,1355,1915
303
216
1771
448
342
2157
1144
147,310
268
1445
1459,2271
1415
1812
92,1726
1993,2002
2364
1984
514,1010,2023
174,711
2025
2081
2400
254,1245,1597,1915,2011
315
14,19,48,69,104,128,137,190,267,425,431,435,438,522,578,580,609,636,639,650,779,931,940,950,952,988,1013,1160,1215,1248,1287,1309,1330,1347,1368,1377,1449,1517,1522,1532,1557,1560,1581,1654,1675,1711,1718,1740,1756,1838,1907,2009,2012,2014,2041,2070,2145,2294,2304,2306,2309,2326,2412,2509,2554
347,426
1174
1921
1738
1627
788,1028,1169
874
127,1070
1077
2451
1068
2123
1183
1742,1900
539
2206,2342
2404
499
126,2456
877
1673
339,981
455,1242
533,2404
1906
740,1271,1344,1345,1881,2430
1083
240
1767,2401
2047
1877
12
2020
934,1126
1680
496,1059
492
62,183,185,490,573,605,700,794,1060,1281,1316,1382,1842,1917,2056,2175,2275,2400,2536,2553
1973
2456
2122
2105
273
1628
391
1109
54,105
52,71
527
490
399,546,629,1214,1230,1274,1487,1700,1843,1851,1938,2000,2200,2219,2235,2395
1118
248,2465
1982
228
2454
379,2288
1486
885
1211
1351
2480
711
1420
68,480
2132
1880,2140
1691,2097
1709
1655
46
1237,1464
914,2008,2491
383
173,299,569,635,861,1284,1467,1876,2176,2248
127,513
903,1820
1545
1018,1690
2552
2062
699,803,1815,2247,2503
206,888
2532
26,1578
551
1470,1692
516
222
809
125,1383
2299
939
825
1782
936,1951
559,2349
795,1456
613,2010,2469
1292,2215
32
740,1094,1345,1881,2430
256
2015
2537
1928
1233
151
1,159,775,916,1011,1117,2007
2237
68,2058
965
531
372,497,829,887,1099,1266,1530,1575,1962,1964,2039,2068,2263,2368
1152
998
737,2327
207,305
100,1024,1807,2106,2372
284
560
308,326,1405,2196
188
102,1093,1483,2087
679
1719
469
1492,2448
2207
1125,1760
1277
812
453
1908
563,688
2249
2236
1992,2431,2499
597
708
562,857
1441
1954
436,1077
213,617
2275
240,898
1776
436,2037
2136
810,1399
886,1482,1571
1642
1184,1206
212
1399,1841
683
1281
434
722
1221
1064
1241
2524
677
254,563,1597,1915
815
50,2448
662,1072,2330
574
365,796
239,366,1200,1498,1715,2191,2353,2371
277,860
24
126,2134
1709,2047
1663
818
186,1270,1525,2022
254,1245,1597,1915
1154,2352
898
1590
420,1096
2398,2414
1165,2073
797
398
2378
1935
860
987
140
2423
165,937
481
2406
403
2261
848,2465
257
2241
1926
1953,2524
445
157,238,253,369,532,684,705,841,843,1425,1500,1566,1598,1669,1895,1903,2392,2473
232
601
1123,2278
1359,1582,1999
1798,2274
191
37,175,199,204,224,329,460,504,517,529,584,593,642,744,755,781,787,814,883,911,975,985,1017,1036,1062,1098,1225,1256,1258,1290,1296,1299,1485,1629,1721,1729,1765,1766,1886,1929,1990,2033,2199,2262,2296,2308,2341,2363,2365,2455
1228,2452
1156,1276,1331,1521,2040
1569
294
1137
2314
2498
346,1550
2266
1301
374
2426
4,1792
1514
1606
1148
1048
753
943,999
619
96,590,839,1794,2017,2485
2481
22
1067,1835
117,288,333,798,1129,1192,1234,1429,2159,2443
176
2026
227,1125
254,357,1411,1597,1603
117,288,333,1078,1129,1192,1429,2159,2443
84,706
1101,1621,1742
51
99,2325
898,2361
2049
2539
1720,2259
160,1130
170
61,66,70,114,142,196,220,318,331,335,378,478,487,577,594,598,671,702,738,774,820,855,862,935,941,953,986,1004,1030,1037,1111,1122,1142,1185,1263,1426,1472,1556,1576,1594,1755,1821,1859,2090,2227,2291,2293,2323,2340,2351,2375,2461,2515
2409
2465
725
1713
2391
279
730
918,976,2096
2482
28,970
734
1640,1750,2180
2548
1349
1348
226,768,1543,1810
131
138
112
368,1994
1748
184
1503
64
437
1541
1453
2158
628,1094,1627
2198
1294,1335
2170
1080
1763
2401
362
2078
194
370,2048
878
407,421
459,732
587
153
1161
386
12,804
740,1094,1345,1881,2430
556,1511,1604,1739,2124,2189
480,2543
242,928
1784
1848
229,621,1408
1697
215,913,1528,1634,1869
126,571,1468
849
1870
893
495
1961
1898
991
1402
896
760
180,218,408,412,588,827,972,1095,1374,1430,1531,1620,1622,1956,2169,2211,2343,2493
1889
385,628,1094
1224
82,95,377,402,443,602,625,1000,1386,1394,1471,1481,1527,1577,1751,1948,2064,2302
1212,2128
203,721
413,1066
439,549
695,2501,2540
704
1803,2163
1660
126,1780
2151
1777
808
338,2113
1369
1939
29,130,261,281,392,582,1253,1285,1323,1433,2377
1551
395
171,182,255,324,359,375,462,772,835,884,957,1084,1092,1171,1272,1310,1431,1529,1589,1635,1744,1795,1927,1974,2053,2065,2173,2201,2234,2376,2387,2445,2518
2139
296,784
1601,1897
1061
2002
456,1064,1507,1957,2285
60
18,732
2044
1340,1727
1320
213,617,1841
8,1546
1510
2362
349
760,1943
1432
1236
413,2245
1455,1564
1334
1540,2339
2031,2329
1110
92,2061
153,1847
515
1140,1540
2428
670,2094
221
1499,2188
298,570,821,824,1444,1965
225,320,427,942,1354,1400,1452,1542,1712,1732,1987,2208,2381,2450,2466,2468,2497,2544
501
566,1066
934,1141
488,1390
202
141,703
152,802
632,1833
788,1943,2350
818,1961
164,2428
1019
1941,2212
5,56,473,830,1127,1371,1552,1878,1894,2264,2382
698
1885,2245
1839
1966
907,2096
2045
357,1411
2143
1311
240,2288
561,2347
2100
1847
519
2345
817
189
1607
158
2494
119
822,2008,2491
254,1245,1588,1915,2245
131,232
2388
1227,2094
1031,2521
380,2459
349
475,1790
416
634
17,2072
2243
747
58,155,233,313,319,471,806,1038,1081,1189,1447,1770,2282
872
2499
756,1399
510,2205
87,260,2084,2223,2244,2484,2546
1931
1228,2038
1388
25,1875
2279,2410
1624
1618,1762,1926,1950,2179
201
22,424
1791
358,789
1808
1674
327
330
1901
64,254,1536,1915
1213
1280
150,1970,2300,2358
1842
713
272
1646,1686
687
1027
1475
1783,2494
285,1540
1115
2458
1193
2222
179
120
178
725,2057
766,1441
2483
1535,1684
461,2209
1688
116,1456,2499
1365
27,1418
1678
2288
480
881,1076
615,2439
1518
1694,2283
568,1727
91
865,1026,1570,2101,2141
2453
230
2167
512
1925
871,1329,1403,1434
62
714,2523
53,195,537,954,1121,1231,2160,2284
1190,1497
149,1822
1210,2097
1937
304
76,1723,2036
800
396,809
1993
1257
2065
1008
1060
1465,2206,2423
1701
1567
1380
164
2295
338
371,1077
1829
2527
1703,2525
2245
457
349,689,2479
2273
979,2118
1866,2519
452
52
858
2311
603
231
1091,2425,2479,2502
2031,2069
16,2132
770
1879
853
2221
2150
685
103
2477
1436,1440
1798,2274
2553
823,1538
979,1227
421,901
868
147,1054
889
2525
1822
7,340,397,681,1087,1149,1446,1596,1689,2476,2500
423
234,898
1662
2001
1533
1682
1630
1819,1980
271
1381
106
1280,1569,1914,2216
1167
219
859,860
1375
10,898
789,933
486
1069
2,15,65,401,523,856,1300,1623,1919,2101,2230
1337,1845
144,1249,2530
585,1126
1217
1035,1703
1979
1335
36,360,465,558,778,912,925,1469,1474,1519,1610,1641,1705,2095,2149,2166,2184,2517
962,2118
1094,1416,1627
867,1006
770,2019
1401
34,917
1019,1747
649
1844
292,466
550
1175,1295
2270
2475
1113
1807
236,237
1352
254,1536,1915
1989
963
1597
209
276,2279
1315
1090
21,40,919,1569,2522
1080,1172,2516
2082
657
479,2008,2491
1793
141,2164,2203
2541
803,1133
898,1144
181,898
1631
2032
232,1226
1232
2288,2314
798,979
1125,1759
1573,1877,2414
608
1683
801
27,2018
766,2071
2175
404
1549
166,1279
898,1396
30,264,432,528,614,1194,1252,1358,1602,1650,1868,1912,1971,2079
2352
26,1586
1125,1565
637,1040
631,1104
1647,2240
316
211
1035
892,918,2096
270,1028,1899,1943
2109
1815
2390
2407
2418
1644
2287
1218
214,2206
576,674
148
1015,1601,1862,1897
2385
1817
232,2490
429
2110,2206
244
1891
3,442,626,930,1739,1979,2189
811
1468
80
2125
838,1302,2297
254
2102
894
2394
337
1665
129
607
961,989
20,88,154,275,364,418,451,506,535,548,712,773,924,1153,1197,1244,1251,1283,1303,1319,1321,1328,1460,1583,1591,1632,1648,1659,1730,1813,1945,1985,2156,2168,2195,2256,2312,2315,2332,2357,2373,2383,2460,2506,2535
905,1242
103,1778,1828
57
235,1627
2403
1805
241
846,934
836
1871,2438
1335,1647
2265
2464
757
1159
217
2322
367,1202,1216,2035,2138,2356,2531
2218
564
934,2117
1412
188,1883
686
1048,1526,1942
762
419,2464
41,1022
1749
2054
21,381,417,1409,2194,2348,2467
