451,0,1.0
849,0,1.0
389,0,-1.0
910,1,1.0
1086,1,-1.0
568,1,-1.0
592,1,1.0
135,2,-1.0
657,2,-1.0
128,2,1.0
592,2,1.0
592,3,1.0
462,3,-1.0
1086,3,-1.0
1129,3,1.0
595,4,1.0
369,4,-1.0
243,4,-1.0
12,5,1.0
1136,5,1.0
187,5,1.0
534,5,-1.0
863,5,-1.0
911,6,-1.0
30,6,-1.0
373,6,1.0
12,7,1.0
972,7,1.0
959,7,-1.0
534,7,-1.0
448,7,1.0
655,8,1.0
275,8,1.0
184,8,-1.0
51,8,1.0
14,8,-1.0
974,8,1.0
893,8,1.0
758,8,1.0
39,8,1.0
1147,8,1.0
419,9,-1.0
994,9,1.0
421,9,-1.0
443,9,1.0
1019,10,-1.0
273,10,1.0
374,10,1.0
39,10,1.0
534,10,-1.0
14,10,-1.0
295,11,1.0
567,11,-1.0
534,11,-1.0
409,11,1.0
452,12,-1.0
501,12,1.0
616,13,-1.0
694,13,1.0
928,13,1.0
165,13,-1.0
412,13,-1.0
678,13,-1.0
464,13,1.0
14,14,-1.0
39,14,1.0
541,14,1.0
741,14,-1.0
273,14,1.0
32,15,1.0
534,15,-1.0
338,15,1.0
1149,15,-1.0
502,16,-1.0
665,16,-1.0
131,16,1.0
708,17,-1.0
753,17,1.0
312,18,-1.0
83,18,1.0
896,18,-1.0
1052,18,1.0
976,19,-1.0
808,19,1.0
942,19,1.0
1086,20,-1.0
81,20,-1.0
1007,20,1.0
592,20,1.0
1086,21,-1.0
592,21,1.0
943,21,-1.0
145,21,1.0
592,22,1.0
238,22,1.0
63,22,-1.0
813,22,-1.0
387,23,1.0
843,23,1.0
39,23,1.0
968,23,-1.0
1013,24,1.0
359,24,-1.0
1065,24,-1.0
185,24,1.0
89,25,1.0
982,25,-1.0
231,25,1.0
534,25,-1.0
52,26,-1.0
1086,26,-1.0
663,26,1.0
592,26,1.0
12,27,1.0
553,27,-1.0
1016,28,-1.0
1078,28,-1.0
343,28,1.0
848,29,1.0
551,29,-1.0
534,29,1.0
1048,30,1.0
489,30,-1.0
714,30,-1.0
222,30,1.0
273,31,1.0
14,31,-1.0
751,31,-1.0
149,31,1.0
526,32,-1.0
799,32,-1.0
192,32,1.0
713,32,-1.0
45,32,-1.0
754,33,1.0
582,33,-1.0
936,33,1.0
503,33,-1.0
249,33,1.0
449,33,-1.0
491,34,-1.0
3,34,1.0
1078,35,-1.0
319,35,-1.0
560,35,1.0
763,36,-1.0
143,36,1.0
405,36,-1.0
791,37,1.0
733,37,-1.0
849,37,1.0
560,38,1.0
319,38,-1.0
1078,38,-1.0
144,39,1.0
251,39,-1.0
807,40,1.0
903,40,-1.0
63,40,-1.0
592,40,1.0
592,41,1.0
214,41,1.0
1086,41,-1.0
240,41,-1.0
511,42,-1.0
968,42,1.0
722,42,-1.0
14,43,-1.0
1041,43,1.0
954,43,1.0
224,43,-1.0
1046,43,-1.0
748,43,1.0
430,44,-1.0
280,44,1.0
515,44,1.0
447,44,-1.0
86,45,1.0
200,45,1.0
1115,45,1.0
820,45,1.0
413,45,1.0
242,45,-1.0
319,46,-1.0
1016,46,1.0
1078,46,-1.0
853,47,1.0
952,47,1.0
259,47,-1.0
534,48,-1.0
270,48,1.0
1148,48,-1.0
218,48,1.0
116,49,1.0
547,49,-1.0
904,49,1.0
960,49,-1.0
534,50,-1.0
1021,50,-1.0
12,50,1.0
473,50,1.0
791,51,1.0
849,51,1.0
66,51,-1.0
548,52,-1.0
153,52,1.0
912,52,1.0
1076,52,-1.0
795,53,-1.0
685,53,1.0
531,54,1.0
1012,54,-1.0
534,54,-1.0
630,54,1.0
59,55,-1.0
592,55,1.0
1086,55,-1.0
604,55,1.0
186,56,-1.0
347,56,-1.0
1080,56,1.0
830,57,1.0
814,57,-1.0
956,57,-1.0
948,58,1.0
534,58,-1.0
737,58,-1.0
290,58,1.0
1041,59,1.0
114,59,-1.0
954,59,1.0
14,59,-1.0
345,59,1.0
164,59,-1.0
319,60,1.0
1078,60,-1.0
1037,60,-1.0
552,61,1.0
37,61,-1.0
142,61,1.0
1109,61,-1.0
995,62,-1.0
210,62,-1.0
962,62,1.0
1086,63,-1.0
592,63,1.0
592,63,-1.0
909,63,1.0
16,64,-1.0
430,64,-1.0
280,64,1.0
620,64,1.0
583,65,1.0
12,65,1.0
291,65,-1.0
736,66,1.0
154,66,1.0
661,66,-1.0
354,66,-1.0
444,67,-1.0
999,67,-1.0
1132,67,1.0
430,68,-1.0
431,68,1.0
744,68,-1.0
253,68,1.0
1107,69,-1.0
1041,69,1.0
667,69,-1.0
954,69,1.0
29,69,1.0
14,69,-1.0
619,70,-1.0
437,70,1.0
804,70,-1.0
117,71,-1.0
646,71,-1.0
1108,71,1.0
762,72,1.0
432,72,-1.0
762,72,-1.0
541,72,1.0
609,72,1.0
541,72,-1.0
403,72,-1.0
609,72,-1.0
403,72,1.0
432,72,1.0
704,73,-1.0
292,73,1.0
592,73,1.0
63,73,-1.0
792,74,-1.0
534,74,-1.0
1146,74,1.0
735,74,1.0
978,75,-1.0
592,75,1.0
1086,75,-1.0
809,75,1.0
961,76,-1.0
287,76,1.0
503,76,-1.0
249,76,1.0
847,76,-1.0
754,76,1.0
592,77,1.0
1086,77,-1.0
841,77,-1.0
235,77,1.0
413,78,-1.0
11,78,-1.0
614,78,1.0
848,79,-1.0
892,79,1.0
14,80,-1.0
1041,80,1.0
56,80,-1.0
954,80,1.0
212,80,1.0
246,80,-1.0
50,81,-1.0
1110,81,-1.0
269,81,1.0
633,81,-1.0
15,82,1.0
957,82,1.0
1104,82,-1.0
323,82,-1.0
1151,83,1.0
1114,83,-1.0
562,83,-1.0
439,84,1.0
1078,84,-1.0
371,84,-1.0
33,84,1.0
64,85,1.0
437,85,-1.0
768,85,1.0
1111,85,1.0
596,85,1.0
277,86,-1.0
970,86,-1.0
487,86,1.0
592,87,1.0
880,87,-1.0
1086,87,-1.0
138,87,1.0
154,88,1.0
938,88,1.0
1003,88,-1.0
160,88,-1.0
649,89,-1.0
522,89,-1.0
20,89,-1.0
1024,89,-1.0
1053,89,-1.0
1113,89,1.0
944,89,-1.0
1008,89,-1.0
554,90,-1.0
1086,90,-1.0
592,90,1.0
167,90,1.0
592,91,1.0
1086,91,-1.0
140,91,1.0
738,91,-1.0
0,92,-1.0
423,92,1.0
854,92,-1.0
250,92,1.0
932,93,1.0
313,93,-1.0
552,93,1.0
481,93,-1.0
707,94,1.0
24,94,-1.0
715,94,1.0
39,94,1.0
471,94,1.0
686,94,1.0
0,95,-1.0
314,95,-1.0
819,95,1.0
250,95,1.0
657,96,-1.0
783,96,1.0
1087,96,-1.0
592,96,1.0
93,97,-1.0
0,97,-1.0
668,97,1.0
249,98,1.0
754,98,1.0
27,98,-1.0
380,98,1.0
503,98,-1.0
305,98,-1.0
61,99,-1.0
991,99,1.0
175,99,1.0
360,99,-1.0
23,100,1.0
1041,100,1.0
912,100,-1.0
255,101,-1.0
390,101,1.0
398,101,1.0
332,101,-1.0
716,102,-1.0
220,102,1.0
268,102,1.0
549,102,-1.0
1033,103,1.0
831,103,-1.0
490,103,-1.0
26,104,1.0
304,104,-1.0
496,104,-1.0
40,104,-1.0
1098,105,1.0
899,105,-1.0
727,105,1.0
8,106,-1.0
1086,106,-1.0
592,106,1.0
757,106,1.0
391,107,-1.0
182,107,1.0
500,107,-1.0
734,107,1.0
1062,108,1.0
421,108,-1.0
621,108,-1.0
273,109,1.0
288,109,1.0
47,109,-1.0
14,109,-1.0
534,110,-1.0
684,110,-1.0
12,110,1.0
453,110,1.0
348,111,-1.0
700,111,1.0
375,111,1.0
14,112,-1.0
273,112,1.0
776,112,-1.0
824,112,1.0
800,113,-1.0
65,113,-1.0
73,113,-1.0
230,113,1.0
621,114,-1.0
921,114,1.0
1014,114,1.0
1068,114,-1.0
592,115,1.0
454,115,-1.0
1086,115,-1.0
780,115,1.0
833,116,-1.0
823,116,1.0
49,116,1.0
1156,116,-1.0
14,117,-1.0
1012,117,1.0
273,117,1.0
39,117,1.0
630,117,-1.0
531,117,-1.0
483,118,1.0
575,118,1.0
844,118,-1.0
478,118,-1.0
22,119,-1.0
113,119,1.0
537,119,1.0
593,119,-1.0
564,120,1.0
979,120,-1.0
158,120,1.0
132,120,-1.0
592,121,1.0
1086,121,-1.0
657,121,-1.0
930,121,1.0
422,122,-1.0
636,122,-1.0
356,122,1.0
331,123,-1.0
671,123,1.0
96,124,1.0
796,124,1.0
764,124,1.0
660,124,-1.0
1094,125,-1.0
497,125,1.0
93,125,-1.0
954,126,1.0
1049,126,-1.0
25,126,1.0
416,126,-1.0
725,127,-1.0
592,127,1.0
406,127,1.0
63,127,-1.0
1086,128,-1.0
466,128,-1.0
592,128,1.0
916,128,1.0
326,129,1.0
1086,129,-1.0
1100,129,-1.0
592,129,1.0
542,130,-1.0
697,130,1.0
913,130,1.0
1039,130,-1.0
564,131,1.0
979,131,-1.0
1126,131,-1.0
640,131,1.0
869,132,1.0
834,132,1.0
694,132,-1.0
361,132,-1.0
826,133,-1.0
1148,133,1.0
188,133,1.0
13,134,1.0
201,134,-1.0
884,134,-1.0
7,135,-1.0
12,135,-1.0
1117,135,1.0
891,136,1.0
717,136,-1.0
1045,136,-1.0
599,137,-1.0
694,137,1.0
637,137,1.0
928,137,1.0
678,137,-1.0
165,137,-1.0
616,137,-1.0
418,138,-1.0
1041,138,1.0
14,138,-1.0
594,138,1.0
954,138,1.0
109,138,-1.0
512,139,-1.0
622,139,1.0
474,139,-1.0
855,139,1.0
638,140,-1.0
234,140,-1.0
112,140,1.0
706,141,-1.0
662,141,1.0
592,141,1.0
1086,141,-1.0
424,142,1.0
488,142,-1.0
592,142,1.0
63,142,-1.0
1004,143,1.0
534,143,1.0
615,143,-1.0
396,143,-1.0
194,144,-1.0
534,144,-1.0
915,144,1.0
39,144,1.0
756,145,1.0
933,145,-1.0
1086,146,-1.0
852,146,-1.0
592,146,1.0
900,146,1.0
592,147,-1.0
1085,147,-1.0
1087,147,1.0
569,147,1.0
1052,148,1.0
861,148,1.0
703,148,-1.0
534,148,-1.0
250,149,1.0
183,149,1.0
0,149,-1.0
311,149,-1.0
845,150,-1.0
534,150,-1.0
1154,150,1.0
718,150,1.0
646,151,-1.0
710,151,-1.0
857,151,1.0
815,152,-1.0
739,152,1.0
39,152,1.0
682,152,1.0
25,153,-1.0
534,153,-1.0
115,153,1.0
751,153,1.0
677,154,-1.0
39,154,1.0
621,154,-1.0
337,154,1.0
682,154,1.0
1122,155,1.0
618,155,-1.0
1009,155,-1.0
878,155,1.0
939,155,1.0
1159,155,1.0
433,156,1.0
502,156,-1.0
1150,156,-1.0
100,157,-1.0
324,157,-1.0
535,157,1.0
774,158,-1.0
519,158,1.0
190,158,1.0
413,158,1.0
1025,159,-1.0
1139,159,1.0
88,159,-1.0
687,160,-1.0
382,160,-1.0
825,160,1.0
226,161,1.0
384,161,-1.0
399,161,1.0
1087,162,-1.0
278,162,-1.0
592,162,1.0
509,162,1.0
1037,163,-1.0
319,163,1.0
1078,163,-1.0
132,164,-1.0
0,164,-1.0
314,164,1.0
250,164,1.0
592,165,1.0
1086,165,-1.0
657,165,-1.0
930,165,1.0
592,166,1.0
816,166,1.0
334,166,-1.0
1086,166,-1.0
123,167,-1.0
127,167,-1.0
558,167,1.0
1116,167,-1.0
623,167,-1.0
1042,167,-1.0
1118,167,1.0
247,168,-1.0
983,168,-1.0
534,168,1.0
83,168,-1.0
937,168,-1.0
90,168,1.0
797,168,1.0
954,169,1.0
559,169,-1.0
293,169,1.0
1041,169,1.0
672,169,-1.0
14,169,-1.0
460,170,1.0
419,170,-1.0
994,170,1.0
572,170,-1.0
394,171,-1.0
754,171,1.0
252,171,1.0
35,171,-1.0
249,171,1.0
503,171,-1.0
445,172,-1.0
4,172,1.0
759,172,1.0
1071,173,-1.0
1058,173,1.0
492,173,1.0
650,173,1.0
470,173,1.0
775,174,1.0
971,174,-1.0
1013,174,1.0
359,174,-1.0
141,175,-1.0
388,175,-1.0
309,175,1.0
911,176,1.0
696,176,-1.0
1128,176,-1.0
723,177,1.0
546,177,-1.0
1125,177,-1.0
664,177,1.0
333,178,1.0
534,178,-1.0
342,178,-1.0
12,178,1.0
592,179,1.0
1079,179,1.0
434,179,-1.0
1086,179,-1.0
817,180,-1.0
989,180,-1.0
461,180,1.0
592,181,-1.0
569,181,1.0
680,181,-1.0
1086,181,1.0
264,182,1.0
349,182,-1.0
1156,182,1.0
1082,182,-1.0
397,182,-1.0
203,183,-1.0
530,183,1.0
1043,184,-1.0
254,184,-1.0
506,184,1.0
563,185,1.0
691,185,-1.0
647,185,1.0
724,186,1.0
588,186,-1.0
1025,186,-1.0
785,187,-1.0
1134,187,1.0
419,187,-1.0
9,187,1.0
692,188,1.0
1086,188,-1.0
592,188,1.0
1131,188,-1.0
940,189,1.0
75,189,-1.0
996,189,-1.0
132,190,-1.0
765,190,1.0
260,190,-1.0
250,190,1.0
28,191,1.0
387,191,-1.0
776,192,1.0
1140,192,-1.0
419,193,-1.0
570,193,1.0
698,193,-1.0
994,193,1.0
592,194,1.0
211,194,1.0
435,194,-1.0
63,194,-1.0
239,195,1.0
940,195,-1.0
0,196,-1.0
150,196,1.0
250,196,1.0
451,196,-1.0
652,197,1.0
762,197,1.0
784,197,1.0
762,197,-1.0
217,197,-1.0
1096,198,-1.0
457,198,1.0
711,198,-1.0
566,198,1.0
39,199,1.0
630,199,-1.0
273,199,1.0
612,199,1.0
14,199,-1.0
267,199,-1.0
742,200,-1.0
1118,200,-1.0
127,200,1.0
534,201,-1.0
372,201,-1.0
954,201,1.0
174,201,1.0
796,202,1.0
243,202,-1.0
584,202,-1.0
715,203,-1.0
1081,203,-1.0
19,203,1.0
565,204,1.0
1082,204,1.0
430,204,-1.0
934,204,-1.0
79,205,-1.0
181,205,1.0
534,205,-1.0
124,205,1.0
732,206,1.0
830,206,-1.0
745,207,1.0
243,207,-1.0
12,207,-1.0
42,208,1.0
1146,208,-1.0
88,208,-1.0
357,209,1.0
534,209,-1.0
402,209,1.0
17,209,-1.0
503,210,-1.0
249,210,1.0
754,210,1.0
482,210,-1.0
204,210,-1.0
597,210,1.0
457,211,1.0
294,211,-1.0
534,211,-1.0
39,211,1.0
50,212,-1.0
766,212,-1.0
98,212,1.0
949,213,1.0
1152,213,1.0
307,213,-1.0
429,214,1.0
947,214,-1.0
789,214,-1.0
413,215,1.0
485,215,1.0
1115,215,1.0
242,215,-1.0
945,215,1.0
363,216,1.0
166,216,-1.0
63,216,-1.0
592,216,1.0
577,217,-1.0
917,217,1.0
528,217,1.0
499,218,-1.0
85,218,1.0
1027,219,1.0
244,219,-1.0
682,219,1.0
990,220,-1.0
859,220,1.0
14,220,-1.0
273,220,1.0
555,221,1.0
80,221,-1.0
954,222,1.0
420,222,1.0
621,222,-1.0
824,222,-1.0
564,223,1.0
645,223,1.0
62,223,-1.0
979,223,-1.0
129,224,-1.0
856,224,1.0
64,224,-1.0
963,224,-1.0
707,225,-1.0
24,225,1.0
873,225,-1.0
448,226,-1.0
726,226,-1.0
291,226,1.0
438,227,1.0
602,227,1.0
1145,227,-1.0
303,227,-1.0
340,228,-1.0
282,228,1.0
313,228,-1.0
866,229,-1.0
189,229,1.0
430,229,-1.0
1082,229,1.0
871,230,-1.0
537,230,-1.0
923,230,-1.0
577,230,1.0
598,231,1.0
802,231,-1.0
362,231,1.0
1036,231,-1.0
561,232,-1.0
1138,232,1.0
625,232,-1.0
213,233,-1.0
592,233,1.0
135,233,-1.0
641,233,1.0
983,234,1.0
90,234,-1.0
459,234,-1.0
83,234,1.0
937,234,1.0
769,234,-1.0
315,234,1.0
1087,235,-1.0
53,235,1.0
626,235,-1.0
592,235,1.0
210,236,-1.0
1023,236,1.0
1091,236,-1.0
1086,237,-1.0
38,237,-1.0
592,237,1.0
858,237,1.0
14,238,-1.0
811,238,1.0
83,238,1.0
273,238,1.0
530,238,-1.0
168,239,1.0
592,239,1.0
1086,239,-1.0
1112,239,-1.0
195,240,-1.0
669,240,-1.0
1153,240,1.0
924,240,-1.0
0,241,-1.0
41,241,1.0
93,241,-1.0
510,242,1.0
918,242,-1.0
931,242,1.0
592,243,1.0
1086,243,-1.0
446,243,1.0
812,243,-1.0
67,244,-1.0
752,244,1.0
1133,244,1.0
317,245,-1.0
592,245,1.0
1086,245,-1.0
330,245,1.0
925,246,1.0
1158,246,-1.0
341,247,1.0
242,247,-1.0
413,247,1.0
1115,247,1.0
627,247,1.0
1142,247,1.0
912,248,1.0
581,248,-1.0
954,248,1.0
14,248,-1.0
12,248,-1.0
793,249,-1.0
592,249,1.0
1086,249,-1.0
540,249,1.0
284,250,1.0
471,250,-1.0
740,250,1.0
92,250,-1.0
894,251,1.0
713,251,-1.0
526,251,-1.0
45,251,-1.0
302,251,-1.0
973,252,-1.0
14,252,-1.0
141,252,1.0
273,252,1.0
50,253,-1.0
1102,253,-1.0
828,253,1.0
1157,253,-1.0
392,254,1.0
313,254,-1.0
542,254,1.0
346,254,-1.0
767,255,1.0
1030,255,-1.0
108,255,-1.0
600,256,1.0
592,256,1.0
850,256,-1.0
1086,256,-1.0
954,257,1.0
266,257,1.0
1041,257,1.0
721,257,-1.0
495,257,-1.0
14,257,-1.0
829,258,1.0
617,258,-1.0
755,258,-1.0
679,259,-1.0
377,259,-1.0
14,259,-1.0
954,259,1.0
1017,259,1.0
1041,259,1.0
879,260,1.0
274,260,-1.0
295,260,-1.0
754,261,1.0
249,261,1.0
503,261,-1.0
656,261,-1.0
1097,261,-1.0
436,261,1.0
1148,262,-1.0
218,262,1.0
1075,263,-1.0
534,263,-1.0
1148,263,1.0
919,263,1.0
580,264,1.0
376,264,-1.0
395,264,-1.0
365,265,1.0
771,265,-1.0
14,265,-1.0
68,265,1.0
273,265,1.0
39,265,1.0
527,266,1.0
1086,266,-1.0
592,266,1.0
980,266,-1.0
182,267,1.0
10,267,1.0
120,267,-1.0
500,267,-1.0
1145,268,-1.0
312,268,1.0
322,268,1.0
48,268,-1.0
560,269,1.0
1078,269,-1.0
319,269,-1.0
479,270,-1.0
458,270,1.0
413,270,-1.0
877,271,1.0
877,271,-1.0
1086,272,-1.0
592,272,1.0
865,272,-1.0
520,272,1.0
887,273,-1.0
1000,273,-1.0
286,273,1.0
63,274,-1.0
850,274,-1.0
130,274,1.0
592,274,1.0
1155,275,1.0
105,275,-1.0
1141,275,-1.0
791,276,-1.0
0,276,-1.0
389,276,1.0
250,276,1.0
954,277,-1.0
39,277,1.0
534,277,-1.0
413,278,1.0
69,278,1.0
1115,278,1.0
229,278,1.0
341,278,1.0
242,278,-1.0
480,279,-1.0
196,279,1.0
139,279,-1.0
845,280,-1.0
498,280,1.0
115,280,1.0
457,280,-1.0
271,281,-1.0
448,281,-1.0
959,281,1.0
339,282,1.0
425,282,-1.0
538,282,1.0
308,283,1.0
626,283,-1.0
1086,283,-1.0
592,283,1.0
1086,284,-1.0
281,284,-1.0
82,284,1.0
592,284,1.0
999,285,1.0
432,285,-1.0
621,285,-1.0
415,286,-1.0
666,286,1.0
417,287,-1.0
154,287,1.0
661,287,1.0
932,287,-1.0
413,288,-1.0
193,288,-1.0
750,288,1.0
1115,288,-1.0
467,289,-1.0
621,289,-1.0
586,289,1.0
1060,290,-1.0
1099,290,1.0
897,290,-1.0
250,290,1.0
534,291,-1.0
935,291,-1.0
1052,291,1.0
770,291,1.0
364,292,1.0
313,292,-1.0
552,292,1.0
400,292,-1.0
642,293,-1.0
683,293,-1.0
591,293,-1.0
368,293,-1.0
881,293,1.0
355,293,-1.0
810,294,-1.0
928,294,1.0
165,294,-1.0
428,294,1.0
678,294,-1.0
694,294,1.0
616,294,-1.0
722,295,1.0
258,295,-1.0
39,295,1.0
151,295,1.0
979,296,-1.0
157,296,-1.0
564,296,1.0
233,296,1.0
6,297,-1.0
534,297,-1.0
1146,297,1.0
1088,297,1.0
1032,298,-1.0
1148,298,1.0
534,298,-1.0
101,298,1.0
179,299,1.0
624,299,-1.0
470,299,-1.0
155,300,1.0
592,300,1.0
1086,300,-1.0
777,300,-1.0
675,301,-1.0
648,301,-1.0
883,301,1.0
695,302,-1.0
1101,302,-1.0
31,302,1.0
552,302,1.0
503,303,-1.0
489,303,1.0
578,303,-1.0
596,303,-1.0
249,303,1.0
754,303,1.0
592,304,1.0
1010,304,-1.0
950,304,1.0
63,304,-1.0
500,305,-1.0
120,305,-1.0
391,305,1.0
182,305,1.0
798,306,1.0
135,306,-1.0
334,306,-1.0
592,306,1.0
219,307,1.0
63,307,-1.0
180,307,-1.0
592,307,1.0
191,308,-1.0
92,308,1.0
284,308,-1.0
628,309,1.0
1031,309,1.0
870,309,-1.0
1143,309,-1.0
296,310,-1.0
603,310,-1.0
643,310,1.0
22,311,1.0
325,311,-1.0
113,311,-1.0
96,312,-1.0
958,312,-1.0
778,312,1.0
954,313,1.0
133,313,1.0
531,313,-1.0
712,313,-1.0
14,313,-1.0
1041,313,1.0
1054,314,1.0
104,314,-1.0
1059,315,-1.0
310,315,-1.0
47,315,1.0
605,316,1.0
97,316,1.0
860,316,-1.0
1111,316,1.0
278,317,-1.0
592,317,1.0
1086,317,-1.0
964,317,1.0
223,318,-1.0
1086,318,-1.0
1011,318,1.0
592,318,1.0
316,319,-1.0
758,319,-1.0
1147,319,-1.0
747,319,1.0
420,320,-1.0
1104,320,1.0
1041,321,1.0
720,321,-1.0
773,321,1.0
14,321,-1.0
954,321,1.0
589,321,-1.0
571,322,-1.0
901,322,1.0
719,322,-1.0
264,322,1.0
191,323,-1.0
471,323,-1.0
740,323,1.0
1026,324,-1.0
250,324,1.0
761,324,1.0
260,324,-1.0
921,325,1.0
261,325,-1.0
621,325,-1.0
608,325,1.0
1111,326,1.0
169,326,1.0
717,326,1.0
821,326,1.0
693,326,1.0
414,326,-1.0
475,327,-1.0
430,327,-1.0
34,327,1.0
431,327,1.0
911,328,-1.0
728,328,-1.0
468,328,1.0
392,329,1.0
313,329,-1.0
147,329,1.0
913,329,-1.0
505,330,-1.0
216,330,-1.0
977,330,1.0
1057,331,-1.0
512,331,1.0
474,331,-1.0
54,332,1.0
350,332,-1.0
440,332,-1.0
999,333,1.0
279,333,-1.0
621,333,-1.0
87,333,1.0
921,333,1.0
634,334,1.0
709,334,-1.0
592,335,1.0
52,335,-1.0
135,335,-1.0
1034,335,1.0
476,336,1.0
852,336,-1.0
63,336,-1.0
592,336,1.0
1130,337,1.0
148,337,-1.0
199,337,-1.0
984,337,-1.0
50,338,1.0
827,338,1.0
902,338,-1.0
525,339,1.0
1044,339,1.0
146,339,1.0
110,339,1.0
1123,339,1.0
91,339,1.0
161,339,1.0
306,339,1.0
606,339,1.0
888,339,-1.0
787,340,-1.0
862,340,-1.0
965,340,1.0
529,340,-1.0
904,341,1.0
272,341,1.0
311,341,-1.0
547,341,-1.0
457,342,-1.0
921,342,1.0
321,342,1.0
551,342,-1.0
652,343,-1.0
1063,343,-1.0
1028,343,-1.0
258,343,1.0
1087,344,-1.0
592,344,1.0
985,344,1.0
223,344,-1.0
1001,345,1.0
250,345,1.0
1099,345,-1.0
55,345,-1.0
12,346,1.0
701,346,-1.0
1092,346,1.0
534,346,-1.0
327,347,-1.0
629,347,1.0
103,348,-1.0
1061,348,1.0
940,348,-1.0
1055,349,-1.0
587,349,-1.0
664,349,1.0
427,349,1.0
788,350,-1.0
754,350,1.0
119,350,-1.0
503,350,-1.0
249,350,1.0
1077,350,1.0
1051,351,-1.0
14,351,-1.0
227,351,1.0
954,351,1.0
651,351,-1.0
1041,351,1.0
618,352,1.0
410,352,1.0
215,352,-1.0
14,352,-1.0
74,352,1.0
514,352,1.0
65,352,1.0
273,352,1.0
687,352,1.0
534,353,-1.0
794,353,1.0
109,353,1.0
927,353,-1.0
39,354,1.0
859,354,-1.0
388,354,1.0
827,355,1.0
922,355,-1.0
172,355,-1.0
1041,355,1.0
14,355,-1.0
954,355,1.0
1086,356,-1.0
592,356,1.0
488,356,-1.0
729,356,1.0
366,357,-1.0
393,357,1.0
1040,357,-1.0
1137,358,-1.0
592,358,1.0
746,358,1.0
1086,358,-1.0
1148,359,1.0
607,359,-1.0
534,359,-1.0
409,359,1.0
1119,360,-1.0
1048,360,-1.0
835,360,-1.0
681,360,1.0
840,360,-1.0
484,361,1.0
564,361,-1.0
979,361,1.0
118,361,-1.0
70,362,1.0
908,362,-1.0
257,362,1.0
777,363,-1.0
155,363,1.0
592,363,1.0
1086,363,-1.0
1072,364,-1.0
18,364,1.0
1002,364,1.0
832,365,-1.0
111,365,-1.0
237,365,1.0
249,366,1.0
992,366,-1.0
988,366,1.0
754,366,1.0
503,366,-1.0
125,366,-1.0
102,367,1.0
1062,367,-1.0
843,367,1.0
511,367,-1.0
28,367,-1.0
39,367,1.0
328,367,1.0
1106,368,-1.0
754,368,1.0
494,368,-1.0
503,368,-1.0
249,368,1.0
585,368,1.0
205,369,1.0
1086,369,-1.0
654,369,-1.0
592,369,1.0
558,370,-1.0
705,370,-1.0
285,370,1.0
754,371,1.0
503,371,-1.0
249,371,1.0
966,371,-1.0
241,371,-1.0
951,371,1.0
551,372,-1.0
335,372,1.0
731,372,-1.0
921,372,1.0
715,373,-1.0
351,373,1.0
486,373,-1.0
19,373,1.0
1047,374,1.0
953,374,-1.0
631,374,1.0
430,375,-1.0
280,375,1.0
236,375,1.0
516,375,-1.0
170,376,-1.0
975,376,1.0
529,376,-1.0
539,376,-1.0
1151,376,-1.0
14,377,-1.0
806,377,-1.0
12,377,-1.0
954,377,1.0
390,377,1.0
249,378,-1.0
1111,378,1.0
1064,378,-1.0
467,379,-1.0
162,379,1.0
994,379,1.0
419,379,-1.0
664,380,1.0
948,380,-1.0
517,380,-1.0
846,380,1.0
592,381,1.0
955,381,-1.0
1035,381,1.0
1086,381,-1.0
534,382,-1.0
221,382,1.0
504,382,1.0
550,382,-1.0
31,383,-1.0
1058,383,1.0
139,383,1.0
853,384,-1.0
367,384,-1.0
902,384,1.0
142,385,-1.0
1109,385,-1.0
1101,385,1.0
552,385,1.0
875,386,1.0
842,386,-1.0
592,386,1.0
1086,386,-1.0
467,387,-1.0
994,387,1.0
419,387,-1.0
1022,387,1.0
319,388,-1.0
343,388,1.0
1078,388,-1.0
78,389,1.0
39,389,1.0
658,389,1.0
613,389,1.0
230,389,-1.0
610,389,1.0
592,390,1.0
106,390,1.0
63,390,-1.0
842,390,-1.0
319,391,-1.0
1078,391,-1.0
560,391,1.0
885,392,-1.0
1015,392,1.0
534,392,-1.0
1146,392,1.0
1085,393,1.0
397,393,-1.0
545,393,1.0
920,393,-1.0
264,393,1.0
569,393,-1.0
263,394,1.0
759,394,-1.0
367,394,-1.0
1146,395,1.0
534,395,-1.0
986,395,-1.0
1029,395,1.0
534,396,-1.0
1105,396,1.0
410,396,-1.0
39,396,1.0
592,397,1.0
1087,397,-1.0
805,397,1.0
44,397,-1.0
274,398,1.0
228,398,-1.0
534,398,-1.0
1148,398,1.0
198,399,-1.0
534,399,-1.0
1148,399,1.0
5,399,1.0
592,400,1.0
1086,400,-1.0
513,400,-1.0
378,400,1.0
329,401,-1.0
136,401,1.0
1146,401,1.0
534,401,-1.0
419,402,-1.0
994,402,1.0
941,402,1.0
507,402,-1.0
14,403,-1.0
1041,403,1.0
954,403,1.0
401,403,1.0
699,403,-1.0
573,403,-1.0
860,404,1.0
71,404,-1.0
574,404,-1.0
796,405,-1.0
660,405,1.0
289,405,-1.0
1089,406,1.0
592,406,1.0
644,406,-1.0
1086,406,-1.0
876,407,-1.0
653,407,1.0
430,407,-1.0
280,407,1.0
289,408,1.0
12,408,-1.0
778,408,-1.0
369,409,-1.0
411,409,-1.0
872,409,1.0
319,410,-1.0
1016,410,1.0
1078,410,-1.0
836,411,-1.0
57,411,1.0
648,411,-1.0
493,412,-1.0
297,412,1.0
465,412,-1.0
997,413,1.0
163,413,1.0
781,413,-1.0
543,413,1.0
688,413,-1.0
405,414,1.0
690,414,1.0
673,414,-1.0
1127,414,-1.0
379,414,1.0
2,415,1.0
524,415,-1.0
1084,415,1.0
76,416,1.0
156,416,-1.0
1128,416,-1.0
743,416,-1.0
1107,417,1.0
890,417,-1.0
469,417,-1.0
225,417,1.0
760,418,-1.0
801,418,1.0
1102,418,-1.0
1070,419,-1.0
569,419,1.0
135,419,1.0
592,419,-1.0
1086,420,-1.0
779,420,1.0
592,420,1.0
94,420,-1.0
14,421,-1.0
273,421,1.0
39,421,1.0
927,421,1.0
109,421,-1.0
794,421,-1.0
981,422,1.0
420,422,1.0
370,422,-1.0
83,422,-1.0
892,422,-1.0
358,423,-1.0
430,423,-1.0
518,423,1.0
280,423,1.0
313,424,-1.0
340,424,1.0
392,424,1.0
147,424,-1.0
547,425,-1.0
352,425,1.0
904,425,1.0
60,425,-1.0
1122,426,-1.0
344,426,-1.0
687,426,-1.0
1059,426,1.0
864,427,-1.0
503,427,-1.0
895,427,1.0
249,427,1.0
46,427,-1.0
754,427,1.0
677,428,1.0
273,428,1.0
1069,428,-1.0
14,428,-1.0
209,429,1.0
1086,429,-1.0
592,429,1.0
176,429,-1.0
981,430,1.0
711,430,1.0
174,430,-1.0
370,430,-1.0
592,431,1.0
929,431,-1.0
1086,431,-1.0
1018,431,1.0
1157,432,-1.0
152,432,-1.0
455,432,-1.0
445,432,1.0
63,433,-1.0
450,433,1.0
1083,433,-1.0
592,433,1.0
1068,434,1.0
874,434,1.0
77,434,-1.0
39,434,1.0
946,434,1.0
1066,435,1.0
914,435,-1.0
646,435,-1.0
1086,436,-1.0
1074,436,1.0
381,436,-1.0
592,436,1.0
244,437,1.0
1005,437,-1.0
967,437,-1.0
313,438,1.0
321,438,-1.0
300,439,1.0
134,439,-1.0
1107,440,1.0
225,440,1.0
508,440,-1.0
890,440,-1.0
1078,441,-1.0
318,441,1.0
560,441,-1.0
1020,442,-1.0
265,442,-1.0
1050,442,1.0
477,443,-1.0
574,443,1.0
84,443,-1.0
1086,444,-1.0
929,444,-1.0
353,444,1.0
592,444,1.0
610,445,-1.0
77,445,-1.0
613,445,-1.0
73,445,1.0
1122,446,-1.0
215,446,1.0
878,446,-1.0
608,446,-1.0
14,447,-1.0
1124,447,-1.0
159,447,-1.0
245,447,1.0
1041,447,1.0
954,447,1.0
939,448,-1.0
184,448,1.0
758,448,-1.0
1147,448,-1.0
178,449,1.0
898,449,-1.0
463,450,1.0
786,450,-1.0
456,450,-1.0
1041,451,1.0
954,451,1.0
14,451,-1.0
1056,451,-1.0
579,451,1.0
267,451,-1.0
1006,452,1.0
419,452,-1.0
197,452,-1.0
994,452,1.0
1094,453,-1.0
93,453,-1.0
497,453,1.0
318,454,-1.0
998,454,1.0
1078,454,-1.0
1099,455,1.0
250,455,1.0
897,455,-1.0
1060,455,-1.0
802,456,-1.0
867,456,1.0
206,456,-1.0
598,456,1.0
1086,457,-1.0
689,457,-1.0
592,457,1.0
1073,457,1.0
702,458,-1.0
1086,458,-1.0
592,458,1.0
472,458,1.0
173,459,1.0
592,459,1.0
135,459,-1.0
865,459,-1.0
586,460,1.0
72,460,1.0
621,460,-1.0
1130,460,-1.0
843,460,-1.0
946,461,-1.0
77,461,1.0
1014,461,-1.0
874,461,-1.0
1121,462,1.0
137,462,-1.0
632,462,1.0
886,463,-1.0
58,463,1.0
534,463,-1.0
149,463,-1.0
39,463,1.0
14,464,-1.0
907,464,-1.0
954,464,1.0
803,464,1.0
635,464,-1.0
1041,464,1.0
611,465,-1.0
160,465,1.0
774,466,1.0
248,466,-1.0
413,466,-1.0
386,467,1.0
592,467,1.0
166,467,-1.0
1086,467,-1.0
426,468,-1.0
837,468,1.0
592,468,1.0
1086,468,-1.0
385,469,1.0
676,469,-1.0
1093,469,1.0
536,469,-1.0
178,470,1.0
898,470,-1.0
379,471,-1.0
21,471,1.0
926,471,1.0
95,472,1.0
63,472,-1.0
592,472,1.0
276,472,-1.0
532,473,-1.0
1067,473,1.0
592,473,1.0
1086,473,-1.0
534,474,-1.0
1148,474,1.0
404,474,-1.0
298,474,1.0
152,475,1.0
827,475,1.0
263,475,-1.0
551,476,-1.0
207,476,1.0
921,476,1.0
43,476,-1.0
592,477,1.0
126,477,1.0
135,477,-1.0
208,477,-1.0
601,478,-1.0
407,478,-1.0
171,478,-1.0
790,478,1.0
818,478,-1.0
556,478,-1.0
121,479,-1.0
336,479,1.0
97,479,-1.0
772,479,1.0
592,480,1.0
1086,480,-1.0
166,480,-1.0
386,480,1.0
177,481,1.0
1149,481,-1.0
534,481,-1.0
749,481,1.0
301,482,-1.0
356,482,-1.0
383,482,1.0
141,482,1.0
120,483,1.0
639,483,-1.0
872,484,-1.0
822,484,-1.0
590,484,1.0
339,484,1.0
967,485,1.0
993,485,-1.0
141,485,1.0
49,486,1.0
264,486,1.0
397,486,-1.0
1144,486,-1.0
1082,486,-1.0
851,487,-1.0
232,487,-1.0
202,487,1.0
107,488,-1.0
295,488,1.0
838,488,1.0
534,488,-1.0
50,489,-1.0
1,489,-1.0
633,489,-1.0
259,489,1.0
592,490,1.0
704,490,-1.0
441,490,1.0
1086,490,-1.0
442,491,-1.0
905,491,1.0
592,491,1.0
63,491,-1.0
969,492,1.0
1120,492,1.0
1078,492,-1.0
456,492,-1.0
413,493,-1.0
1115,493,-1.0
670,493,-1.0
242,493,1.0
534,494,-1.0
58,494,-1.0
39,494,1.0
1052,494,1.0
682,495,-1.0
1038,495,-1.0
320,495,1.0
256,495,1.0
90,496,1.0
83,496,-1.0
937,496,-1.0
769,496,1.0
983,496,-1.0
315,496,-1.0
459,496,1.0
262,497,1.0
1041,497,1.0
390,497,-1.0
674,498,-1.0
576,498,1.0
1086,498,-1.0
592,498,1.0
122,499,-1.0
940,499,-1.0
283,499,-1.0
1095,499,-1.0
557,499,-1.0
521,499,1.0
678,500,-1.0
616,500,-1.0
694,500,1.0
165,500,-1.0
730,500,1.0
928,500,1.0
544,500,-1.0
592,501,1.0
839,501,1.0
1086,501,-1.0
36,501,-1.0
25,502,-1.0
718,502,1.0
457,502,-1.0
868,502,1.0
782,503,1.0
39,503,1.0
99,503,-1.0
533,503,-1.0
300,504,-1.0
987,504,-1.0
624,504,1.0
659,505,-1.0
1135,505,1.0
906,505,1.0
889,505,1.0
954,506,1.0
922,506,-1.0
827,506,-1.0
1041,506,1.0
367,506,1.0
14,506,-1.0
408,507,-1.0
1090,507,-1.0
1103,507,1.0
882,508,-1.0
1041,508,1.0
299,508,-1.0
14,508,-1.0
523,508,1.0
954,508,1.0
