145,748
480,508
882
50,152,343,558,621
469
23,55
103
265,668
267
144
937
907,913
744,955
120,130,159,302,398,472,492,528,538,562,659,687,872,879
22,258,261,473,490
944
54,493
60,333,956
384
116,337
379,821
575,805
684
171
95,544
186,197
17
114,304,453
743
464,761
65,76,866
257,284,534
451
247,251,748
208,494,886
314,560
467,609
144,248,884
123,200
606,888
613
52,325
419,707
210,352
234,565
678,864
167
117
230,337
70,487
509
168,305
874,910
83,801
41
1,16,31,73,75,89,100,106,118,143,147,183,205,233,236,240,273,285,292,295,298,299,337,397,423,424,433,468,481,495,520,530,555,585,590,595,598,663,673,696,700,705,706,715,722,728,735,762,776,781,788,791,813,823,832,843,845,877,902,911,926,958
83,804
54,97
881
110
353,915
477,892
793
216,405
523,856
371
599,622
181,352
765,967
467,709
239
228,501
224,893
421,483
261,474,645,703
336
393,629,635,959
186,789
429,511,712
931
576,923
127
425
512,536
525
65
105
157,396
692
83
22,258,261,278,473,582
560,793
210,446
617
378
638
326,606
193
438
572
134,322,456,463,660,745,851,895,904
55,961
3,80,101,112,154,177,202,349,431,461,547,681,867,868,929,950,965
272,961
498,650
173
150
157
533
449,607
237
362,870
385
305
317
818
352
72,226,261,667
852,955
373,375,500,716,957
84,565
410,533
448,551
172,489
125,827
574
32,138,291,716,920
757
345
855
117,340,605,672
654
656,913
149,571
672
96,494,849
14
405,726
286,293,710,956
748
235,482,690
766
63,157,308
62,620,863
356,503
928
186,546
885
119,173
812
689
324,489
222,737
418,951
64
351,377
665,831
804,932
12
639
26,261,473,577,746
466
174,347,402,412,447,783,809
650
963
256,631
206,768,922
125,795
11,606
391,526,792
124
105,919
435,693
565,755
117,303,605
610
166,274
584
85,504,834
243,394
817
293,345,710,956
197,498
55,403
417
140,306,763,767,844
676
787
661
925
70,729,939
404
917
16
261,473
406
105,577,746
434
99,287,307,583
43,467
37,374
317
233
15,157,308
67
50,152,328,343,558
515
63
786
133,308
219,718
839,876
102,384,600,899
682,913
467,644
524,625
566,956
401,711
228,953
543
38,389,640,662,737,782
119,600
68,758
55,376
693
280
695
819
443,699
269,452,654
247,690
498,521
238
192,771
247,864
884
181,204
467,766
403,440
644
258,414
617
553
453
385,738,882
155,185,878
606,623
216,591
906
131,357,488
133,946
624
248
281
531,720,826
57,230
254
38,389,662,737,782,848
2
362,933
163,165
454
427,724
577,730
22,258,261,278,426,473
186,383
794
42
155,185,686
912
228,255
899
388
146,464
126
36,69,214,372,442,552,586,633,728
276,567,897
249
625,697
600
210,233
318,889,924
780
382,471
260
197
378,628,963
116
742
564,664,677
223,450
133,215
351,371,438
44,210
195
737,810
320
27,31,65,77,91,137,142,190,198,203,205,233,245,300,301,330,355,358,367,387,444,505,540,548,568,587,596,598,600,603,630,666,694,704,715,735,736,769,787,797,854,866,896,903,940
5,119
467,739
405
518,579
219
319
359
10,56,158,189,201,510,532,658,702,713,747,749,934,938
467,641
772
697
141
164
26,261,473,577
188
24,121,207,428,808
13,804
167,611
723,846
139,572
756
286
892
592
3,80,101,112,154,177,202,349,431,461,547,681,867,868,929,950,965
160,370,773,804
420,486
422
116,910
275
260,819
125,261,473,746,943
274,766
115
335,553,880,960
50
108,752
102
21
874,910
870
371,438,923
737
549,638
365
115,352
1,575
125,563
57,116
804
25
234
342,413
185,390,878
501
22,753
187,524
51
241,304,453
152
223
768
180,290
382,501
479,632
518,765
50,152,343,558,589
1,16,31,73,75,89,100,106,118,143,147,183,205,233,236,240,273,285,292,295,298,299,337,397,423,424,433,468,481,495,520,530,555,585,590,595,598,646,663,696,700,705,706,715,722,728,735,762,776,781,788,791,813,823,832,843,845,877,902,911,926,958
521
336,599,622
333
139,260
671,742
750
482
29
76,401,519,711
353,733
244
178
622,927
606,737
399
601
561,565
760,910
326,737
566
558
394
135,608,754,772
70,822
194,764
233,271,352,600,891,892
395
54,550
960
220,688,949
243
655,963
363
83,268,294,800
677
392,588,905,945
41,778
227,247
825
384,807
60
269
145
340
288
619
201,572
82
200,916
836,961
422,785
84
125,258,261,473,746
104,331,862
72,226,261,667
1,16,31,73,75,89,100,106,118,143,147,183,205,233,236,240,273,285,292,295,298,299,337,397,423,424,433,468,481,495,520,530,555,585,590,595,598,663,696,700,705,706,715,722,728,735,762,776,781,788,791,813,823,832,843,845,877,902,911,926,958
647,734
64,186
88,124,170,415,829
955
388,536
493
122,785
673
28,94,334,355,381,386,411,496,542,594,741,770,772,814,815,866,948
70,954
231
306,763,767,830,844
66
227,247,748
968
718
176,250,455,476
362,582,870
187,869
0,494,886
384,600
487,787
512,866
880
853
842
593,631,816
218
270,883
310,426
361,527,701
111,210
557
108
249,395
591
799
833
264,802
258,611
258,847
517
437
383
219,239,296,365,380,619,937
38,389,441,662,737,782
294
28,94,334,355,381,386,411,496,542,594,652,741,770,772,814,815,866,948
873
366
800
153
53,927
497
25,875
789
754
561
6,760
459,707
570,890
513
467,820
369,818
45,162,368
556
581
337
92,894
620
785,969
522,921
8,857
606,810
304,436,453
209
956
606
128,440
22,258,261,473,708
90,935
477
824
738
28,94,289,334,355,381,386,411,496,542,594,741,770,772,814,815,866,948
846
7,338,578
296
335
136
235
612
71
70,83
356,941
850
59,225,259,306,313,616
182
657
605
9,212,798,860,964
323,346,775
85,504,651,834
265
546
78,409,475,841
655
55,283
467,525
831
369
213
516,557
35,81,246,297,309,311,360
18,19,58,109,179,279,432,537,627,679,838,871,930,962
63,614,777
111
1,31,73,75,89,100,106,118,143,147,183,205,233,236,240,273,285,292,295,298,299,337,397,423,424,433,468,481,495,520,530,555,585,590,595,598,646,663,696,700,705,706,715,722,728,735,762,776,781,788,791,813,823,832,843,845,877,902,911,926,958
341,573
55,890
348,570
237,294
327,648
343
710
146,892
116,281
191,507,649
261,473,708
915
354,724
597,719
336,524
796
755
84,498
229
642,743
49,55
430
132,169,262,271,332,344,470,506,535,539,569,637,683,731,751,803,835
148,917
380
33,283
39
217,430
93,391,526
516
932
618
186,229
437,524
4,437,622
156
