1173
440,707
803
984,314,461,267,1407,1065,755,115,1564,1427,384,1201
804
1035,261,638
399
403
444,1269
702,477
401
0
404
805
1178
1241,974,1541,1150,1286,1517,620
999,713,335
406
242
807
1073,1553,358,904
1183
1184
1
771
808
1155,356
412
809
836,1070
1092,480,679
546
413
414,138
4
1185
1186
1187
5
655,1115,1513,364,365,658
415
1191
813
812
7
814
817
8
1193
416
10
1450,656
683,3,127,886,1134,1420,721,550,529,293,525,137,59,604,1388,863,1301,1018,958
819
821
802
1138,1546
419
1194
822
420
499,1154
823
422
423
12
13
1358,841,1051
1197
1199
1198
1489,86
824
17
729,1558
425
828
426
174,1125
429
1471,1534
430
431
1204
829
20
901
830
22
831
874,442,829
433
834
1206
835
1209
435
726
335,287,1260
1208
437
9
838
439
1210
839
29
840
1211
490
1213
441
1212
573,1020
443
1215
844
1216
847
57,1166
446
30
1408,1003
341,335,523
558
448
671,178,1110,484,114,899,1017,313,468,832,967,524
792,1136
1223,53
615,1519
450
333,94,969
451
452
850
1237,1345,750
454
35
452,1273,821,481
853
756,1200
36
455
456
457
854
459
1219
1521,750,511,860,1237
855
37
1220
994,1382
822,608
38
1300,689
856
39
40
41
1222
462
463
43
44
1224
465
1464
45
1140,820,1180,815,1089,1394,556
1064,434
469
1226
799,214,28
1227
470
46
914,485
210,372,880,786,1385,1049,579,664,580,95,797,159
471
862
49
1260,975
1230
51
1231
50
1232
864
1233
1228,1530,716,532,685,989,727
473
1004,1128
475
474
1234
1235
1236
866
865
477
644,1084
867
1238
1237
868
1239
330,211
55
56
577,708
478
1240
58
870
203,1260
60
773,458,1219,799,447
1242
1244
1527,1068,1515,1225,1261
1316
1246
1245
1247
1248
62
63
486
873
1249
713,335,1565
65
1250
874
488
875
876
1252
66
1253
67
878
16,772
69
1254
1298
882
883
1256
492
885
493
494
887
496
495
888
335,474,126,456,163
889
1259
73
503
501
500
502
76
77
504
1262
1125
79
890
1264
215,676,753,1257
891
892
80
1266
1161,1349
81
82
84
83
893
1267
509
85
396,986,32,800
1268
512
511
895
1505,657,767
371,592,1200
87
896
516
515
88
1463
517
897
89
90
898
1460
1278,992,1496,142,810,1229,1432,833,640,235,1263,1372,1156,907,1492,589,299,606,11
1269
129,1337
519
900
624,942,559,837
92
902
954,542,78,1139,1378,1352,265,1419,1545,377,675,125
884,528,859,531,649,177,915
418,1468,100,708
277,1104,776,932,91
906
521
440
1485,903,1167,1294,514
221,390
1251,380,432
1400,479,289,1371,977,1169,806,244,294,1331,1384,52
98
99
908
909
370
522
911
102
910
1277
1276
1175,725
912
337,1524
926,1475
103
526
913
527
1397,851,849,981
1280
104
916
105
593,688,995
106
530
917
1281
743,1472
918
1282
230,1275,1373,1315
1283
1405,1347,329
533
534
108
648,169
1285
1284
1287
109
110
695
921
537
111
538
1288
1289
535
81,877
1291
539
113
112,1461
1375,1451
541
458,799,337,447,1524,1269
543
482,1454
925
545
926
631,1486,183
927
928
735,175
930
548
1524,112
549
1571,6
931
551
1387,1126,194,996
552
1469,1035,638
554
193,991,472,353
935
950,410,1330,273,1417,1059,284,1046
121
555
818,1162
1332,588
1162,818,1100
1295
1125,483
124
557
713,1322,1190
939
940
941
1299
1300
1163,398
943
128
561
1302
41,1252
562
944
564
153,117,25,1342
146,1547
152,1522
130
883,1094
394
1304
1003,118,1212,1099
565
566
981,851,1397,849
945
1305
131
946
132
1307
567
947
133
134
948
1309
949
505,397
990,588,1332,825
952
951
956
568
136
1312
959
1313
570
1314
139
960
571
135,1172,1237
141
33,1327,596
1317
1318
963
964
481,769,1273
965
371,1411
1319
170,191,853,607
1321
578,933,1225
1323
1324
148
968
149
575
627,57,978,1166,1055
969
785
1326
151
152
581
1329
1328
972
393,488
1333
585
586
976
1335
1336
154
1477,1334,510,936,354,47,19,1562,347,1306,625,449
704
1335,986
587
588
1338
1339
1340
979
499,923
155
156
980
381,34,1554,1028,961,937,1550
158
746
982
143
494,1195
983
160
1533,1360,1274,71,409,852,1296
161
985
732,103
162
986
122,327
591
1346
987
163
593
164
594
988
165
167
1200,438,371
201,1440
168
170
655,365,364,658
598
171
1348
599
172
173
175
176
657,247
993
1461,1269,214,447
1350
1351
1237,187,1531
74,1370,1188
1442
179
1166,1055,627
390,1526
1437,536,1435
1353
1237,1345,135
602
180
1355
181
603
1505,92
1000
131,1312,881,147,270,783
182
998
290
605
1001
185
757,14
1260
81,827
1002
657,1472,186,526,1260
1004
1359
1271,243
1005
1534
1006
337,1524,112,220
53,1084
336,1305
1571,526
1362
610
611
1008
1202,953,1559,445,749
612
190
1365
1364
401,1413
613
1009
191
1010
750,1237,1203,1521,511
1011
614
615
616
1076,157
617
481,495
1368
618
196
622
197
447,458,773
623
198
199
626
200
628
538,1273,481
629
630
353,102,774
202
1015
1016
1014
634
1505,667
637
635
636
1375
638
1019
458,447
1376
1377
204
639
1379
1380
6,451
205
641
642
41,138
1021
779,1508
1022
1023
239
209
154,793
1303,792
645
646
1082,842
647
272,1551,540,1487
212
1024
213
1386
1025
1026
1392
1391
650
743,17
216
734
1393
651
718,1052,15,869,1361,1448,188
218
1396
1395
858,231,1308,1503,233,1218,93,1356,411,1369,1270,1406
1279,643
219
653
1030
1399
962,1568
1099,1320,1003,118,1212
1468,708
1031
152,576,1103,436,1075,417,431
1402
18,436,152
1403
657
222
223
659
1033
1481,848,1012,1504,1182,21,1438
1345,1070
1034
660
1343,1273,761
285,1117,27,332,997,42,1036
661
662
592,123,371
225
457,1244
226
466,1452,816
1404
663
227
497,1325,788
1160,1343,1273,821
1152,619,582,1217
1038
1569,274,957,1205,487
1039
166,61
1040
1410
799
232
70,1418
1412
350,1037
929
234
1043
1044
1414
572,846,31,678,368,1192,1518
666
1415
236
667
1045
237
777,1237,187,511
799,385,28,464,1080
668
238
1046
669
670
1048
1207,67
1417
672
1050
395
673
674
1421
1422
240
1425
241
1424
1070,871
1053
33,1354,747
2,1366
1426
245
1054
246
248
249
250
1056
680
251
444
1428
681
1057
1058
520,1357
1273,821,674,1413
656,1248
120,768
684
253
1429
1430
348,633
687
1431
1292
919,303,362,1177,1151,310
1066
770
255
1433
1434
258
1072
690
1071
691
1436
259
1074
1439
260
692
693
1075
1441
1488
1077
695
1079
1444
262
263
696
264
966,460,970,144,207,322,682
1445
266
698
1446
268
1207
270
699
271
269
1082
1081
26,378
1083
276
1408
706,1221
700
825,165,990
1357
1142,1125
1381
278
701
1449
703
395,901,973,949,279,1129,894,376,1463
1087
860,1070
100,577,708
811,513
1451
1088
1090
1091
705
1447,1106,119
1456
1457
315,1230
1455
283
1524
281
1458
1459
795,1275,1373,1315
706
707
286
1494,1479
288
1304,1266,328
1093
709
1461
710
291
711
712
912,732
713
772,90
1466
922,1070
1523,1401,595,96
714
72,1189,193,324,534,1374,1214,472,1069,1363,1179
715
1095
1094
292
1435,506,536
1050,541
1451,1041
1096
1125,583,677
1470
1067,428
1097
295
563,588,530
296
297
1098
298
1472
1062,1300
719
720
1474
300
405,1344
1476
1295,1183,934
723
301
1383,1461,366
1166,627,57
725
1479
302
1523,1401,595,560
1086,1081,752,339
1480
750,1237,1172
481,1273,1157
1482
728
1484
1130,742,1243
305
306
307
730
308
731
1101
732
1105
311
733
1106
1491
8,1519
246,1031
1493
735,290
736
1108
738
400,1029
1409,1007
1570
1494
318
317
316
739
1113,751
740
319
1061,120,1121
320
694,476,257,654,590,97,498
1219,799
741
1497
577,150
323
1111
1498
1499
1500
312
325
744
1501
1137,1162
326
745
971,547,1453
140,600,1416
1114
860,750,1237
511,1203,750,1237
1116
1502
1255
1119
328
762,68
1505
1506
1465,1275,275,1315
1389
1507
1467,1174,453,1532
54,189,467,340,1265,1171,1310
1508
331
1120
1509
334
335
1510
1122
336
924,845,1176,208,544,1013,1423
1367,304,759,309,1443,101,857,107
1511
337
1121
861,1502
1512
1513
1125,1462
338
1063,1125
754
627,57,1166
1123
799,464,458,1080,632,1219
1514
342
1225,1261,1527,1068
1516
1124
1311,1290
559,837,942,1102
343
758
206,826,1473,569
760
657,1472,609,526,141,1260
150
1520
1127
1128
508,1109
346
1129
748
761
1131
1341
665,825,165,1489,725,588
57,978
497,1325,788
1132
1133
417,431,576,1103,920,1478,436,1075,717,593
763
765
764
1534,1376
349
351
352
353
1135
397,753
725,583
1528
737
1529
767
254
769
1319,1107,351
64,1060,1495,722,229,1047
1141
938,1042,1293,1535,1390,1297,361,491,766,145,584,252
355
771
418,100
1359,282
357
774
184,933,1225
775
1143
1144
1145
447
1318,1343,1273,821
1147
1146
1148
1149
1536
363
1538
1273,821,1343,1482
1539
427,371
1540
1537
1223,53,644
367
1003,1212
369
652
1542
780
781
782
1543
778
373
1544
1461,1269
1153
126,1030
784
574,75
1157
785
374
1158
1027,408,1192,424,1483,1561,1518,507,601,572,905,489,846,1085,31,678,345,724,368
375
787
1548
1549
789
1159
224,1525
790
791
195,686
1300,1062,948
864,1343,1273,821
379
1160
1007,526
777,1237,187
1552
1490,1118
1553
793
382
794
383
1164
1165
1555
421,116,1398,1196,256
1556
1557
980,714,280
796
1181,359
707
1560
386
187,843,1237
387
389
407,1112,697,23,955,48,1258,518,553,1032,360,872,24,402,192,228,217,621,879
798
239,1480,344
1563
388
70
391
392
1272,597
1566
1170
1567
321,1078
393
1168
801
1568
397
706,1273,1343
1571
1442
