856,516,0.0
367,398,1.0
1135,135,0.0
829,105,1.0
823,525,-1.0
417,393,1.0
556,582,1.0
1040,248,1.0
569,119,1.0
289,542,1.0
144,511,-1.0
794,244,-1.0
240,616,1.0
292,492,1.0
381,136,-1.0
1156,585,-1.0
424,67,0.0
73,485,1.0
381,111,-1.0
144,332,-1.0
381,611,-1.0
586,604,1.0
1027,117,-1.0
46,660,0.0
284,518,-1.0
794,220,-1.0
158,154,-1.0
594,667,-1.0
926,75,0.0
324,653,-1.0
352,715,1.0
514,682,1.0
597,31,-1.0
381,420,-1.0
824,93,1.0
185,129,-1.0
219,627,1.0
1056,413,1.0
144,527,-1.0
352,468,-1.0
255,372,1.0
1011,439,1.0
850,721,-1.0
769,473,-1.0
1182,258,-1.0
747,549,1.0
1112,623,-1.0
716,116,1.0
73,13,1.0
829,286,1.0
1027,732,1.0
881,222,1.0
381,93,-1.0
1027,4,1.0
381,718,1.0
381,351,-1.0
1016,441,1.0
159,121,-1.0
1195,206,0.0
158,478,1.0
59,389,-1.0
946,146,1.0
843,429,-1.0
369,280,1.0
379,24,1.0
381,729,-1.0
653,631,1.0
509,324,1.0
381,68,1.0
38,501,1.0
342,614,-1.0
973,538,-1.0
974,365,-1.0
381,239,1.0
381,134,-1.0
381,260,-1.0
427,127,1.0
555,678,-1.0
634,479,-1.0
563,277,-1.0
410,443,1.0
295,651,1.0
1073,82,-1.0
843,698,1.0
861,685,-1.0
748,363,1.0
158,598,1.0
39,421,1.0
673,85,0.0
445,59,-1.0
1046,706,1.0
681,170,-1.0
141,506,-1.0
843,459,1.0
31,235,1.0
159,696,1.0
843,719,1.0
144,192,1.0
1041,167,-1.0
308,212,1.0
567,320,0.0
850,47,-1.0
381,327,-1.0
555,672,-1.0
73,240,1.0
381,618,-1.0
843,207,-1.0
221,146,-1.0
1192,343,-1.0
1070,668,1.0
352,152,1.0
140,495,-1.0
1027,68,1.0
1157,283,-1.0
1034,350,1.0
190,259,-1.0
1086,282,-1.0
829,537,1.0
363,545,-1.0
927,340,1.0
352,716,1.0
850,375,-1.0
352,448,1.0
832,124,-1.0
393,228,-1.0
399,41,-1.0
843,627,1.0
890,365,1.0
83,338,-1.0
896,56,1.0
229,31,1.0
1012,25,-1.0
1171,234,1.0
794,436,-1.0
124,255,1.0
212,151,1.0
1161,744,1.0
627,559,-1.0
1092,649,1.0
292,611,1.0
258,519,1.0
514,348,1.0
381,118,1.0
229,698,-1.0
1173,657,1.0
453,220,1.0
1065,179,1.0
878,235,-1.0
540,690,-1.0
722,314,1.0
364,133,1.0
514,617,1.0
621,496,1.0
381,713,-1.0
990,481,1.0
144,422,-1.0
850,629,-1.0
692,446,-1.0
445,18,-1.0
919,541,-1.0
352,434,1.0
51,700,1.0
848,486,-1.0
1016,610,-1.0
197,511,1.0
333,342,-1.0
714,480,-1.0
245,617,-1.0
233,679,1.0
352,542,1.0
747,67,-1.0
35,287,1.0
843,263,-1.0
491,15,-1.0
352,125,1.0
198,621,1.0
365,369,1.0
661,500,1.0
514,497,1.0
381,314,-1.0
352,308,1.0
144,311,-1.0
144,593,-1.0
829,541,1.0
573,106,1.0
457,78,1.0
397,532,1.0
219,564,-1.0
843,265,-1.0
159,273,1.0
466,227,-1.0
144,301,-1.0
877,583,1.0
381,298,-1.0
432,459,1.0
1097,311,-1.0
866,528,-1.0
514,44,1.0
32,239,1.0
1081,199,-1.0
1036,84,-1.0
561,186,-1.0
520,68,1.0
396,86,1.0
1166,252,-1.0
450,381,1.0
929,10,1.0
144,306,1.0
144,378,-1.0
867,412,-1.0
445,738,-1.0
514,64,1.0
181,156,1.0
1094,550,-1.0
437,469,0.0
987,567,-1.0
514,725,1.0
775,738,1.0
843,445,1.0
881,152,-1.0
381,633,1.0
323,573,1.0
352,392,1.0
794,48,-1.0
820,536,-1.0
1169,45,1.0
879,538,1.0
624,94,1.0
1090,656,-1.0
850,304,-1.0
850,302,-1.0
938,395,1.0
1028,283,-1.0
546,648,1.0
464,48,0.0
469,105,1.0
84,731,-1.0
1014,221,0.0
308,274,1.0
422,575,-1.0
278,627,1.0
125,245,1.0
153,397,-1.0
142,58,-1.0
30,20,1.0
1027,85,-1.0
551,399,-1.0
761,236,1.0
794,22,-1.0
843,62,1.0
829,97,1.0
144,588,1.0
308,388,1.0
158,424,1.0
144,149,-1.0
218,201,1.0
1127,591,1.0
514,237,1.0
514,183,1.0
740,701,-1.0
196,349,-1.0
1027,345,1.0
1118,474,-1.0
825,258,1.0
536,696,1.0
627,44,1.0
144,709,-1.0
150,518,1.0
61,135,1.0
581,438,1.0
597,257,1.0
149,502,-1.0
381,167,1.0
939,376,1.0
496,379,-1.0
428,304,-1.0
317,442,1.0
144,739,-1.0
802,141,1.0
843,454,1.0
1108,165,-1.0
900,216,1.0
843,655,1.0
843,564,-1.0
514,322,1.0
381,577,-1.0
1027,249,-1.0
597,190,-1.0
7,743,-1.0
494,335,1.0
939,495,1.0
843,311,-1.0
898,451,1.0
535,361,-1.0
794,682,-1.0
229,62,-1.0
381,218,-1.0
381,681,-1.0
653,310,1.0
915,13,1.0
437,81,1.0
860,84,-1.0
735,56,-1.0
690,620,1.0
597,218,1.0
328,130,1.0
381,604,-1.0
882,255,0.0
1139,233,1.0
1027,167,1.0
445,627,-1.0
881,108,1.0
229,508,1.0
144,120,-1.0
793,274,1.0
1027,429,1.0
681,69,1.0
381,204,-1.0
846,382,1.0
749,65,1.0
1,423,1.0
643,0,-1.0
381,223,-1.0
640,332,-1.0
292,669,1.0
704,494,-1.0
381,181,-1.0
881,720,1.0
381,591,-1.0
685,413,1.0
590,519,1.0
744,639,-1.0
1013,144,-1.0
597,166,-1.0
850,2,-1.0
308,255,0.0
343,237,1.0
723,326,-1.0
1029,368,-1.0
881,317,1.0
93,131,1.0
623,599,1.0
184,360,-1.0
381,587,-1.0
406,56,0.0
190,523,-1.0
514,620,1.0
591,541,1.0
935,588,1.0
388,452,1.0
829,36,1.0
868,16,-1.0
514,597,1.0
1014,66,0.0
843,555,-1.0
843,100,1.0
912,189,-1.0
540,704,1.0
918,462,1.0
850,346,-1.0
853,369,-1.0
310,702,1.0
263,26,-1.0
284,150,-1.0
975,206,1.0
414,726,-1.0
727,722,1.0
654,433,1.0
929,280,1.0
546,415,1.0
1027,381,1.0
597,147,1.0
1077,190,1.0
657,672,1.0
381,555,-1.0
1077,676,1.0
1148,383,1.0
843,509,1.0
110,693,1.0
1027,697,-1.0
384,115,1.0
553,7,-1.0
144,490,-1.0
144,694,1.0
136,36,-1.0
328,27,-1.0
353,520,1.0
789,618,1.0
754,66,1.0
445,701,-1.0
36,132,1.0
131,562,-1.0
741,639,1.0
843,430,-1.0
850,612,-1.0
150,432,1.0
881,287,1.0
514,158,0.0
989,360,1.0
881,171,1.0
445,445,-1.0
834,600,-1.0
843,444,1.0
555,476,1.0
111,408,1.0
381,439,-1.0
677,719,1.0
114,43,-1.0
345,320,1.0
4,136,1.0
803,455,1.0
1161,584,1.0
990,87,1.0
219,357,1.0
381,252,-1.0
843,336,-1.0
292,521,1.0
1027,298,1.0
570,561,-1.0
455,642,-1.0
976,733,1.0
491,200,-1.0
198,695,1.0
144,170,1.0
367,435,1.0
238,17,-1.0
0,431,-1.0
292,11,1.0
1191,313,0.0
381,343,1.0
83,487,1.0
436,260,1.0
1123,292,-1.0
677,641,1.0
662,551,-1.0
28,68,1.0
498,440,1.0
73,155,1.0
381,543,1.0
437,126,0.0
794,44,-1.0
381,194,-1.0
144,71,-1.0
144,56,-1.0
24,550,1.0
843,234,-1.0
202,180,1.0
618,173,1.0
1050,377,1.0
381,206,-1.0
850,56,-1.0
1164,542,-1.0
352,69,1.0
597,194,1.0
773,306,-1.0
381,85,-1.0
16,437,1.0
472,660,-1.0
381,248,-1.0
301,586,-1.0
794,725,-1.0
577,459,-1.0
273,95,1.0
381,598,-1.0
1014,156,0.0
597,212,-1.0
850,135,-1.0
843,490,-1.0
352,681,1.0
76,519,1.0
989,661,1.0
229,392,0.0
106,301,1.0
843,718,-1.0
132,500,-1.0
163,392,1.0
1074,202,1.0
795,161,1.0
1002,576,0.0
143,519,-1.0
843,745,1.0
1027,543,1.0
1024,243,0.0
144,408,-1.0
747,549,-1.0
588,70,1.0
794,95,-1.0
843,68,-1.0
899,254,-1.0
308,529,1.0
287,403,1.0
794,465,1.0
187,467,-1.0
1103,344,1.0
445,646,1.0
794,237,-1.0
794,183,-1.0
486,366,1.0
586,577,1.0
381,603,-1.0
1047,352,1.0
163,29,1.0
1030,453,1.0
597,193,1.0
293,282,1.0
881,276,1.0
653,631,-1.0
1018,673,-1.0
445,105,-1.0
1027,311,1.0
632,641,-1.0
758,585,1.0
1003,352,-1.0
279,186,1.0
997,164,1.0
1059,396,-1.0
352,568,1.0
411,583,-1.0
843,738,1.0
514,427,1.0
1130,705,1.0
855,602,-1.0
97,597,-1.0
794,322,-1.0
352,608,1.0
1108,687,-1.0
674,346,-1.0
144,345,-1.0
597,236,1.0
826,312,-1.0
748,363,-1.0
152,145,1.0
39,421,-1.0
514,437,1.0
960,509,1.0
597,723,1.0
219,726,1.0
759,395,-1.0
480,137,-1.0
390,513,1.0
1099,400,1.0
903,337,1.0
567,189,1.0
772,456,-1.0
904,209,-1.0
381,650,-1.0
144,705,-1.0
610,504,1.0
1070,668,-1.0
376,443,1.0
881,636,1.0
381,521,-1.0
895,684,1.0
843,118,-1.0
1027,353,1.0
361,49,-1.0
381,698,-1.0
297,480,1.0
929,16,1.0
1155,191,1.0
932,266,1.0
415,495,1.0
57,54,1.0
92,719,1.0
381,459,-1.0
829,576,1.0
144,58,-1.0
794,281,-1.0
794,529,-1.0
91,68,-1.0
250,586,1.0
47,489,-1.0
1087,243,1.0
1101,108,-1.0
1164,682,1.0
521,645,1.0
794,636,-1.0
298,265,1.0
1136,221,-1.0
144,167,-1.0
512,556,-1.0
446,299,1.0
144,429,-1.0
575,250,1.0
851,84,-1.0
1067,433,-1.0
829,735,1.0
794,597,-1.0
134,601,-1.0
1166,646,1.0
381,627,-1.0
64,742,-1.0
615,387,1.0
270,575,-1.0
878,453,1.0
108,129,1.0
144,412,-1.0
677,498,1.0
199,569,1.0
381,49,1.0
222,231,1.0
73,90,1.0
146,412,1.0
843,584,1.0
429,17,1.0
219,157,1.0
350,268,1.0
421,297,1.0
829,708,1.0
362,168,1.0
804,398,1.0
1138,293,1.0
376,744,1.0
1027,430,1.0
75,107,1.0
151,519,0.0
514,359,1.0
953,477,-1.0
956,85,1.0
475,643,1.0
1164,367,1.0
850,643,-1.0
838,159,1.0
881,166,1.0
909,76,1.0
229,190,1.0
150,492,1.0
381,739,1.0
843,515,1.0
104,486,1.0
582,417,1.0
985,746,-1.0
843,633,-1.0
5,256,1.0
444,222,1.0
381,178,-1.0
456,51,1.0
313,282,-1.0
381,89,-1.0
894,293,-1.0
445,344,1.0
381,635,-1.0
794,38,-1.0
445,510,-1.0
236,727,-1.0
355,655,1.0
642,706,-1.0
514,33,1.0
881,567,1.0
779,468,1.0
445,581,1.0
292,650,1.0
398,519,0.0
829,481,1.0
352,354,1.0
1149,8,1.0
1169,45,-1.0
575,261,-1.0
394,619,1.0
844,197,1.0
1089,383,-1.0
843,625,-1.0
357,576,1.0
783,641,1.0
477,22,-1.0
172,587,1.0
756,287,-1.0
540,385,-1.0
622,529,-1.0
1027,55,1.0
381,2,1.0
555,718,-1.0
632,498,-1.0
144,214,-1.0
669,529,1.0
77,680,-1.0
48,166,1.0
195,290,0.0
41,323,1.0
68,683,1.0
330,633,-1.0
736,514,1.0
73,600,1.0
917,710,-1.0
1055,560,1.0
829,588,1.0
326,418,1.0
606,578,1.0
158,22,1.0
218,201,-1.0
1136,146,-1.0
630,546,-1.0
398,446,1.0
1027,234,1.0
144,263,-1.0
294,294,-1.0
351,259,1.0
850,734,-1.0
381,727,1.0
1122,37,-1.0
514,480,1.0
843,117,1.0
123,60,-1.0
1164,328,1.0
352,40,1.0
381,0,-1.0
144,566,1.0
850,319,-1.0
1166,381,-1.0
1170,537,-1.0
923,3,-1.0
597,171,-1.0
597,576,1.0
381,346,1.0
219,738,1.0
356,697,1.0
560,744,-1.0
621,715,1.0
702,490,1.0
1027,490,1.0
800,428,1.0
736,691,1.0
445,35,1.0
522,62,-1.0
1053,448,-1.0
410,319,1.0
648,242,1.0
381,171,1.0
408,238,1.0
349,289,-1.0
375,58,1.0
514,707,1.0
381,295,-1.0
233,650,1.0
494,335,-1.0
352,609,1.0
691,632,-1.0
368,36,1.0
346,318,-1.0
794,699,-1.0
597,348,1.0
580,282,1.0
547,612,1.0
951,404,1.0
203,510,-1.0
914,157,-1.0
1054,605,1.0
1186,329,1.0
843,304,-1.0
69,671,-1.0
437,524,0.0
1014,50,0.0
1051,461,1.0
845,420,1.0
381,533,-1.0
843,457,1.0
74,271,1.0
346,598,-1.0
1070,352,1.0
846,382,-1.0
522,454,-1.0
219,105,1.0
833,167,1.0
144,343,-1.0
724,294,1.0
264,299,-1.0
201,690,-1.0
1108,206,0.0
829,714,1.0
993,122,-1.0
381,142,-1.0
1024,741,1.0
989,285,1.0
324,458,-1.0
1198,41,1.0
358,514,-1.0
1108,51,-1.0
552,659,1.0
489,499,-1.0
597,331,1.0
1070,43,1.0
665,517,1.0
308,636,1.0
782,729,1.0
1176,109,-1.0
144,215,-1.0
53,144,1.0
939,313,1.0
1102,297,1.0
623,599,-1.0
144,543,-1.0
843,319,1.0
252,512,-1.0
514,315,0.0
880,49,1.0
881,531,1.0
881,212,1.0
847,91,1.0
794,32,-1.0
934,203,1.0
514,267,1.0
445,265,1.0
381,273,-1.0
667,37,1.0
540,704,-1.0
159,52,1.0
1162,33,-1.0
715,79,1.0
387,655,1.0
658,502,-1.0
381,202,-1.0
242,735,-1.0
49,379,1.0
1177,441,-1.0
459,270,1.0
1174,182,1.0
352,288,1.0
843,135,1.0
127,85,0.0
958,216,-1.0
254,530,-1.0
796,181,1.0
857,2,1.0
1027,566,-1.0
352,662,1.0
160,258,1.0
46,354,-1.0
381,493,1.0
760,325,-1.0
445,240,-1.0
850,742,-1.0
262,240,-1.0
53,55,-1.0
1044,55,1.0
611,64,1.0
447,140,1.0
41,574,1.0
711,75,0.0
717,16,1.0
461,32,1.0
850,443,-1.0
1108,299,1.0
381,135,1.0
869,195,-1.0
849,616,-1.0
684,560,1.0
249,648,1.0
850,15,-1.0
540,88,-1.0
381,503,-1.0
284,604,1.0
881,323,1.0
514,195,1.0
621,434,1.0
347,135,0.0
308,166,1.0
982,373,-1.0
364,79,1.0
540,431,1.0
18,482,1.0
514,389,1.0
115,489,0.0
34,361,1.0
970,371,1.0
881,72,1.0
350,273,-1.0
332,161,-1.0
632,316,-1.0
144,353,-1.0
70,317,1.0
1179,5,1.0
381,486,-1.0
33,517,-1.0
873,604,-1.0
799,456,0.0
1027,588,-1.0
649,156,-1.0
843,477,1.0
30,478,-1.0
627,246,-1.0
1130,91,-1.0
219,344,-1.0
47,463,1.0
727,590,-1.0
352,184,1.0
493,303,-1.0
843,343,-1.0
378,515,-1.0
292,330,1.0
464,435,-1.0
381,659,-1.0
73,449,1.0
237,420,1.0
546,241,1.0
215,287,1.0
144,100,1.0
445,564,1.0
829,170,1.0
381,625,1.0
843,642,1.0
843,543,-1.0
445,157,-1.0
479,578,0.0
1027,633,1.0
954,158,-1.0
794,359,-1.0
697,415,-1.0
381,560,-1.0
1110,488,1.0
1129,163,-1.0
219,445,1.0
352,442,1.0
409,77,-1.0
843,231,1.0
1093,539,-1.0
381,43,-1.0
1187,92,1.0
850,744,-1.0
578,692,-1.0
784,381,0.0
1027,483,1.0
788,154,1.0
352,111,1.0
231,437,-1.0
23,217,-1.0
528,565,1.0
89,3,1.0
1057,678,1.0
850,1,-1.0
597,61,1.0
144,430,-1.0
522,486,1.0
27,630,1.0
410,744,1.0
1027,625,1.0
471,635,1.0
514,561,1.0
352,248,1.0
794,33,-1.0
1116,443,-1.0
1145,742,1.0
1146,525,1.0
115,404,0.0
788,251,-1.0
841,547,1.0
1058,667,-1.0
981,628,1.0
76,519,-1.0
56,581,-1.0
723,651,-1.0
4,174,1.0
850,91,-1.0
144,470,1.0
1126,333,1.0
299,637,-1.0
463,355,1.0
777,708,-1.0
843,745,-1.0
875,445,1.0
870,700,-1.0
653,417,1.0
4,711,1.0
1111,579,1.0
1027,412,1.0
381,110,-1.0
659,230,1.0
381,325,-1.0
969,622,1.0
326,174,1.0
688,214,1.0
381,547,1.0
843,353,-1.0
784,374,-1.0
153,716,1.0
369,699,-1.0
794,480,-1.0
604,213,1.0
273,328,-1.0
446,745,1.0
434,519,1.0
843,581,-1.0
239,464,-1.0
1108,732,1.0
664,14,-1.0
881,94,1.0
109,447,-1.0
485,400,-1.0
1014,516,0.0
311,256,1.0
144,103,-1.0
514,7,1.0
381,715,-1.0
1021,666,1.0
46,590,1.0
829,185,-1.0
961,119,-1.0
514,169,1.0
488,72,1.0
576,72,-1.0
529,698,1.0
629,176,1.0
420,503,-1.0
858,589,-1.0
762,376,1.0
235,42,-1.0
352,327,1.0
835,103,1.0
144,234,-1.0
381,594,1.0
468,240,1.0
637,493,1.0
1024,519,1.0
1014,364,0.0
850,381,-1.0
698,741,0.0
381,482,-1.0
728,394,-1.0
729,409,-1.0
152,145,-1.0
352,675,1.0
888,423,-1.0
428,100,1.0
145,449,-1.0
229,240,1.0
390,513,-1.0
790,703,-1.0
881,295,1.0
1151,340,-1.0
497,53,-1.0
381,170,-1.0
945,552,-1.0
423,308,1.0
366,210,1.0
1198,614,-1.0
827,150,1.0
1142,321,-1.0
445,336,1.0
381,511,1.0
470,139,1.0
403,310,1.0
144,718,-1.0
801,373,1.0
597,708,1.0
1113,653,1.0
381,372,-1.0
1027,293,1.0
881,371,1.0
829,534,1.0
1119,249,-1.0
381,332,1.0
513,675,1.0
144,85,1.0
843,35,-1.0
144,534,-1.0
230,155,-1.0
445,22,1.0
286,264,1.0
786,61,1.0
935,91,-1.0
381,361,-1.0
797,13,-1.0
24,160,1.0
465,285,1.0
1106,424,-1.0
597,615,1.0
300,613,-1.0
1027,594,1.0
288,273,1.0
308,171,1.0
126,272,-1.0
677,182,1.0
395,73,1.0
994,375,-1.0
1014,663,0.0
6,73,-1.0
742,197,-1.0
891,536,1.0
794,617,-1.0
534,284,1.0
757,224,1.0
544,74,1.0
843,570,1.0
1161,666,-1.0
514,28,-1.0
381,609,-1.0
1124,88,1.0
850,55,-1.0
794,308,-1.0
423,253,1.0
514,454,1.0
620,262,-1.0
583,122,1.0
1031,255,0.0
707,573,-1.0
881,209,1.0
1031,720,1.0
1027,332,1.0
598,544,-1.0
129,496,-1.0
445,642,-1.0
199,569,-1.0
850,680,-1.0
219,208,1.0
352,659,1.0
381,280,-1.0
666,694,-1.0
712,260,1.0
771,729,-1.0
815,339,-1.0
29,209,1.0
381,710,-1.0
514,69,1.0
381,337,-1.0
445,231,-1.0
292,162,1.0
361,263,1.0
265,325,1.0
1006,87,-1.0
812,462,-1.0
514,244,1.0
966,104,1.0
668,688,1.0
1164,367,-1.0
1109,384,1.0
829,461,1.0
282,251,1.0
158,466,1.0
1007,475,-1.0
843,73,-1.0
654,281,1.0
381,546,-1.0
229,615,-1.0
1085,254,1.0
219,36,1.0
508,482,1.0
935,638,-1.0
1022,222,-1.0
144,118,-1.0
1014,8,0.0
404,256,-1.0
381,47,1.0
1199,223,1.0
850,233,-1.0
794,287,-1.0
536,556,1.0
139,399,-1.0
174,422,1.0
216,425,1.0
829,501,1.0
1006,463,-1.0
144,506,1.0
144,732,-1.0
130,353,1.0
310,125,1.0
257,225,-1.0
514,132,1.0
843,2,-1.0
381,375,1.0
921,592,1.0
445,370,-1.0
383,157,1.0
158,219,1.0
738,240,0.0
682,736,0.0
243,269,-1.0
832,291,1.0
901,426,-1.0
388,626,-1.0
726,315,-1.0
253,565,-1.0
501,90,1.0
381,621,-1.0
227,554,-1.0
514,65,1.0
268,654,1.0
168,158,1.0
1027,47,1.0
843,346,-1.0
386,101,-1.0
42,520,1.0
78,519,0.0
627,153,-1.0
450,374,1.0
68,683,-1.0
745,229,1.0
638,458,1.0
897,566,-1.0
637,344,-1.0
829,575,1.0
597,240,-1.0
732,20,-1.0
843,403,1.0
445,658,1.0
326,418,-1.0
1027,375,1.0
968,521,1.0
948,424,1.0
198,684,-1.0
597,534,1.0
655,544,-1.0
843,157,-1.0
1095,324,-1.0
996,11,1.0
292,535,1.0
670,249,1.0
541,519,-1.0
650,676,1.0
290,341,-1.0
58,67,1.0
369,503,1.0
928,594,-1.0
712,689,1.0
1091,276,1.0
514,659,1.0
1104,83,1.0
144,633,-1.0
794,561,-1.0
381,184,-1.0
935,20,1.0
408,238,-1.0
467,123,-1.0
190,558,1.0
385,111,1.0
678,373,1.0
881,529,1.0
742,580,-1.0
373,629,1.0
664,377,-1.0
522,29,-1.0
1030,138,-1.0
850,677,-1.0
1054,605,-1.0
577,692,1.0
381,107,-1.0
546,109,1.0
843,401,-1.0
1004,390,1.0
1079,342,-1.0
259,730,1.0
843,506,1.0
144,625,-1.0
1077,613,1.0
503,292,1.0
699,736,-1.0
1027,517,1.0
891,485,1.0
530,118,-1.0
769,115,1.0
651,333,-1.0
381,304,1.0
947,653,-1.0
381,302,1.0
1024,741,-1.0
352,96,1.0
381,210,1.0
1027,593,1.0
840,341,1.0
514,32,1.0
445,570,-1.0
219,59,1.0
1066,111,-1.0
766,362,1.0
514,196,1.0
564,553,-1.0
1045,184,1.0
794,7,-1.0
653,275,1.0
352,395,1.0
935,584,1.0
158,251,1.0
1180,511,-1.0
352,244,1.0
843,258,-1.0
902,269,1.0
794,169,-1.0
1027,106,1.0
314,97,-1.0
144,386,1.0
934,203,-1.0
1180,147,1.0
1027,378,1.0
843,743,1.0
154,401,-1.0
695,153,1.0
909,552,-1.0
1164,606,-1.0
464,278,1.0
133,66,-1.0
703,48,0.0
310,664,1.0
933,130,-1.0
794,433,-1.0
20,573,-1.0
476,187,-1.0
319,736,1.0
794,63,-1.0
271,406,1.0
418,255,-1.0
597,518,1.0
829,617,1.0
1092,652,-1.0
37,540,1.0
159,52,-1.0
514,433,1.0
989,58,1.0
298,208,-1.0
381,119,-1.0
517,198,-1.0
1178,227,1.0
431,24,-1.0
316,241,-1.0
843,135,-1.0
223,142,-1.0
116,21,1.0
850,21,-1.0
1008,597,1.0
814,15,1.0
990,521,-1.0
522,361,-1.0
352,562,1.0
852,466,1.0
686,699,1.0
352,27,-1.0
995,545,1.0
1024,201,0.0
1144,356,-1.0
272,626,1.0
66,339,1.0
514,608,1.0
1027,149,1.0
30,143,1.0
686,411,1.0
546,161,1.0
410,21,1.0
482,94,-1.0
794,295,-1.0
579,26,1.0
1110,636,1.0
447,329,1.0
546,460,1.0
1027,709,1.0
170,655,-1.0
419,701,1.0
829,34,1.0
975,19,1.0
1076,21,1.0
1161,713,1.0
1189,507,-1.0
874,677,1.0
1068,478,1.0
843,183,1.0
4,728,1.0
348,506,1.0
999,574,-1.0
794,328,-1.0
523,618,-1.0
843,215,-1.0
220,48,1.0
708,267,1.0
1027,739,1.0
794,454,-1.0
843,59,1.0
780,386,-1.0
518,539,1.0
144,594,-1.0
794,361,-1.0
711,196,1.0
207,665,-1.0
219,240,1.0
70,83,-1.0
250,59,1.0
554,527,-1.0
1023,74,1.0
381,716,-1.0
284,77,1.0
1027,73,1.0
597,740,1.0
794,69,-1.0
737,331,1.0
805,679,-1.0
193,420,-1.0
424,48,0.0
381,442,-1.0
495,726,1.0
943,84,1.0
794,77,-1.0
843,386,1.0
1078,165,1.0
873,80,1.0
597,539,1.0
1110,488,-1.0
1172,271,-1.0
1027,58,1.0
827,366,-1.0
1164,644,1.0
850,658,-1.0
597,9,1.0
381,18,-1.0
1027,2,1.0
219,735,1.0
1055,635,1.0
531,116,-1.0
1027,305,-1.0
1006,740,-1.0
144,721,-1.0
73,416,1.0
480,2,-1.0
204,184,0.0
1197,516,0.0
381,434,-1.0
381,720,-1.0
843,111,1.0
438,607,-1.0
144,159,-1.0
989,672,1.0
309,607,1.0
381,542,-1.0
1027,346,1.0
843,296,1.0
652,394,-1.0
79,190,-1.0
165,8,-1.0
687,47,1.0
352,175,1.0
537,266,-1.0
400,526,-1.0
4,174,-1.0
621,40,1.0
723,386,1.0
794,65,-1.0
1077,43,-1.0
381,308,-1.0
845,362,-1.0
182,287,-1.0
1153,232,-1.0
381,696,-1.0
653,417,-1.0
135,552,1.0
881,220,1.0
274,78,-1.0
989,385,1.0
188,112,-1.0
660,403,-1.0
94,54,-1.0
962,455,1.0
326,174,-1.0
429,121,1.0
144,207,-1.0
505,319,1.0
127,527,0.0
365,625,-1.0
794,589,1.0
352,270,1.0
614,85,-1.0
462,300,-1.0
1014,101,0.0
874,210,-1.0
451,120,-1.0
850,511,-1.0
446,745,-1.0
807,323,-1.0
843,594,-1.0
929,115,0.0
514,695,1.0
381,737,1.0
480,612,-1.0
117,457,1.0
850,332,-1.0
292,679,1.0
381,520,1.0
1152,112,1.0
538,594,1.0
144,47,-1.0
156,6,1.0
115,611,0.0
308,531,1.0
478,710,1.0
519,135,-1.0
381,247,-1.0
794,659,-1.0
324,112,-1.0
324,717,-1.0
281,346,1.0
831,221,1.0
175,333,1.0
364,324,1.0
850,527,-1.0
158,29,1.0
370,124,1.0
843,511,-1.0
951,89,1.0
144,375,-1.0
381,258,1.0
352,692,1.0
1027,401,1.0
843,332,-1.0
527,112,-1.0
454,340,1.0
527,717,-1.0
753,285,-1.0
1126,321,1.0
100,647,1.0
508,546,1.0
381,71,1.0
381,56,1.0
844,580,1.0
159,247,1.0
829,46,1.0
81,307,1.0
445,208,-1.0
484,499,1.0
423,308,-1.0
891,215,-1.0
514,392,1.0
944,527,1.0
292,404,1.0
1042,248,-1.0
1006,236,-1.0
818,49,0.0
403,310,-1.0
935,435,1.0
381,466,-1.0
352,666,1.0
597,67,1.0
881,403,1.0
144,298,-1.0
381,12,1.0
597,698,1.0
1014,379,0.0
765,370,1.0
24,160,-1.0
410,452,1.0
191,460,-1.0
1137,335,1.0
997,568,-1.0
381,347,-1.0
1007,351,-1.0
794,620,-1.0
565,207,1.0
881,163,1.0
237,178,1.0
1046,575,1.0
1027,100,-1.0
1027,71,1.0
1027,56,1.0
144,249,1.0
425,391,-1.0
633,289,1.0
757,224,-1.0
540,360,-1.0
144,517,-1.0
73,730,1.0
448,427,1.0
621,662,1.0
788,677,1.0
794,212,-1.0
881,436,1.0
308,361,1.0
515,498,-1.0
189,711,1.0
164,455,-1.0
991,155,1.0
21,680,1.0
219,701,1.0
865,454,1.0
1104,116,1.0
850,249,-1.0
905,426,1.0
836,543,1.0
596,399,-1.0
381,706,1.0
148,609,1.0
704,312,1.0
1027,131,-1.0
1141,280,-1.0
626,177,1.0
931,182,-1.0
843,47,-1.0
22,725,-1.0
794,348,-1.0
616,399,-1.0
46,571,1.0
755,282,1.0
514,4,1.0
607,732,1.0
926,90,-1.0
713,425,-1.0
794,28,1.0
344,297,-1.0
381,527,1.0
794,608,-1.0
63,337,-1.0
514,746,1.0
843,588,1.0
843,375,-1.0
514,407,1.0
144,304,-1.0
644,35,1.0
542,273,1.0
777,9,-1.0
514,141,1.0
352,686,1.0
144,457,1.0
334,83,1.0
639,192,1.0
837,50,-1.0
1027,215,1.0
292,202,1.0
144,138,-1.0
381,286,1.0
1027,470,-1.0
853,483,1.0
597,727,1.0
984,259,1.0
843,483,-1.0
1003,401,1.0
102,226,1.0
445,191,1.0
810,273,1.0
787,374,1.0
241,482,1.0
412,465,-1.0
843,290,1.0
42,547,1.0
103,345,1.0
514,606,1.0
980,481,-1.0
1048,495,1.0
694,275,1.0
559,619,-1.0
1071,273,1.0
752,551,1.0
546,552,1.0
1052,373,-1.0
118,372,1.0
352,351,1.0
843,177,-1.0
458,277,1.0
989,649,1.0
750,198,1.0
514,640,1.0
219,231,1.0
381,679,-1.0
1075,544,1.0
843,355,1.0
471,387,-1.0
381,562,-1.0
204,684,0.0
850,311,-1.0
1161,710,1.0
433,592,-1.0
268,654,-1.0
381,445,-1.0
266,300,-1.0
829,572,1.0
244,450,1.0
829,567,1.0
437,179,0.0
308,388,-1.0
497,257,1.0
1027,645,1.0
536,534,1.0
359,572,1.0
843,333,1.0
550,540,-1.0
745,229,-1.0
843,517,-1.0
843,701,1.0
326,107,1.0
503,671,1.0
571,268,-1.0
602,315,1.0
499,695,-1.0
381,104,-1.0
464,392,-1.0
656,555,1.0
513,75,1.0
672,358,-1.0
843,593,-1.0
733,717,1.0
546,377,1.0
308,621,1.0
821,471,1.0
850,501,-1.0
881,22,1.0
381,484,-1.0
746,188,-1.0
284,336,1.0
219,370,1.0
1027,471,1.0
144,73,-1.0
794,707,-1.0
407,380,1.0
718,295,-1.0
352,164,1.0
988,713,-1.0
381,643,1.0
843,106,-1.0
1118,474,1.0
308,325,0.0
906,57,-1.0
205,175,1.0
1073,102,1.0
190,558,-1.0
625,505,1.0
270,495,-1.0
935,138,-1.0
144,2,-1.0
712,384,1.0
490,118,1.0
73,333,-1.0
226,288,1.0
1039,183,-1.0
526,113,-1.0
850,149,-1.0
843,418,1.0
219,540,1.0
395,738,-1.0
381,40,-1.0
213,714,1.0
709,700,-1.0
536,171,-1.0
144,3,1.0
806,218,1.0
282,501,-1.0
597,487,1.0
144,727,-1.0
98,519,-1.0
629,134,1.0
719,484,1.0
926,333,1.0
1027,643,1.0
127,199,1.0
514,595,1.0
410,149,1.0
144,346,-1.0
942,426,-1.0
546,283,1.0
621,327,1.0
751,618,1.0
883,311,1.0
843,190,1.0
381,395,-1.0
859,514,1.0
1027,170,-1.0
381,244,-1.0
270,294,-1.0
11,724,1.0
794,267,-1.0
1027,511,1.0
781,472,-1.0
843,709,-1.0
653,275,-1.0
597,87,1.0
1037,698,-1.0
381,172,-1.0
3,661,-1.0
270,584,0.0
88,526,1.0
483,399,1.0
43,508,-1.0
416,732,-1.0
381,28,-1.0
1027,422,1.0
65,650,-1.0
248,81,-1.0
725,708,1.0
172,611,1.0
310,664,-1.0
1127,444,1.0
310,702,-1.0
381,646,1.0
739,39,1.0
1025,34,1.0
115,521,0.0
929,648,-1.0
192,667,1.0
445,515,-1.0
794,392,-1.0
460,600,1.0
67,565,-1.0
292,432,1.0
1027,506,-1.0
1007,620,-1.0
907,514,-1.0
989,127,1.0
219,570,1.0
381,721,1.0
557,658,1.0
850,200,-1.0
1000,108,1.0
381,140,-1.0
1188,364,1.0
430,410,-1.0
645,348,-1.0
802,322,1.0
843,733,1.0
381,451,-1.0
683,572,-1.0
686,411,-1.0
794,195,-1.0
119,79,-1.0
420,440,1.0
839,673,1.0
794,171,-1.0
78,446,0.0
445,290,-1.0
555,476,-1.0
381,259,-1.0
843,105,1.0
624,567,1.0
381,509,-1.0
371,642,1.0
884,593,-1.0
829,737,1.0
816,180,1.0
1064,140,1.0
832,126,1.0
977,103,-1.0
898,226,1.0
1096,504,-1.0
589,329,-1.0
612,624,1.0
4,728,-1.0
95,709,-1.0
14,1,1.0
1120,491,1.0
79,510,1.0
381,219,-1.0
1114,71,1.0
24,563,-1.0
401,391,0.0
176,460,1.0
989,690,1.0
514,431,1.0
381,444,-1.0
439,627,-1.0
1027,3,-1.0
600,442,-1.0
1181,687,-1.0
764,304,1.0
725,159,-1.0
1196,78,-1.0
794,209,-1.0
310,288,-1.0
1190,739,-1.0
514,553,1.0
564,63,-1.0
158,361,1.0
413,583,1.0
1083,739,1.0
381,292,-1.0
546,334,1.0
843,208,1.0
605,378,1.0
1171,596,1.0
219,510,1.0
683,230,-1.0
308,287,1.0
794,4,-1.0
374,458,-1.0
352,133,-1.0
546,250,1.0
1064,292,1.0
794,407,-1.0
885,329,1.0
1027,343,1.0
265,571,-1.0
516,0,1.0
647,282,-1.0
1018,283,1.0
1104,261,1.0
647,25,1.0
514,277,1.0
381,10,-1.0
381,405,1.0
1069,429,1.0
1183,436,-1.0
980,670,1.0
986,257,-1.0
843,85,1.0
930,551,-1.0
471,140,-1.0
1007,553,1.0
327,630,1.0
211,306,1.0
435,396,1.0
564,351,1.0
679,323,-1.0
352,204,1.0
960,28,1.0
777,171,1.0
597,393,1.0
233,330,1.0
558,69,-1.0
620,407,1.0
381,307,-1.0
1158,186,-1.0
794,640,-1.0
426,470,-1.0
352,325,1.0
843,296,-1.0
352,110,1.0
545,598,1.0
950,271,-1.0
199,522,1.0
621,11,-1.0
926,485,-1.0
1027,120,1.0
492,681,1.0
828,101,1.0
850,258,-1.0
843,737,-1.0
843,705,-1.0
1033,475,1.0
267,345,-1.0
850,71,-1.0
829,739,1.0
843,712,-1.0
727,468,1.0
381,634,-1.0
1140,5,-1.0
597,724,-1.0
850,118,-1.0
224,486,1.0
926,13,-1.0
621,535,-1.0
381,432,-1.0
865,384,-1.0
369,647,-1.0
843,736,1.0
381,354,-1.0
480,577,1.0
381,249,1.0
187,467,1.0
843,71,-1.0
843,56,-1.0
676,447,1.0
381,409,-1.0
514,406,1.0
206,564,1.0
546,14,1.0
187,212,1.0
888,657,-1.0
214,30,1.0
743,563,1.0
664,76,-1.0
85,49,1.0
382,169,1.0
481,313,-1.0
843,12,-1.0
529,347,1.0
514,148,1.0
562,98,1.0
1024,597,0.0
381,632,-1.0
1147,548,-1.0
1184,563,-1.0
2,719,-1.0
381,205,-1.0
144,471,-1.0
854,416,-1.0
802,172,1.0
445,733,-1.0
889,250,-1.0
112,491,-1.0
381,138,1.0
824,242,-1.0
381,153,-1.0
734,603,-1.0
842,185,1.0
843,408,-1.0
381,315,1.0
1017,674,-1.0
794,595,-1.0
308,276,1.0
963,307,-1.0
926,240,-1.0
369,104,1.0
1003,106,-1.0
599,591,-1.0
285,546,1.0
597,232,1.0
924,278,-1.0
381,535,-1.0
47,202,-1.0
381,53,-1.0
504,192,-1.0
381,675,-1.0
850,345,-1.0
989,291,1.0
1133,519,-1.0
52,14,-1.0
18,205,-1.0
908,179,-1.0
685,130,-1.0
1006,487,-1.0
219,515,1.0
310,448,1.0
155,253,-1.0
381,152,-1.0
442,461,-1.0
144,643,-1.0
887,516,-1.0
303,603,1.0
157,95,-1.0
627,148,1.0
850,452,-1.0
308,209,1.0
354,316,1.0
506,21,-1.0
381,278,1.0
135,390,-1.0
189,711,-1.0
910,81,-1.0
843,527,-1.0
74,290,0.0
939,575,1.0
362,168,-1.0
120,356,1.0
862,31,1.0
44,646,-1.0
1053,99,1.0
940,365,-1.0
597,366,1.0
881,235,1.0
134,601,1.0
644,391,1.0
1026,91,1.0
502,42,1.0
292,80,1.0
308,235,1.0
225,428,-1.0
843,286,-1.0
532,28,1.0
863,279,1.0
843,214,-1.0
13,5,-1.0
219,18,1.0
794,166,-1.0
381,584,-1.0
219,177,-1.0
381,686,-1.0
126,661,1.0
864,23,1.0
381,413,-1.0
1105,187,0.0
850,167,-1.0
597,739,1.0
1185,295,1.0
850,429,-1.0
329,122,1.0
423,608,1.0
1178,53,1.0
1102,129,1.0
794,49,0.0
794,132,-1.0
200,497,1.0
819,498,1.0
101,720,-1.0
341,284,-1.0
909,660,-1.0
592,725,1.0
843,185,1.0
843,471,-1.0
1121,113,1.0
881,545,1.0
1027,103,1.0
1015,235,-1.0
257,453,-1.0
381,297,-1.0
770,219,1.0
443,320,-1.0
775,34,-1.0
1131,465,1.0
720,582,0.0
671,583,-1.0
694,275,-1.0
910,530,1.0
219,48,0.0
794,431,-1.0
367,628,1.0
822,409,1.0
1134,735,1.0
549,35,0.0
794,553,-1.0
881,38,1.0
1047,170,1.0
62,292,1.0
390,741,0.0
40,86,-1.0
919,515,1.0
158,59,1.0
843,240,1.0
381,290,-1.0
558,193,1.0
381,55,1.0
1111,61,-1.0
1166,689,1.0
1159,9,1.0
381,499,-1.0
1022,414,1.0
796,357,-1.0
843,228,-1.0
503,140,1.0
955,231,-1.0
920,64,-1.0
843,643,-1.0
1132,226,-1.0
664,722,1.0
296,718,1.0
500,547,-1.0
641,342,1.0
794,277,-1.0
8,274,-1.0
576,163,1.0
513,75,-1.0
204,720,0.0
423,244,1.0
219,678,1.0
362,211,1.0
50,688,-1.0
960,12,-1.0
621,141,-1.0
843,735,1.0
493,606,1.0
391,430,1.0
246,632,1.0
1056,252,1.0
381,58,1.0
407,380,-1.0
533,545,-1.0
843,36,1.0
123,60,1.0
1014,693,0.0
270,315,0.0
381,21,-1.0
566,109,1.0
405,98,-1.0
546,647,1.0
597,502,1.0
381,512,1.0
45,457,-1.0
1027,705,1.0
144,183,1.0
903,134,-1.0
843,418,-1.0
392,96,1.0
1027,712,1.0
87,663,-1.0
830,402,-1.0
331,357,1.0
1189,62,1.0
685,82,1.0
82,88,-1.0
352,153,1.0
701,519,1.0
1063,582,-1.0
726,584,1.0
59,497,-1.0
346,318,1.0
1074,489,1.0
134,712,1.0
618,609,-1.0
730,727,1.0
552,659,-1.0
514,308,1.0
911,198,-1.0
402,309,1.0
335,105,-1.0
983,137,1.0
381,492,-1.0
776,102,1.0
628,543,-1.0
381,339,-1.0
1032,373,1.0
381,80,-1.0
369,10,1.0
843,646,-1.0
439,57,1.0
663,436,1.0
794,531,-1.0
899,97,1.0
144,305,1.0
381,331,1.0
367,356,1.0
677,355,1.0
1026,264,-1.0
794,406,-1.0
597,24,1.0
308,436,1.0
389,714,-1.0
811,18,1.0
998,368,-1.0
304,343,1.0
86,613,1.0
939,294,1.0
183,538,-1.0
843,273,1.0
466,63,1.0
978,120,1.0
843,678,1.0
843,721,-1.0
381,319,-1.0
794,148,-1.0
739,39,-1.0
511,607,-1.0
381,676,-1.0
843,725,1.0
987,684,1.0
144,477,1.0
295,630,-1.0
292,89,1.0
128,690,1.0
514,243,1.0
878,225,1.0
546,616,1.0
1027,457,-1.0
1027,408,1.0
381,96,-1.0
774,693,-1.0
850,343,-1.0
161,162,1.0
275,409,1.0
602,584,-1.0
843,159,-1.0
1064,319,1.0
843,293,-1.0
677,316,1.0
843,692,1.0
352,256,1.0
1027,331,1.0
540,649,-1.0
113,731,-1.0
1153,531,1.0
1027,54,1.0
1064,96,1.0
946,221,0.0
850,543,-1.0
829,57,1.0
1107,721,-1.0
1092,272,1.0
680,264,1.0
935,154,1.0
1104,198,1.0
794,427,-1.0
1165,321,1.0
1010,398,-1.0
1064,671,1.0
871,593,-1.0
219,642,1.0
646,683,1.0
1049,391,-1.0
283,593,1.0
1129,414,-1.0
967,114,-1.0
118,205,1.0
219,191,-1.0
564,707,1.0
843,237,1.0
112,267,0.0
794,437,-1.0
880,263,-1.0
791,721,1.0
584,49,-1.0
876,687,1.0
60,181,-1.0
612,624,-1.0
1027,527,1.0
922,213,-1.0
742,622,-1.0
381,733,-1.0
767,376,-1.0
514,666,1.0
137,300,1.0
169,241,1.0
1166,102,-1.0
603,614,1.0
1014,514,1.0
989,272,1.0
514,584,0.0
803,206,1.0
372,123,1.0
1027,214,1.0
352,183,1.0
721,385,-1.0
256,505,-1.0
627,246,1.0
700,438,-1.0
381,103,1.0
1060,502,1.0
1150,199,-1.0
25,261,1.0
1171,596,-1.0
601,548,1.0
493,303,1.0
929,354,1.0
1027,263,1.0
1014,70,0.0
381,556,-1.0
362,298,1.0
219,290,1.0
381,404,-1.0
688,655,-1.0
191,23,-1.0
1167,691,-1.0
524,138,1.0
352,295,1.0
941,46,1.0
1072,663,1.0
881,591,1.0
1100,449,1.0
1175,577,-1.0
381,151,-1.0
95,625,1.0
778,215,1.0
445,735,-1.0
829,82,1.0
308,22,1.0
829,91,1.0
763,633,1.0
689,451,-1.0
445,4,-1.0
808,50,1.0
352,617,1.0
574,660,1.0
850,581,-1.0
295,33,1.0
404,394,1.0
381,231,-1.0
508,134,1.0
597,529,-1.0
292,587,1.0
1193,331,-1.0
1027,477,-1.0
473,300,1.0
1077,352,-1.0
585,406,-1.0
843,344,-1.0
514,158,1.0
966,0,1.0
39,41,1.0
209,139,-1.0
597,636,-1.0
597,234,1.0
292,489,1.0
144,623,1.0
276,734,1.0
843,191,-1.0
23,217,1.0
410,581,1.0
199,522,-1.0
565,639,1.0
1061,219,-1.0
288,247,1.0
1027,228,1.0
1111,579,-1.0
794,746,-1.0
540,419,-1.0
381,636,1.0
251,733,-1.0
326,632,1.0
817,239,-1.0
381,345,1.0
144,131,1.0
706,557,-1.0
464,117,1.0
769,473,1.0
813,470,1.0
144,381,-1.0
850,430,-1.0
96,621,-1.0
302,127,-1.0
951,669,1.0
324,146,-1.0
514,63,1.0
9,110,-1.0
369,440,-1.0
352,725,1.0
322,92,-1.0
1115,313,1.0
255,205,1.0
546,660,1.0
198,326,1.0
381,400,-1.0
233,533,1.0
514,471,1.0
514,95,1.0
196,207,-1.0
843,370,1.0
1030,225,1.0
229,48,0.0
634,338,1.0
381,193,-1.0
42,165,1.0
383,593,1.0
452,267,-1.0
1001,383,1.0
990,338,1.0
239,464,1.0
381,330,-1.0
214,30,-1.0
381,658,1.0
579,724,1.0
381,744,-1.0
843,138,-1.0
744,43,1.0
913,115,-1.0
1073,252,1.0
663,393,-1.0
794,532,1.0
211,305,1.0
843,315,-1.0
194,519,-1.0
352,459,1.0
50,645,-1.0
1125,670,-1.0
116,130,1.0
1014,438,0.0
634,479,1.0
381,270,-1.0
832,456,1.0
843,170,1.0
615,743,1.0
173,561,1.0
861,685,1.0
829,526,1.0
71,746,1.0
843,540,1.0
788,422,1.0
326,337,1.0
144,55,-1.0
514,328,1.0
167,469,1.0
208,355,-1.0
548,92,-1.0
26,574,0.0
850,103,-1.0
928,628,-1.0
794,196,-1.0
232,67,0.0
593,602,-1.0
829,392,-1.0
381,176,-1.0
971,114,1.0
843,301,-1.0
1019,37,-1.0
234,731,-1.0
206,370,-1.0
1160,133,1.0
180,27,1.0
1035,637,1.0
158,289,1.0
144,712,-1.0
340,402,1.0
73,150,1.0
544,74,-1.0
693,385,1.0
162,477,1.0
1027,721,1.0
843,35,1.0
1163,697,-1.0
480,71,-1.0
785,512,1.0
318,135,0.0
843,378,-1.0
177,475,-1.0
1038,84,-1.0
390,227,1.0
381,128,1.0
877,531,-1.0
597,463,1.0
42,350,1.0
381,22,-1.0
627,559,1.0
514,77,1.0
336,416,1.0
1161,555,1.0
337,532,-1.0
514,281,1.0
306,570,1.0
219,733,1.0
966,503,1.0
1027,159,1.0
850,718,-1.0
268,636,-1.0
352,684,0.0
960,286,-1.0
1154,717,-1.0
959,314,0.0
794,243,-1.0
10,188,-1.0
381,669,-1.0
72,232,1.0
893,703,1.0
144,106,-1.0
138,66,0.0
321,423,-1.0
965,557,1.0
514,99,1.0
620,262,1.0
449,666,0.0
475,245,-1.0
1070,576,-1.0
761,317,-1.0
1064,278,1.0
381,489,-1.0
1016,610,1.0
1164,562,1.0
794,141,-1.0
861,375,1.0
210,169,-1.0
843,149,-1.0
1044,228,1.0
107,429,-1.0
307,14,1.0
352,151,1.0
1027,207,1.0
617,405,1.0
766,482,-1.0
843,357,1.0
794,278,0.0
989,88,1.0
608,135,0.0
595,504,1.0
572,189,1.0
636,516,1.0
1062,173,-1.0
829,331,1.0
171,422,-1.0
798,514,-1.0
613,188,1.0
866,528,1.0
794,666,-1.0
972,191,-1.0
1095,713,1.0
939,441,1.0
832,291,-1.0
843,55,-1.0
477,38,1.0
277,623,1.0
952,736,0.0
872,739,-1.0
306,31,-1.0
761,93,1.0
363,371,-1.0
1141,178,1.0
824,89,-1.0
292,634,1.0
144,697,1.0
635,452,-1.0
540,672,-1.0
228,689,-1.0
446,296,1.0
508,176,1.0
410,139,1.0
352,471,1.0
546,5,1.0
1020,381,1.0
381,613,-1.0
1090,656,1.0
615,551,1.0
843,120,-1.0
749,722,-1.0
305,709,1.0
229,26,1.0
352,530,1.0
609,350,-1.0
696,298,1.0
1194,640,1.0
144,401,-1.0
705,133,-1.0
843,58,-1.0
153,397,1.0
353,450,-1.0
634,740,1.0
227,554,1.0
925,451,1.0
673,527,0.0
926,600,-1.0
291,585,-1.0
423,244,-1.0
597,62,1.0
352,400,1.0
381,240,-1.0
843,574,-1.0
219,119,1.0
362,211,-1.0
1153,258,-1.0
886,691,1.0
892,537,1.0
381,534,1.0
381,403,-1.0
979,368,1.0
196,349,1.0
1098,342,-1.0
312,391,1.0
19,410,1.0
1128,359,1.0
352,454,1.0
843,732,-1.0
338,216,-1.0
794,158,-1.0
315,334,1.0
19,128,-1.0
872,727,-1.0
381,11,-1.0
544,128,1.0
621,568,1.0
352,142,1.0
247,615,1.0
1009,6,-1.0
121,166,-1.0
936,305,-1.0
1005,173,-1.0
1153,147,-1.0
1108,180,-1.0
381,162,-1.0
1027,718,1.0
619,643,-1.0
850,447,-1.0
829,727,1.0
292,53,1.0
1088,578,-1.0
1027,534,1.0
260,332,1.0
507,556,1.0
768,339,1.0
843,591,1.0
878,631,1.0
546,23,1.0
843,694,1.0
352,172,1.0
90,731,1.0
381,164,-1.0
1117,640,-1.0
1080,319,-1.0
514,699,1.0
376,7,1.0
1166,46,-1.0
794,695,-1.0
402,309,-1.0
850,633,-1.0
360,93,0.0
178,652,1.0
1027,304,1.0
158,638,1.0
381,311,1.0
280,504,-1.0
195,290,1.0
881,358,1.0
377,686,1.0
829,117,1.0
916,394,-1.0
474,472,1.0
792,535,1.0
1168,444,-1.0
441,204,1.0
829,386,1.0
704,494,1.0
352,592,-1.0
844,405,-1.0
1027,138,1.0
794,471,-1.0
731,484,-1.0
352,314,1.0
989,419,1.0
794,388,1.0
381,175,-1.0
186,419,1.0
1082,256,1.0
380,508,1.0
12,70,-1.0
381,129,-1.0
381,227,-1.0
217,681,-1.0
190,523,1.0
204,278,0.0
381,626,-1.0
227,387,1.0
487,301,-1.0
850,625,-1.0
1143,588,-1.0
15,266,-1.0
1064,129,1.0
166,249,-1.0
1053,110,1.0
510,415,1.0
436,208,1.0
381,165,1.0
732,638,1.0
843,640,1.0
937,195,1.0
821,493,-1.0
631,589,1.0
158,315,1.0
1084,378,-1.0
1027,301,1.0
54,717,-1.0
30,143,-1.0
992,360,1.0
794,333,-1.0
949,524,1.0
794,276,-1.0
445,357,-1.0
144,117,1.0
1027,118,1.0
339,358,1.0
325,334,-1.0
147,639,-1.0
269,200,1.0
1043,730,-1.0
939,98,1.0
850,279,-1.0
975,19,-1.0
352,444,1.0
144,645,-1.0
381,692,-1.0
381,448,-1.0
1121,27,1.0
525,674,1.0
381,662,-1.0
568,223,-1.0
597,670,1.0
843,103,-1.0
55,151,-1.0
348,694,1.0
546,673,1.0
597,508,-1.0
381,16,-1.0
200,389,1.0
150,634,1.0
585,114,1.0
445,177,1.0
406,379,0.0
1189,507,1.0
381,430,1.0
47,440,-1.0
587,187,1.0
514,48,1.0
710,302,1.0
794,99,-1.0
964,496,1.0
381,59,-1.0
543,142,1.0
881,190,1.0
794,235,-1.0
829,12,1.0
99,696,-1.0
381,350,1.0
829,213,1.0
122,602,1.0
539,705,-1.0
989,254,1.0
881,361,1.0
292,533,1.0
102,484,1.0
675,90,-1.0
207,665,1.0
352,728,1.0
514,592,-1.0
1164,644,-1.0
1027,727,1.0
1129,617,1.0
1108,520,-1.0
105,158,0.0
843,18,1.0
229,723,-1.0
261,566,1.0
144,293,-1.0
440,312,-1.0
381,125,-1.0
664,250,-1.0
80,218,-1.0
809,240,0.0
794,190,-1.0
850,594,-1.0
806,194,1.0
320,490,-1.0
957,364,-1.0
843,720,1.0
17,723,1.0
179,595,1.0
