110
393,482,547,665
433
607,748
137,271
122,447
5
94,100,112,220,302,367,378,416,420,434,513,548,663,666
70,201
723
91
598
150,207,214,245,284,326,566,605,657,677,706,741
294
49,733
455
732
185
184,349
167
638
8
97,435
231,282
97,593
61
343
79,212,436,622
215
718
732,750
301
19
391
291,403
565
121,660
421
157,366,504
65,711
97,525
48
87
307
97,530
356
397
293
295,626
485,539
164,630
577
28,250,510
601
424,676
45,95,190
118,194,293,380,723
589,688
264,313,749
413,487
599
118
560
627
417
237,486
137
714
589
425,574
446,564,615
478,500
236
4
177
97,186
69,117
664
427,692
465
673,691
345
281
610
4,75,702
43,737
198,737
217,633
76,621
528
488,579
411,695
124,356
31,422
7,291
503
386
188
615
499,738
354,404
85
143
10,125,191
11,118,194,293,723
333,585,748
531
655
431
291
684
82
145
265
213
722
184
222
349,655
669
583
683
636
547
317,730
641,661
62
304,633
365,621
560
667
585
253,494
9
659,712
116
18,465,748
225,230,315
356,391
670
32,171,734
551,729
222
549
336,371,437
398,495
55,257
97,549,585
319,647
170
413,572
65,446,564
90,340,440
249
71,390,650
43,306
176
318
537
514
116,643
169
521
183,277
588
438,465,748
628
134
172,394
260,293,529
54
699
540
53,239,279,388,468
221,285
102,230
38,375,455
167,291
27
69
689
68
149,349
98
208
584
639,681
246
556
129,441,637
128
4,75,353
118,194,293,653,723
720
8,172
42,81,113,160,196,324,332,369,396,418,423,453,492,502,507,519,522,527,550
298,524
559
433,464
72
18
305,672
6,681
520
742
607
132
745
290
406,475,606
37
128,322,515,656
141,568
309
283,382
668
139
361
288,529,604
674,678
84,287,725
229,339
140
376
276
118,293,529
244,602
444
623
565,721
252,500
136
435
67,73,445,563
258,715
19,271
411
206
449,571
231,297
268,732
201
728
103
268
93,286
248
710
617
102,156
217
118,194,293,456,723
642
288
29,60,173,224,263,384,439,473,480,497,591,679,694,701,744
746
454
571,614
13,400,475
239,279,388,468,511
532
12,127,163,523,555,576,631,658,685
408,447
428
471,590
34
325,477,536,611
205,277
569
618
65,750
350,442
104,443
644
76
587
35,649
168,292
517
40
118,194,293,578,723
356,628
365
581
647
77,209
594
559,688
97
421,516
615,750
339
199
7,356
458,520
661
552
26,204,255
186,373
374
118,144
21
174,280,503
448
304
479
624
64,597
133,189,640
646,700
712
221,414,600
153,509
508,693
530
243,426
344
118,194,293,723,743
322
66,690
162,194,293,316,493
193
8,92,364
199,327
516,648
393,723
17,262,684
291,391
204,255,334
731
632
37,464,732
93
210
97,294
154
356,376
248,399,459
50,118,194,293,596,723
465,633
118,194,293,331,723
357,609
424
616
342
165,303
260
515
421
291,458
39
223
277,602
238,267,273,451
249,349
193,580
528,670
105
118,194,293,311,723
158
627
124
747
438
268,664
172,632
163,467
3
688
648
542
172,448,748
327
3,654
234,571
400,619
393,482,665,723
705,732
291,376
218
179,300
377
118,194,293,526,723
51,240,278,608,617
235
422
282
56
114,338,389,505
569
246,291
131,181,197,227,254,312,372,534,582,620,733
383
317,588
450,610
105,585,748
395
77,151
356,403
333
295
70,241
167,356
358
633
458
707
194,293,316
394
257
429
702
158,172
115,588
615,711
162,493,747
410,708
695
148
316
651
7
74,716
61,748
187,385
496,704
149
432
194,288,498
144,260
269
687
558
574
6,234,681
195
430
80
272
643
259
403
299
187
135,415,698
460
277,337
232
506
238,267,323,483
226
14,15,46,88,126,203,328,419,489,538,652,662,713,739
246,356
525
223,461
172
392
509
83,387,462
496
35,545
63,370,703
654
219
375
240
271,521
298,722
676
593
65
4,75,353,571
25
107,595
280,503
356,458
129,490,637
475,606
0,691
80,274
363
27,541
56,134,307,552
629,686
501
482,665
31
52,477,536,611
89,230
30,204,255
242
680
