2850,2847
2101,2096,2098,1672,2100,2099,2102
1235,7
2849,2851
398,1114
14
2407
16,17
16,17
2382,1441,2839,2354,2388,2130,2189,2771,2226,2129,2138,2786,2395,2188,2793
18
19
21
21,1391
25,24
23,2418
26
28
29,939
29,180
238,30
31
1152,31
32
32
336,33
34
42
43
44
44,2108
46
165,46
47,908
48
49
50
52
61
61,1447
2449,1679
1679,2449,778
968,732
1505,968
1679,1682
2296,2240,2304
2297,2241,2305
69
75,72,74,71
77,78,76,164
77
79,80
79,1612
83
41,40,90,86,88,89,91,87
98
102
98,1411
1273,1549
109
1143,1278,990,831,1625
2456,116
2198,115
1469,1446,116
115,731
115,2497
1458,118
117,783
129,126,131,161,2603,124
120,122,121
1469,1446,125
125,2456
2497,125
783,127
1469,146,1446
2456,146
144,145,2604,153,150
147,731
149,1458
148,783
2639
2113,2114
154,155
1469,156,1446
2456,156
156,2497
1458,158
157,783
2520
2495,160
1126,465
165
1221,166
168
169
171
172
173
174
176
175
178
1878,409,1872,177,1503,823,1511,1757,186,1139,183,185,2065,1867,822,1120,825,1220,985,912
187,179,2373
1541,2048,2047,759,2375,868,2063,2380,1477,2787,1871
189
194
194,1494
2840,2232,2205,2748,2775
231,2283
1090,232
233
2248,233
237
201,94,1461,1457
1815
848,255
263
264
266
267
268
269
270
271
1398,271
272,780
276
278
381,280
283
285
287
287,77,2380
1387,77
289
292,281
289,1102
289,2380
73,296,102
2062,289
237,297
298,1689
102,73,301
303
305
306
307
308,763
806,308
1447,309,2070
1447,2077,309,2070,1676
1676,2622,1447,2077,309
314,313
277,315
317
318
319
880,1808,1567,2583,1566,1557
324
325
325,327
325,502
2796,2227,2321
328
335,932,931
1678,1677
344
345
346
346,1654
351
2422,2803,2233
351,352
848,356
849,357
359
957,359
360
364
2792
399,368
371,1689,1539,2103
380,378
380
384
2857,2738,2376
384,385
388
391,393
389,392
270,390
1262,1261
397
741,397
370,369
401
339,338
403
766
1008,1007
1524,763,2088
405,1810
411
413
417
418
418,1235
1016,437,433,1012
431
1322,431
1335,431
435
435,1322
435,1335
442
1518,2380,442,477
1273,1549
1549,1375,1273
445
447
838,303,444
450
1473,412
452
1809
461
468
467,466
472
473
307,898,472
475
476
477
496
498,1711,866
501,500
1403,1671,527,1565,2040,420
464,504
504,898,307,523
505,2115
505,2806
507,523,898,307
509,307,523,898
898,307,508,523
307,513,523,898
523,514,898,307
307,523,515,898
307,523,517,898
523,898,307,518
523,898,516,307
1123,516
503
898,307,523,503
898,307,521,523
523,898,522,307
523
2060,531,532,328,533
1847,1204,2053,2056
331,330,334,329,333
1549,1375,1273
547,546
549
2257,2265,904,2261,2262,845,847
1921,845,847,2257,2265,2262,1546,904,1545
2742,2226
2400,550
746
556,552
555,559
553,557
1710,1743
584,578
117,781
604
604
606
606
614
631,629,627,633
630,632,628,626
649,622
621,648
618,620,616
615,619,617
642,614,891,579
891,641,639
584,591,588,643
638,637
634,644
690,692,686,682,684,688
654,700,681,679
680,1881
698
701,699,891
587,586,583,590,585,584,591,810,581,578,582
706
706
705,703
1427,707
781,157
716
2773,716
2299,2307,719
2308,2300,718
540,1707,537,774
536,1706,773,539
723,725
724,726
2317,1099,1094,734,1095,2799,209
731
733,731
735
735,736
740
741
769,806
745,167
2112,98
167,743
167,748
751,749
752,754
1235,753
757
760
761
763
767
778
1797,1803,1358,1800,97
780
1705,780
780,756
1460,782
780,757
788
790,791
790
791
791,792
2302,1121
793
794
798
806
807
2780,808
809
826
826
828
828
835
829,1135
826
1135,830
831
832
833
834
838
2664,1944,1906,1186,2665,1832,1667
1944,918,2834,1186,1832,2833,1667,1906
1832,2833,1944,1667,1906,2834,1186
379,842,1944,1977
843,1271
842,1391
910,2737,1909,918
918,1865
974,470
2261,2265,2262,847,2257
2265,2262,847,2257,2261
413,1959,910,1953
1939,1978,1959,1937,1977,1944,1952,1971,1947,1963,1960,1946,1938,1955,1966,1975,1994,1969,1967,1843,1949,1993,1953,842,1543,1905,1968,1940,1964,969,379,1980,1909
328,2265,2060,847
848
854
856
857
858
1552,1805,798,874,1808,1806,1804
548,1273,543,364,1794,443,569,1860,476,1554
543,364,1794,443,569,1860,476,1554,1375,548,1273
548,569,476,1554,1375,1273,543,364,1794,1408,443
867,395
1808,873,1806
364,1408,1554,443,884,1273
548,1794,569,1808,476,871
548,569,1808,476,1859,1794
1551,798,1806,1804,1805,876
798,1808,875,1806,1804,1552,1805
1808,798,1552,1806,1804,1805,876
1375,1273,364,569,1794,1408,1554,443,548,476,543
874
882
798,1808,1806,1804,1552,1805,877
1805,879,798,1552,1808,1806,1804
1808,1552,1806,1804,1805,881
1808,882,1552,1806
1552,880,1808
1808,880,1557
888
889
2055,2051,2058,2050,2054,2057,2059,2052
890,1398
891
901
899,717,98,1359,1492
1360,899,717,98,1492
965,1787,899
901
902
904
892,893,896,894,897,895
510,512,511
916
917
918
919
920,1811
923,1856
924,1857
1018,925,1717
1019,926
933
934
935,938,937
939
936,940,939
940
947
2121,2295
948,947
949
950
951
2768,2767,2801
952,951
2698,2797,2124,2311,2287
958
1489,2063,887,1215,1541,959,2641,2047,190,2049
959,2269
964
965
966
967
1358
969
971
921,971
974,972
973,2386
979,977
978,1109
1464,984
984,1446,2540
984,1468
1751,983
2498,983
759,2049,2375,868,2063,1541,1477,2787,1871,2379,2047
1089,987
1619,1089
1089,1525
827,916,1146,1510
1143,989,1278,1625
1143,1278,991,1625
1278,990,1625,1143
993
995
2167,2067
22,2831,2067
312,996
997,275
275,998
366,2630,996,2612
1000
1001,2611
1002,337
1003,499
1004
273,1005
2380,102,73,289
73,2380,102,302
2680,815,820,1278,813,1413,819,817,814,1421,816,1352,829,1143,1424,830,818
1010
1010,1335
1014
1324,1014
1335,1014
2764,2132,2210,2802
1023
1027
1034,1284
2660,1020,1764
2618,1085
1724,1086
1087
1089
2315,2092,958
1096
1097
1102
1097,1106
2320,1107
1109
1110
1111
1113,350
1118
1809
451,276,406,1480,918
1102,2380
1362,464
457,455
272,1132
782,1132
1133,1459
1132,1469
1680,1132
1132,2623
1132,2624
1132,2456
1135
1136
1137
1140
1140,1240
1142,2229
1143
1147
1140,1787
1152
1160,1158,1155
1154
1156
1157
1175
1178
1179
1177,1178
1824,1183
1184,900
1186
2666,1186
1189
1188,1722
2010,1195
1195
1196
1198
1203
1205
1206
1209,1563
1216
1217
1218
1218,1178
1219
113,551,85
551,2073
551,85
1227
741,1227
1232
1233
1234
1740
1239
1241
1242,1245
1246,1243
1244,1247
1235,336
1305,1235
1252
1254
1255
1258
850,1267,1790
1269
1270
1271
1272
1278
1279
1283,1280,1282,1281
2374,2781,2219
1285,1035
1286
1392,1540
1293
1294,1299,1295,1298
1537,1296,1701
1300
1301
1302
1303
1304
1305
1307
1498,1308
1309,264
1310
1305,1737
1311
1312
1317
1318
2011,1321
1330,1328,1338,1320,1326,1327,1332,1319,1331,1325,1340,1339
1322,2012
1329
361,1148,1297,497,1426
316,1334
856,1334
858,1334
1334,1206
1336,1333,1337
1342,1344
1343,1342
1345
1351,1350,1346,382
2083,1347
1352
1352,1135
1354
1357
1358,372
1483,2753,1484,2215,2252,2136,422,2372,2216,2213,2251,2209,2355,2253,2808,2165,2254,2133,2250,2809,2190,2184,2182
1364
1368
1368
1369,986
1369,1415
1370,993
1372
1373
1373,1538
1374
1375
1376
287,2380
2380,2183
70,2380,2183,1416
2183,1416,70,2380
1388
1270,1271
1527,1383,36,1379,1381,1384,1520,1474,1831,1380,1394,1268,1395,1396,1378,1669,1382,1377
1260,1259
1397
1397
1399
1401
526,1402
605,611
1405,1882
635,613
636,1406
1854,14
279,317
317,278
1410,1412
1413
1415
1416
1421
1422
1423
1424
1427
1430
1447,1435
1436,2565
1438
1444
1446
1447
1447,2070
1453,1452
1455,1450
162
202,204,1116,1497,208,2856,2087,762,2086
1456
1215,190,2641,2048,2047,1489,2063,887,2315,1541,958
1391,960
1458
1458,1460
2036,1446
1465,1466
2166,1467
779,1469,1446
1469,1470
1469
2839,2771,2122,2798,2277,2682
1476
1476,2292
1476,1318
1478
1479
460,1745,1536,542
1488
1877,1488
2581,1493
1498
1500,1501
1499
1502
2485,2487,2486
1508
597,529
530,2461
1513
1196,1513
1514
1514,102
1837,1514
1190
1498,1515
763,1516
806,1516
1518
1518,763
1518,806
2558
1524,806
1526
1528
1531,0
1521,1531
2541,1531
2446,1522,1180,2377
1153,1522,1180,2377
2377,2586,2446,1522
1533,2,2369
2696,2369,1533
1522,1534,2586,2446
1535
1790,1537,1701,850,1267
1538
1542
1542,2699
1543
1544
1545
1546
1555,364,395,2172
1808,1566,1557,880
1557,2173
1807,1556
1567
1625,1087
1413,1421,816,1352,1143,1424,820,1278
1571,1569
1572,1570
2390,2754
1573
2414,2402,2405
2787,869,2048,2047,2063,1215,1541,1477,2641,1607,958
2771,2371,2751
2048,2047,2063,2362,1541,1477,2641,2367,1607,958,1215,2854
2047,2366,2048,2063,1477,2843,958,1215,1541,2641,1607
2048,2063,2362,1477,2367,958,1215,1541,2641,1607,2853,2047
2063,1215,1541,1477,2641,1607,958,2363,2844,2048,2047,2367
2063,2852,1477,2367,1607,958,1215,1541,2363,2844,2641,2048,2047
2063,1541,1477,2641,1607,958,2842,1215,2848,2363,2048,2047
1215,1541,1477,2641,1607,2364,958,2048,2047,2843,2063
1215,2365,1541,2641,2048,2047,2063,1477,1607,958
1215,1541,1477,2641,1607,2364,958,2848,2048,2063,2047
2047,2048,2063,2391,1477,958,1215,1541,2641,1607
2063,1477,2367,1607,958,1215,1541,2363,2854,2641,2048,2047
1524,763
1617,1526
889,846,324,844
456,454
1614,407
1619,1618
1615,2088
1525,1616
1391,1617
1541
1354,988
1354,988
1525,1620
820,1424,813,819,815,1413,817,814,1421,816,1352,818
1630
1631
1632
1141,2187,1636,2010
1633,27
2230,1633,27
2274,1639,905
2230,27,1637
2274,1638
1637,2229,27
1637,2229
1637,2231,27
1640
1668,1641
1608,2328
1646,1558
1643,1609
1644,1646
1608,2324
1609,1645
1608,2327
1646,1651
1609,1647
1608,1649
1608,1650
1652,1608
1658,1657
1655
418,1661,98
1656,920
1659,1653
2326,1608
1608,2328
1558,1658
1609,1660
1658,1665
1608,1663
1608,1664
1666,1608
1667
421,1671,1755,2040
1266,1263,780
2511,1803,1358,722,2502,2503,2504,97,1797,2509,2500,2505,2510,2499,2507,1800,2506,2508
1680
1681,1683
1670,1684
1685,1403
1686
1687
1687,2255
1688
1689
1693,2774
1702
1703
1704
1705
1718,1712
1712,1717
1714,1235
1719,2628
1720
1722
1723,1721
1718,1712,1723,1721
1725
1725,1398
1736,902
1741
2327,1742
1739
1741
1741
1900,1738
1746,1749
1746,1749,1750
1752
180,1668,1641
1352,1143,1424,1278,813,1413,1421
1143,1424,1278,1413,814,1421,1352
1424,1143,1278,815,1413,1352,1421
1352,1143,1424,1278,1413,1421,816
1278,1413,817,1352,1143,1421,1424
1278,1413,1421,1424,1352,818,1143
1352,1143,1424,1278,1413,819,1421
1352,1143,1421,1424,820,1278,1413
402,1640
1760
1762
2322,1694
1688,1788
2724,1787
1794
797,796,795
1778,1777,1779,1775,1774,1783,1772,1780,1771,1785,1781,1773,1782,1784,1793,1776
799,800
803,802,525,801,524,804,805,259
1810
2010,1810
1811
1119,1404,1866,170,811,2389,105,1756,54
1812,1814
1813,1639
1816
1655,1817
1819
1821,1823
1822,2085
1824
33,1824
1844,1845
1836
1235,1836
1837
1843
1850
1850,2185
1851
1140,1851
1853
1854
1854,1305
1855
2764,2132,2802
364,884,1554,443,1860,1273
2694,364,1554,443,1860,884
1841,1840,1842
1868
1869
918,110
549
2276,2275
1873
1874
1873,1875
1874,1876
1197
1735,107,2394,2312,2351,1427,2222,203,2356,459
1427,2222,104,203,254,459,253,1735,107
1884
1884,2727
1885
1885,2727
1899
1904
1905
1906
1907
1909
1910
1912
1915
1916
1917
1918
1921
1923
1931
1932
1935
1937
1938
1939
1940
1941
1944
1945
1946
1947
1948
1949
1950
1952
1953
1956,1954
1956
1957
1959
1960
1963
1964
1965
1966
1967
1968
1969
1971
1975
1976
1977
1978
1979
1980
1982
1983
1984
1985
1986
1987
1988
1989
1990
1991
1992
1993
1994
1995
1996
1997
1998
1999
2000
2002
2003
2004
2005
2006
2007
201,1461,1457,2007
2007,1398
1895,1896,1894,1897,1892,1593,1890,1891,1898,1886,1893,1887,1889,1888
2009
2009
429,2008
430,2008
2008,1341
2018
227,229,2016,228
2019
2020
2021
2023
2024
2026
2027
2029
2030
2031
2033
2034
2039
2164,2116,2684,2137,2743
2042
2041,2043
2046
2047
2055
2060
2062
2047,79
408,2047
1413,1421,1424
2787,2047,868,2048,2063,2380,1225,1479,958,1226,1393,1541,1477,2641,1607
1430,531,1272,2068,533
868,1541,1479,1477,2641,1607,958,295,2787,2379,2063,1225,2047,2049,1226,1393
1607,958,1226,1393,2787,1541,2641,290,1225,2047,2049,2379,868,2063,1479,1477
1479,1477,1607,958,1226,1393,2787,1541,2641,1225,2047,2049,2379,291,868,2063
2049,282,1393,868,2063,1541,1479,1477,2641,1607,958,1226,2787,2379,1225,2047
2049,1393,868,2063,293,1541,1479,1477,1607,958,1226,2787,2641,2379,1225,2047
2047,2049,2379,868,2063,1225,1479,1477,958,1226,1393,1541,294,2641,1607,2787
960,1087
332,2064,2061,2060
383,234,2074,1264,37,1265
310,2610,2617
85,746,2072
2078,2080,2079
2081,2527
2703,2081
2082,1519
1446,189,1519,2071
2085
2088
1105,2089
2091,2093
2108
2109
1153,1180,2636,1522
1180,2636,2446,1522
2636,2586,2446,1522
1119,170,2389
2135
2143,2140
2279,2278,2141,1374,2280
794,1748,2141
2148,2145
2279,2146,2278,1374,2280
2149
2151,2108
240,794
2152
2154,2108
1748,760,242
245,2156
2157,1374
1747,794,244
2159
247,2160
2108,2161
246,794,1748
249,252
250,794,1752
2166
1352,995
1531,2268
2185
2186
2196
2310,2672,2196
348,199,2106,602,1834,376,600
713,715,2076,711,709
710,708,712,714,2075
601,1835,2107,603,377,349,200
2429,2432,2430,2431,2445
2203
2096,2211
2327,1742
1742,2347
2328,1235
2235
2235,496
2236
2237
2236,2237
1432,1434
1043,1041,1045,1053,1070,1068
1052,1040,1069,1067,1042,1044
6,2246
2245
6,2247,388
2248
2255
2256
2258,2259
2263,1919,2260,1920
2267,2263,2260
2264,2266
2274
2278
2279
2280
2017,218,226,224,210,217,220,215,216,219,225
2283,2586,2446,1522
2284
2286
1089,1087
2293
2294,2096
394,1866,1756,170,2389,105,354,53,1119
2310,2108
2320
1763,22
2340,2337,2341,2338,2344,2339,2342,2343
2324
2325
2326
2327
2330,2335,2334,2332,2336,2331,2333,2329
2328
2329
2331
2332
2336
2346,1608
2347
1608,2349
1608,2350
772,535,207,2045,1032
771,2044,534,206,1031
81,2008
299,2008
2446,1532,1522,1180
2586,2446,1532,1522
2570,1531,2268
2559,1531,2268
2380
2383
2384
2385
2386
2396
2720,2705
2721,2706
2707,2722
2399,2725
2724,417
2726
2401,1535
2727,2046
2727,2399
2709,2728
2729,2710
2711,2730
1472,2403
2403,2406
2712,2731
2733,2714
2716,2734
2409,2415
2723,2410,2415
2411,2400
2412,2724
2401,2413
2735,2717
1152,2415
2417
1391,1621
2419
2420
2421
2424
2427
2433,1448
2440,2439,2438
781,2433
2436,1713
2435,2434
2433,1713
2556,2447,2554
2456
1504
782,2458
1469,2458
2623,2458
781,2460
2466,778,2614
2472,1458
2614,1493,2466,778
1720,2467
2581,2467
778,2469
757,2470
2469,1705,778
2470,2614
1460,2471
469,2476
782,2477
2477,781
469,2481
782,2483
2484,1459
1469,2482
469,2491
2492,781
2491,1125
2493,1680
1564,1210
2515
2532,2525,2524,2534,2601,2576,2539
2446,2526,1180,1522
2446,2526,2586,1522
2613,1363
1459,2529
2475
2577,2618,1085
2618,2582,1085
2544
934,2544
950,2544
2549
2552
2555
2563
2564,1447
2566
2567
2095,2571
2572
2573,2553
2582
2625,2626
319,2580
2626,2625
2583
2591,2590
2587
2595
2598
2464,2462,2463,2465
2453,2450,2454,2452,2455,2451
775,1708,541,538
2606,780
757,2607
2581,2606
1446,189,1519,2609
1446,2616,1519,189
2619
2621
2627,2629
2353,763
806,2353
2634,1523
2637,1440
2695,2635
2664
2665
2665
2667
2668,784
65,2675
2671
68,2675
2673
2676
65,2677
2677,68
388,2670
2678
2679
2689
596,528
2699
2704
2704
2706
2707
2708
2713
2714
2715
2716
2717
2718
2723
2724
2727
2755
1047,1061,1050,1062,1058,1063,1049,1064,1076,1046,1081,1071,1051,1040,1048
2757,2755
2765
2766
2773
2780
2795
1861,1864
1863,2108
761,1862,767
2806
2807
2810
2811
2811
2812
2316,1848,2270,2191,2789,1091,2313,2356,2769
2358,1092,2770,2314,2192,1849,2271
2819,2815
2782,2690,2739,2168,2790,2699,2775
2351,2128,2755,2312,2393,2782,2699,2775,2289,2207,2394,2748
2785,2701,2791,2740,2169,2777,2691
2784,2750,2291,2756,2741,2778,2702
2824,2821
2826,2823
2829,2008
2008,502,2829
1670,2830
2048,2063,2047,1393,868,1215,1541,1479,1477,2641,1607,958,2787
1352,2832
2067,2831,1216
2088,2837
1424,1413,1421,2831
2836,1278
1424,1352,2832,1143,1278,1413,1421
1215,1541,190,2641,2841,2048,2047,1489,2063,887
1093,2090
1215,1541,2641,2047,190,2049,1489,2063,887
1030,2845
2846,2543
1789,2846
2846,1788
1414,1371,1422,1425,1372,1353,1147,836,1144,1253
2859