0
1
8
412
412,1213
468
469
1049,1056,1063
1052,1059,1066
471
472,474,475
476
476,965
476,778
476,521
476,1093
476,1120
476,1193
1047,1054,1061
1048,1055,1062
1050,1057,1064
1051,1058,1065
1053,1060,1067
479,938,939
476,1039
470,1143
26,74,123,173,223,273,323,373,434,600,847,898
38,86,134,185,235,285,335,385,446,611,858,910
39,87,135,186,236,286,336,386,447,612,859,911
41,89,137,188,238,288,338,388,449,614,861,913
57,106,155,205,255,305,355,405,466,631,878,930
49,97,146,196,246,296,346,396,457,622,869,921
51,100,149,199,249,299,349,399,460,625,872,924
53,102,151,201,251,301,351,401,462,627,874,926
55,104,153,203,253,303,353,403,464,629,876,928
11,60,108,158,208,258,308,358,419,582,832,883
12,61,109,159,209,259,309,359,420,583,833,884
14,63,111,161,211,261,311,361,422,585,835,886
15,64,112,162,212,262,312,362,423,586,836,887
17,66,114,164,214,264,314,364,425,588,838,889
25,73,122,172,222,272,322,372,433,599,846,897
19,68,116,166,216,266,316,366,427,590,840,891
20,69,117,167,217,267,317,367,428,592,841,892
21,70,118,168,218,268,318,368,429,593,842,893
28,76,125,175,225,275,325,375,436,602,849,900
29,77,126,176,226,276,326,376,437,603,850,901
30,78,111,177,227,277,327,377,438,604,850,902
31,79,127,178,228,278,328,378,439,605,851,903
33,81,129,180,230,280,330,380,441,607,853,905
34,82,130,181,231,281,331,381,442,609,854,906
36,84,132,183,233,283,333,383,444,609,856,908
37,85,133,184,234,284,334,384,445,610,857,909
27,75,124,174,224,274,324,374,435,601,848,899
43,91,139,190,240,290,340,390,451,616,863,915
58,107,156,206,256,306,356,406,467,632,879,931
50,98,147,197,247,297,347,397,458,623,870,922
52,101,150,200,250,300,350,400,461,626,873,925
56,105,154,204,254,304,354,404,465,630,877,929
13,62,110,160,210,260,310,360,421,584,834,885
45,93,141,192,242,292,342,392,453,618,865,917
10,59,157,207,257,307,357,407,633,880,932
3,99,148,198,248,298,348,398,459,624,871,923
510
46,94,142,193,243,293,343,393,454,619,866,918
47,95,144,194,244,294,344,394,455,620,867,919
48,96,145,195,245,295,345,395,456,621,868,920
682,707,736,1111
40,88,136,187,237,287,337,387,448,613,860,912
512,982
562,568,645
513,756
513,758
514,515,517,518,831
790,1221
520
520,1011
520,1137
478
557,563,640,762,767,772
558,564,641,763,768,773
559,565,642,764,769,774
560,566,643,765,770,775
561,567,644,766,771,776
480,504
481
482
523,526,528
483,505,509
524,525,527
484,506,511
485
486,507
487
481,488,508
489
490
491
492
493
494
495
696
496
497
498
499
500
501
502
503
569
570
571
572
572,1169
576
576,646
1202
581
589
591
595
597
634,636
635,881
635,1127
479,707,722,1129,1130,1131
637
638,639
639,1016
646
42,90,138,189,239,289,339,389,450,615,862,914
647,1042
655,656,657,661,662,664,665,666
673
674
675
658,659,660
648,653,654
676
677
663
678
679
680
649
688
650
667
695
668
698
652
681
669,670
811,814
671
672
1071,1072,1078,1079,1082,1083
651
724,725,726
1298
54,103,152,202,252,302,352,402,463,628,875,927
685
16,65,113,163,213,263,313,363,424,587,837,888
22,71,119,169,219,269,319,369,430,594,843,894
23,79,120,170,220,270,320,370,431,596,844,895
32,80,128,179,229,279,329,379,440,606,852,904
35,83,131,182,232,282,332,382,443,608,855,907
4,6,9,143,408,410,414,415,418,702,933
704,1251
682,731,739,741
582,600,601,612
732,1003
707,709
1291
1293
1292
1294
646,707,971,1255
707,708
707,716
707,710
707,711
707,712
707,713
707,714
707,715
707,722
682,683,707,722,723
683,707,722,723,740
707,722,723,730
717,744
682,707,730
707,1004,1190
1295
722,727
722,1038
1296
682,1102
1262,1263,1264
682,736
682,1003
684,700,701
484,506,511
728
733
727,731
729
735
734
736,1007
736,1111
686
1299
1300
1300
741,1007
727,1004
722,741
1301
722,742
687
743,746
689
745,982
690
691
692
747
693
694
750,1020
696
752
697
753,1007
699
683,707,723
706,731
682,683,707,722,723,736
722,723
683,722,723
682,683,723,727,731,738,748
760,1005
733,825,1204
761,1251
778
780
781
782
720,780
783
718,784
785
719,786
787
788
788,1030
789
789,1029
778,779
477,792
787,792,1118
792,1199
574,646
575,646
577,646
578,646
579,646
795
800,824
797,799
1134,1135,1311
796,830
798,802
795
801
24,72,121,171,221,271,321,371,432,598,845,896
595
18,67,115,165,215,265,315,365,426,589,839,890
803,1043
805
806,808
807,829
809
810
818
818,829,1216,1217,1290
821
821
757,821
823,827
1015,1030,1034
826,1133
1229,1231,1233,1235,1237,1239,1241
1230,1232,1234,1236,1238,1240,1242
827,828
812,816
813,817
813
516,826
809,824,1304
820
793,794,806,808,809
2,409,416
7,411,934
936
937
882
939
964
965
966
967
967,1007
967,1310
968
969
792,965
819,965
580,970
971
972
707,972
974,975,976,977,978
979,998
985,998
986,1319
984,1000,1318
980,998
722,1003,1190
981,998
982,1003,1007
984,1000
821,1006
983,998
1007,1030,1033
1007,1111
986,1009
1010,1282
1009,1018
1009,1020
1012,1123
986,1022,1029,1030,1034
829,1013
985,1002
1014,1128
987,998
573,1015,1030
1015,1023
820,1015,1191
829,1015
988,998
982,1007,1018,1021,1029
1019,1102
1018,1105
989,998
1021,1106
990,998
1022,1257
1022,1287
991,998
1023,1287
1023,1309
992,999
1024,1190,1318
993,1002
576,1025
1006,1281
1006,1312
994,999
805,1026
995,999
1027,1046
1029,1030,1033
996,998
996,1000
1030,1033,1035
1007,1021,1022,1023,1030,1034,1036
810,1030
972,1030
1030,1218
1030,1285
1030,1312
996,1001
997,999
1037,1046
1037,1318
982,1004,1007
707,1005,1190
682,1005,1190
1029
1006,1029,1030,1033
1009,1030
1030,1033
1009,1015,1030,1033
1044,1046
1046
1022,1029,1030,1033,1034,1035
1029,1030,1033,1034,1035
973,1026
1092,1189
1094,1098
1095,1096,1097
1094,1275
1084,1094,1275
1099
1099,1275
1094,1099
827,1100
1101
1007,1101
1069,1076,1080
804,1102
1104,1108,1111,1112,1115,1116
1104,1108,1112,1115,1116
1070,1077,1081
1073,1076,1080
1074,1075,1076,1080
1102,1104
1102,1103,1104,1107,1108,1115,1116,1117
965,1119
1102,1103,1104,1108,1109,1110,1112,1113,1115,1116
1102,1103,1104,1107,1108,1109,1110,1112,1113,1114,1115,1116
1121,1203
682,1122
965,1122
1111,1115,1116
1118,1261
479,522,1201,1314
1222,1223,1225
1125,1126
1126,1127
5,413,417
1087,1091
1086,1089
1128
1132,1136
1137
1138
1139
1140
1141
1142
1137,1148,1170
1144
1145
1146
1147
1148
1153,1155,1157
1154,1156,1158
1149
1150
1151
1152
1154
1156
1158
1159
1159,1284
1161,1168
1161,1166
1161,1164
1164
1165
1166
1167
1168
1164,1180,1183
1170
1171
1172
1173
1174
1175
1176
1177
1178
1179
1180
1181
1182
1183
1184
1185
1186
1187
1188
1159,1162
1190
1191
1192,1227
1194
1195
1196
1197
1199
1200
1121,1200
733,1297,1299,1300
1195,1198
1205
1206
1207
1208
1209
1210
1211
1212
1213
705,1213
1214,1215
1218
1220
822,1224
881,1225
935,1225
1127,1225
1228
529,530,531,532,533,534,535,536,537,538,539,540,541,542,543,544,545,546,547,548,549,550,551,552,553,554,555,556
810,815
822,1243,1315
8,1244
412,1244
1088,1090
777,1226
1246
1247
1248
1265,1266,1268
818,1249
1250
1251
1219,1252
473,1253
513,780,1068
1254,1272
1255
1256
1257
1258
1259
572,1257
986,1257
1017,1257
1028,1257
1260
1261
940,944,948,952,956,960
1270,1311
755,1265
829,1265
1008,1265
1030,1265
1033,1265
1265,1281
941,945,949,953,957,961
569,1266
1266,1286
942,946,950,954,958,962
943,947,951,955,959,963
471,1268
1220,1268
1245,1269
1265,1266,1268
1266
1271,1273
1273,1276,1278
1085,1280
1273
791,1274
1278,1279
1275,1277,1280
1281
1281
1283
1284
1285
1032,1287
1267,1285
1286
1285
1287,1288
829,1289
1124,1289
703,1030
745,749,753,754
1291,1295,1296,1298,1301,1302,1303
795
44,92,140,191,241,291,341,391,452,617,864,916
1041,1305
519,571,737,751
1306
1307
1308
1309
1310
1311
721,1311
759,1311
1031,1311
1040,1311
1313
1250,1311
1316
1317
986,1045
986,1309
1319
1186,1283
1160,1163
1320
