18,180,-1.0
0,259,1.0
56,24,-1.0
513,266,0.0
65,21,-1.0
175,70,-1.0
596,170,-1.0
175,160,-1.0
541,273,-1.0
195,302,-1.0
300,147,-1.0
599,289,-1.0
560,285,1.0
474,46,-1.0
300,144,-1.0
592,301,1.0
260,120,1.0
126,61,-1.0
377,298,-1.0
481,47,1.0
380,213,1.0
267,125,1.0
517,169,1.0
328,304,0.0
502,229,-1.0
175,156,-1.0
145,100,1.0
208,297,1.0
171,157,1.0
397,195,-1.0
508,242,1.0
517,257,-1.0
504,242,-1.0
143,97,1.0
401,183,1.0
271,154,-1.0
224,101,-1.0
235,109,-1.0
166,36,-1.0
167,110,1.0
398,202,-1.0
511,255,1.0
194,67,1.0
305,257,1.0
303,204,-1.0
175,68,-1.0
386,218,-1.0
266,128,1.0
135,76,1.0
205,121,1.0
331,72,1.0
181,160,1.0
158,224,1.0
545,272,1.0
147,103,1.0
156,151,1.0
378,305,-1.0
255,118,1.0
300,146,-1.0
542,252,1.0
463,190,-1.0
547,275,1.0
235,110,-1.0
178,161,1.0
215,98,-1.0
612,7,-1.0
503,66,-1.0
57,26,-1.0
593,181,1.0
224,102,-1.0
23,14,1.0
124,170,1.0
557,281,1.0
591,301,-1.0
497,250,1.0
328,195,0.0
97,32,1.0
138,86,1.0
473,191,1.0
117,196,0.0
139,87,1.0
563,286,1.0
565,288,1.0
534,276,1.0
312,176,-1.0
492,196,-1.0
312,177,-1.0
64,21,-1.0
548,66,1.0
1,260,-1.0
599,307,-1.0
599,309,-1.0
26,18,-1.0
479,47,-1.0
273,130,-1.0
438,237,-1.0
523,253,-1.0
521,261,-1.0
503,263,-1.0
74,53,-1.0
213,63,-1.0
336,135,-1.0
497,248,1.0
442,185,1.0
462,48,-1.0
270,300,-1.0
308,161,1.0
50,43,-1.0
73,181,-1.0
78,55,-1.0
303,155,-1.0
598,134,-1.0
453,188,-1.0
362,207,-1.0
485,12,1.0
388,218,1.0
232,181,-1.0
241,52,-1.0
541,275,-1.0
116,126,-1.0
548,263,1.0
490,246,-1.0
490,246,1.0
53,21,-1.0
59,21,-1.0
35,27,-1.0
195,75,-1.0
277,133,-1.0
540,190,0.0
377,215,-1.0
469,189,1.0
156,150,1.0
218,85,1.0
537,269,-1.0
221,65,1.0
262,122,1.0
296,266,-1.0
484,6,1.0
302,299,1.0
135,75,1.0
137,82,1.0
479,192,1.0
534,261,-1.0
124,59,-1.0
608,195,1.0
605,306,1.0
178,162,-1.0
348,196,-1.0
594,170,1.0
217,96,1.0
104,39,1.0
261,124,-1.0
505,239,1.0
555,279,1.0
448,9,1.0
253,117,1.0
416,199,-1.0
336,90,-1.0
293,143,-1.0
532,290,1.0
413,198,-1.0
160,82,-1.0
310,14,-1.0
420,230,-1.0
10,268,-1.0
312,179,-1.0
566,289,-1.0
210,89,-1.0
507,245,1.0
130,270,-1.0
175,159,-1.0
457,186,1.0
100,35,1.0
425,232,-1.0
449,9,-1.0
376,120,-1.0
175,91,-1.0
317,178,1.0
15,3,1.0
195,74,-1.0
323,182,-1.0
49,42,-1.0
45,38,-1.0
16,4,1.0
20,15,1.0
283,155,-1.0
417,226,-1.0
175,165,-1.0
275,133,1.0
493,5,-1.0
377,119,-1.0
530,244,1.0
568,291,1.0
307,180,-1.0
596,169,-1.0
133,172,-1.0
377,213,-1.0
113,271,-1.0
132,62,1.0
446,8,1.0
242,308,-1.0
373,201,-1.0
604,217,-1.0
512,263,-1.0
248,115,-1.0
429,230,1.0
600,307,1.0
278,108,1.0
333,112,-1.0
248,116,-1.0
261,122,-1.0
7,180,1.0
25,238,1.0
562,286,-1.0
55,23,-1.0
250,115,1.0
417,224,-1.0
499,251,-1.0
256,123,-1.0
17,5,1.0
466,190,1.0
4,255,-1.0
402,3,-1.0
583,293,-1.0
77,1,-1.0
564,288,-1.0
351,138,-1.0
176,158,-1.0
182,164,-1.0
375,275,-1.0
102,37,1.0
602,305,1.0
292,143,1.0
295,267,-1.0
195,64,-1.0
114,243,1.0
305,59,1.0
367,209,-1.0
524,66,1.0
33,25,-1.0
54,22,-1.0
189,117,-1.0
491,208,-1.0
436,264,1.0
11,3,-1.0
377,279,-1.0
486,193,1.0
303,295,-1.0
58,28,-1.0
330,81,-1.0
278,136,-1.0
474,191,1.0
358,199,1.0
421,228,-1.0
3,255,1.0
205,297,-1.0
125,170,-1.0
307,161,-1.0
318,175,1.0
135,74,1.0
415,197,-1.0
384,217,1.0
334,13,-1.0
306,258,1.0
361,205,1.0
79,56,1.0
313,175,1.0
342,203,-1.0
169,298,-1.0
72,148,-1.0
497,249,1.0
143,98,1.0
300,145,-1.0
586,296,1.0
134,70,1.0
582,285,-1.0
594,169,1.0
434,235,1.0
136,77,1.0
212,225,1.0
469,50,-1.0
244,112,1.0
453,186,-1.0
399,233,-1.0
434,256,-1.0
24,2,1.0
108,43,1.0
439,54,-1.0
538,269,1.0
274,154,1.0
584,296,-1.0
394,301,-1.0
549,230,-1.0
198,80,-1.0
140,88,1.0
146,102,1.0
558,285,-1.0
333,83,-1.0
377,217,-1.0
327,272,-1.0
226,103,-1.0
496,250,1.0
312,174,-1.0
461,240,1.0
148,105,1.0
259,120,-1.0
334,210,-1.0
437,236,-1.0
190,118,-1.0
68,17,1.0
39,31,-1.0
347,236,1.0
535,268,-1.0
442,45,-1.0
411,221,-1.0
239,51,-1.0
267,127,1.0
160,84,-1.0
539,270,-1.0
379,293,-1.0
533,306,-1.0
482,11,1.0
297,148,-1.0
506,239,1.0
76,54,1.0
99,34,1.0
136,78,1.0
149,107,1.0
286,213,-1.0
234,108,-1.0
496,248,1.0
430,296,-1.0
599,306,-1.0
491,67,-1.0
151,110,1.0
78,56,-1.0
290,140,-1.0
312,228,-1.0
346,236,-1.0
90,25,1.0
580,293,1.0
18,14,-1.0
352,138,1.0
315,135,1.0
392,2,-1.0
505,242,1.0
432,260,-1.0
304,154,-1.0
337,280,-1.0
157,149,1.0
303,153,-1.0
405,233,-1.0
377,214,-1.0
382,215,1.0
21,16,1.0
606,57,1.0
488,6,1.0
327,184,-1.0
431,235,1.0
88,23,1.0
410,144,1.0
425,231,-1.0
152,111,1.0
8,180,1.0
69,51,-1.0
453,187,-1.0
343,203,1.0
141,92,1.0
316,134,1.0
118,66,1.0
308,156,1.0
11,2,-1.0
470,243,-1.0
327,195,-1.0
116,129,-1.0
160,83,-1.0
517,173,-1.0
541,274,-1.0
66,91,1.0
362,206,-1.0
275,130,-1.0
98,33,1.0
395,62,-1.0
75,53,1.0
424,229,-1.0
428,203,-1.0
494,259,1.0
327,304,-1.0
575,281,-1.0
468,50,1.0
386,202,-1.0
158,226,1.0
369,210,1.0
160,81,-1.0
144,99,1.0
150,108,1.0
601,308,1.0
176,159,-1.0
155,146,1.0
199,222,1.0
336,221,-1.0
357,199,-1.0
180,160,-1.0
107,42,1.0
257,119,-1.0
452,49,-1.0
61,23,-1.0
559,284,1.0
495,249,-1.0
461,241,-1.0
529,244,1.0
254,118,-1.0
116,125,-1.0
368,209,1.0
71,52,1.0
422,228,1.0
165,107,1.0
581,294,1.0
210,90,-1.0
510,245,1.0
321,47,0.0
609,304,1.0
175,161,-1.0
460,240,-1.0
406,233,1.0
120,265,1.0
487,310,-1.0
607,13,-1.0
195,73,-1.0
2,262,1.0
109,44,1.0
412,221,1.0
471,46,1.0
391,83,1.0
576,292,-1.0
334,211,-1.0
118,260,1.0
180,167,-1.0
585,295,1.0
170,261,1.0
121,12,0.0
604,212,-1.0
31,23,-1.0
503,161,-1.0
246,276,-1.0
484,12,1.0
298,142,1.0
577,310,-1.0
247,0,-1.0
245,276,1.0
495,247,-1.0
195,72,-1.0
230,106,-1.0
303,152,-1.0
417,194,-1.0
185,165,1.0
370,212,1.0
489,193,1.0
425,229,1.0
550,283,-1.0
451,49,1.0
476,192,-1.0
548,260,1.0
307,259,-1.0
83,18,1.0
265,127,1.0
518,173,1.0
351,196,1.0
478,10,1.0
516,257,1.0
434,58,-1.0
116,128,-1.0
186,166,1.0
536,268,1.0
121,265,1.0
610,184,-1.0
125,58,1.0
588,277,1.0
40,32,-1.0
156,153,1.0
268,128,1.0
613,57,-1.0
265,125,1.0
516,258,1.0
445,238,-1.0
523,262,1.0
494,156,1.0
69,52,-1.0
243,112,-1.0
496,249,1.0
222,100,-1.0
303,149,-1.0
551,289,1.0
503,260,-1.0
313,176,1.0
113,243,-1.0
123,59,1.0
188,303,-1.0
435,264,1.0
363,206,1.0
573,234,-1.0
398,201,-1.0
111,57,0.0
276,132,-1.0
297,141,-1.0
160,91,-1.0
233,265,-1.0
203,85,-1.0
175,69,-1.0
249,115,1.0
62,24,-1.0
19,16,1.0
345,204,1.0
160,232,-1.0
512,254,1.0
546,273,1.0
236,109,1.0
341,53,-1.0
543,252,1.0
67,17,-1.0
456,187,1.0
129,60,1.0
22,15,1.0
583,206,-1.0
175,162,-1.0
80,55,1.0
289,140,1.0
414,223,1.0
122,265,1.0
240,139,-1.0
41,33,-1.0
525,66,-1.0
161,87,-1.0
356,197,1.0
192,303,1.0
531,290,-1.0
336,109,-1.0
579,216,-1.0
590,299,-1.0
291,139,1.0
43,35,-1.0
417,91,-1.0
562,287,-1.0
336,194,-1.0
301,148,1.0
318,177,1.0
46,39,-1.0
160,222,-1.0
127,60,-1.0
110,284,-1.0
313,177,1.0
249,114,1.0
472,191,-1.0
70,51,1.0
514,215,-1.0
487,193,-1.0
18,15,-1.0
297,237,-1.0
465,50,1.0
182,162,1.0
497,247,1.0
287,290,-1.0
216,96,-1.0
501,157,-1.0
355,198,1.0
407,220,-1.0
550,282,-1.0
127,61,-1.0
504,245,-1.0
550,278,-1.0
550,281,-1.0
204,121,-1.0
303,151,-1.0
468,48,1.0
483,11,-1.0
408,220,1.0
458,188,1.0
5,259,-1.0
359,205,-1.0
175,270,-1.0
29,21,-1.0
319,174,1.0
173,113,1.0
400,234,-1.0
237,111,-1.0
162,63,1.0
522,142,-1.0
175,158,-1.0
264,124,1.0
326,101,-1.0
12,122,-1.0
153,131,1.0
276,131,-1.0
371,200,-1.0
155,147,1.0
333,68,-1.0
338,194,1.0
195,65,-1.0
318,176,1.0
32,24,-1.0
335,211,1.0
27,28,-1.0
200,84,1.0
37,29,-1.0
168,111,1.0
153,132,1.0
213,93,1.0
106,41,1.0
595,173,-1.0
289,196,-1.0
311,178,1.0
439,168,1.0
229,105,-1.0
404,219,1.0
433,235,-1.0
95,30,1.0
309,14,-1.0
101,36,1.0
290,139,-1.0
156,152,1.0
491,72,-1.0
525,253,1.0
202,81,1.0
180,158,1.0
597,207,-1.0
426,232,1.0
393,309,-1.0
590,300,1.0
175,71,-1.0
136,79,1.0
227,104,-1.0
294,237,1.0
225,101,1.0
196,64,1.0
340,292,1.0
214,95,-1.0
519,169,-1.0
541,252,-1.0
4,263,1.0
220,99,-1.0
526,264,-1.0
175,67,-1.0
403,219,-1.0
269,129,1.0
325,183,-1.0
206,88,-1.0
154,141,1.0
477,192,1.0
203,86,-1.0
86,21,1.0
589,266,1.0
303,283,-1.0
314,135,-1.0
332,85,-1.0
278,137,-1.0
1,66,-1.0
419,227,1.0
574,219,-1.0
121,49,0.0
364,207,1.0
359,274,-1.0
136,80,1.0
504,239,-1.0
578,240,-1.0
160,89,-1.0
174,159,1.0
441,185,1.0
423,4,-1.0
267,126,1.0
353,197,-1.0
183,163,1.0
28,20,-1.0
490,7,1.0
509,245,1.0
84,19,1.0
163,93,-1.0
103,38,1.0
365,208,-1.0
296,267,1.0
1,263,-1.0
491,83,-1.0
587,298,1.0
487,12,-1.0
489,6,-1.0
52,18,-1.0
281,136,1.0
6,238,-1.0
564,287,1.0
552,282,1.0
197,73,1.0
94,29,1.0
491,68,-1.0
133,171,-1.0
300,143,-1.0
231,107,-1.0
584,295,-1.0
329,13,1.0
142,95,1.0
326,17,-1.0
440,185,-1.0
570,234,1.0
131,62,-1.0
569,269,-1.0
112,181,-1.0
284,155,1.0
387,202,1.0
427,231,1.0
38,30,-1.0
444,45,1.0
320,179,1.0
81,56,1.0
385,278,-1.0
9,286,-1.0
191,116,-1.0
203,64,-1.0
228,265,-1.0
258,119,1.0
312,231,-1.0
371,183,-1.0
374,201,1.0
336,96,-1.0
462,190,1.0
447,8,-1.0
475,46,1.0
390,68,1.0
211,90,1.0
503,156,-1.0
290,138,-1.0
134,69,1.0
424,251,-1.0
312,175,-1.0
360,274,1.0
87,22,1.0
116,127,-1.0
63,21,-1.0
413,222,-1.0
91,26,1.0
130,57,0.0
541,271,-1.0
498,124,-1.0
413,223,-1.0
265,126,1.0
556,278,1.0
123,58,-1.0
121,50,0.0
433,260,1.0
128,61,1.0
389,73,-1.0
377,216,-1.0
274,133,-1.0
496,247,1.0
119,265,1.0
450,49,1.0
193,307,-1.0
396,136,-1.0
30,22,-1.0
417,225,-1.0
418,227,-1.0
588,277,-1.0
366,208,1.0
251,116,1.0
518,258,-1.0
185,166,-1.0
349,60,-1.0
579,294,-1.0
219,302,1.0
201,89,1.0
207,113,-1.0
383,216,1.0
607,208,-1.0
572,220,-1.0
198,78,-1.0
520,259,1.0
209,63,1.0
528,244,-1.0
14,1,1.0
409,144,-1.0
554,280,1.0
527,288,-1.0
216,302,-1.0
74,54,-1.0
420,123,-1.0
330,72,-1.0
516,256,-1.0
307,156,-1.0
172,254,-1.0
36,28,-1.0
261,174,-1.0
524,262,-1.0
494,161,1.0
279,223,-1.0
159,106,1.0
105,40,1.0
180,164,-1.0
178,165,-1.0
184,164,1.0
466,189,1.0
96,31,1.0
198,77,-1.0
210,92,-1.0
210,225,-1.0
550,279,-1.0
220,65,-1.0
198,79,-1.0
583,205,-1.0
187,167,1.0
599,308,-1.0
344,204,-1.0
290,211,-1.0
550,280,-1.0
334,212,-1.0
155,145,1.0
575,210,-1.0
544,271,1.0
47,40,-1.0
48,41,-1.0
481,10,1.0
500,251,1.0
215,97,-1.0
561,294,-1.0
323,214,-1.0
454,186,1.0
164,102,1.0
115,209,-1.0
495,250,-1.0
607,218,-1.0
505,245,1.0
34,26,-1.0
288,179,-1.0
11,0,-1.0
93,28,1.0
314,134,-1.0
175,182,-1.0
252,117,-1.0
13,0,1.0
60,22,-1.0
282,200,-1.0
18,16,-1.0
467,189,-1.0
611,310,1.0
210,91,-1.0
459,187,1.0
214,94,-1.0
212,181,-1.0
272,130,1.0
312,178,-1.0
495,248,-1.0
51,44,-1.0
285,299,-1.0
372,200,1.0
44,37,-1.0
553,283,1.0
350,273,-1.0
266,129,1.0
238,282,-1.0
185,167,-1.0
280,105,1.0
294,299,-1.0
510,242,1.0
3,253,-1.0
464,48,1.0
594,173,1.0
339,292,-1.0
567,291,-1.0
11,1,-1.0
558,284,-1.0
444,168,-1.0
381,214,1.0
308,84,-1.0
250,114,1.0
261,123,-1.0
476,10,-1.0
328,184,1.0
223,303,-1.0
195,76,-1.0
118,263,1.0
179,270,1.0
597,304,-1.0
176,156,1.0
467,241,-1.0
299,142,1.0
263,123,1.0
27,19,-1.0
332,67,-1.0
519,256,1.0
541,272,-1.0
511,254,-1.0
480,47,1.0
443,45,1.0
11,5,-1.0
571,291,-1.0
82,55,1.0
177,161,-1.0
89,24,1.0
324,182,1.0
182,166,-1.0
142,94,1.0
11,4,-1.0
85,20,1.0
303,150,-1.0
354,198,-1.0
248,114,-1.0
455,188,1.0
92,27,1.0
599,305,-1.0
134,71,1.0
515,287,-1.0
603,309,1.0
42,34,-1.0
182,163,-1.0
463,241,1.0
330,113,-1.0
322,270,-1.0
