106
108
156,206,257
24,201
14
181
23
138,213,237,244
78,90,95,125,167
190,228
126
264
5
214
15,39,42,45,57,76,104,111,115,126,154,162,176,214,225
248
201
3
141
28,67
135
137
154
176
88,103
200,215
96
46,164
35,165
278
241
144
243
60
72,93
59,80,138,237
104
162
171
270
149,193
57
258
16,50,71,158,193,223,228,247,270
46,94,103,232
232,263
201,236
216
206,254
226
69
206,257
59,107
75
30
128
194
238
210
130
124
73
58,250
3,137
220
64
18,29,70,97,102,109,186,205,233,280
206
55,156,206
76
66,170
38
64,130,178,269
52,242
62
208
17,121,130,269
16,50,158,223,234,270
99,118
82
245
108,157
115
23,62,136,181,216,238,245,277
106,124,144,173,194,226
150,201
26,146
183
65
34,172,203,246,251
155
20,74,191,204
67,206
61,180,207
167
240,247
279
187
1,135
67,184,260
12,210
26,146,239
95
223
136
247
24,135
239
259
78
16
173
90
39
8,13,33,266
174,211,249
22
277
157
94,142,232
17
158
105
121,130,178,269
146,239
125
225
42
45
1,201
26
50
64,130,155,248,269
111
89
82,130,258
52,242
2,4,41,163
178
10
