593,874
694
451
3
509,522,844
701
657,668
458
459
173,711,812
252
467
21,340
471
222,857
18
83,283,530,769
712
22
262
25
477
28
169,374,703,803
480
51,770
305,399
480,593
271
45,631
272
487
729
46,178,188
232,527
43
733
735
72,902
527,750
271,307
332,538,712,912,914
275,319,544,571,814,884
282
271,282
184,386
51
504
290
232,500,630
386,491
50,180
745
57
58
285,305
20,39,87,94,100,257,329,363,364,369,378,381,407,460,481,516,639,669,673,794
225,289,358,493,519,548,693,701,738,761,776
366,386
64
595,753
509
510
76,811
308,643
10,34,36,53,59,70,78,96,158,200,213,226,249,268,292,298,303,306,317,320,328,330,355,367,370,372,388,404,409,428,437,448,450,453,463,478,533,574,575,611,614,616,624,629,654,661,662,663,674,676,704,709,720,736,741,746,795,815,819,838,843,847,899,915,916,917
64,126,729
762
111,161,188,203,204,357,518,699,763,773
165,304,737
76
522
79
242,638,804
509,664
86
536
537
538
122,606,800
97
542
13,47,54,67,77,112,113,119,131,153,168,189,206,259,297,299,321,322,323,345,359,390,408,415,432,449,475,498,507,513,554,566,577,578,580,586,588,591,598,604,612,646,658,680,685,691,730,751,756,759,764,778,779,781,784,834,845,848,850,861,866,876,881,894,898,909
114,412
324
391,558
790
550
92
552
109
333
184,542
553
110
130,221,267,294,472,479,528,672
557
253,592
0,48,118,286,300,348,567
244,609,789
126
376,750
350
811
244,473,609
403,833,880
572
289,396,701,776
360
180,272
142
820
376,444
581
146
823
587
371
318,417,700
657,846
76,600
166,422
863,867
444,527
835
831
596
165,522
52,68,80,105,123,125,145,148,151,208,224,264,430,474,499,505,508,626,634,644,649,665,692,716,828,829,832,840,895,903,913
38,243
180,536
387,527
253,368
353,871
379
354
164
165
846
287,412
613
427,651,822,893
225,358,493,519,548,693,738,761
386
857
858
632,871
860
615,765
623
180
384,493,519,738,761
627
287,316
253,368,605
40,490,551,782
291,376
279,601
164,486
57,180
403
188
770
191
637
353,557,871
689
871
643
9,338,864
875
686,871
291,527
877
878
552,740
334
6,8,11,12,14,23,26,30,37,60,74,85,104,128,136,177,192,229,230,236,296,301,309,326,346,362,394,429,457,534,549,559,583,599,619,696,718,723,727,793,806,841,851,889,900,904,907,910,911
650
451,790,858
416
886
657
196,223
890
207
29,61,73,81,140,174,199,215,270,347,361,393,436,454,466,602,645,754,796,896
423
836,844
897
640,871
668
440,693
219
905
220
431
682
433
684
222
686
1,2,4,5,7,15,16,19,24,27,31,32,33,35,41,42,44,49,55,56,62,63,65,66,69,71,75,82,84,88,89,90,91,93,95,98,99,101,102,103,106,107,108,115,116,117,120,124,127,129,132,133,134,135,137,138,139,141,143,144,147,149,150,152,154,155,156,157,159,160,162,163,167,170,171,172,175,176,179,181,182,183,185,186,187,190,193,194,195,197,198,201,202,205,209,210,211,212,214,216,217,227,228,231,233,234,235,237,238,239,240,241,245,247,248,250,251,254,255,256,258,260,261,263,266,269,273,274,276,277,278,280,281,284,288,293,295,302,310,311,312,313,314,315,325,327,331,335,336,337,339,341,342,343,344,349,351,352,356,365,373,375,377,380,382,383,385,389,392,395,397,398,400,401,402,405,406,410,411,413,414,418,419,420,421,424,425,426,434,438,439,441,442,443,445,446,447,452,455,456,461,462,464,465,468,469,470,476,482,483,484,485,488,489,492,494,495,496,497,501,502,503,511,512,514,515,517,520,521,523,524,525,526,529,531,532,535,539,540,541,543,545,546,547,555,556,560,561,562,563,564,565,568,569,570,573,576,579,582,584,585,589,590,594,597,603,607,608,610,617,618,620,621,622,625,628,633,635,636,641,642,648,652,653,655,656,659,660,666,667,670,671,675,677,678,679,681,683,687,688,690,695,697,698,702,705,706,707,708,710,713,714,715,717,719,721,722,724,725,726,728,731,732,734,739,742,743,744,747,748,749,752,755,757,758,760,766,767,768,771,772,774,775,777,780,783,785,786,787,788,791,792,797,798,799,801,802,805,807,808,809,810,813,816,817,818,821,824,825,826,827,830,837,839,842,849,852,853,854,855,856,859,862,865,868,869,870,872,873,879,882,883,885,887,888,891,892,901,906,908
223
435
914
46,218,701
17,246,506,647
657,745
3,857
121,387
265,527
271,682
