0
186
5
2494
894,1447
1363
395
2926,2888
55
1297,334
690,446
3407,2467
12
447
2675
2227
931
548,3325
21
2653,3367,337
1451,1017
2097,491,1030
23
26
490,495
29
784
31
332,2245
627
664,1583,335,3187
36
964,441,2136
41
43
555
3335
1393
3348,2976
48
2257,1456
1514
1851,2905
55
56
57
1158,2559
701
2964
2709
64
1667,8
68
758
1711,330,1673
524,2183,2895
883,857
85
86
87
90
195
2556
572
93
2617
1839
1397
1727
2967,938,1979,3181
741
100
3374
104
105
2420
3248
2028
848,2630
119
3071
338
2513
937
122
754
120
1658,1396,377
103,1202,3096
2509,2929
507
119
2403
2401,204
127
128
2751
130
1789
137
3345
1642,836
799
140
906
3329,874
2211,308
2277,86
1203
1109
1187,636
1388
2252,317,3257
1398
1717,1010,2963,1715,1071
151
2437
3028,644,1965
1974
830
3208
3277,564,1623
3098
2937
157
3008,2034
162
165
865,3054,1391
2463
168
170
2116
172
535
175
1010,1367,2963
247,127
2859,145
1323
2286
3104
1809,1437
3326,1716
187
188
1963,90
1516
37,1575
2645
192
3264
194
887,340,1621
808
312,3123,3256,3267,1880,158,892,2328,255,3240,2606,645,2260,2812,1133,215,1665,74,499,3314,2129,1572,2876,2078,2068,1044,3245,1910,1417,534,1546,829,1602,183,3347,670,2103,1260,2864,1757,2718,3171,3296,1070,108,2168,2128,724,2516,2595,1847,1013,1341,1948,3051,2023,445,1922,262,521,3158,1552,1637,1289,2454,1206,1196,2531,2562,2318,3152
198
2076,1276
2308
1165,2141
201
1652
2143,1508
2740,1629,3342
206
55,2713,982
3142
857
204
25
2564,988,2295,3139
211
685,2699
2065
2635
213
623
1111,3276
1401,1760,2742
2365,1886,2482
1578
218
219
3199,1701
1294,1760,1849,2742,1401
225
940
228
1777
984
232
2564,1892
233
1602
3165
234
792
235
236
1634
240
3194
241
2790
1433,1229,1490
243
2325
1548
1788
716,111
246
1840,1249,321
1240,1827
252
2839
2562,1133,1551
1625
1497
346
257
259
495
160,2390
3317
1054
266
1404
268
3156,2152,30,495
272
1881
3017
281
282
284
783
285
286
2404,63
609
2242
2002
1191,1542,1993
2244
294
1706,1429
988
1330,1199,2676,24
154,2357
1087,59
793
1891,2830
1526
1231,41
2923
2631
307
324,2990
309
619
317
319
2668
2209
322
330
1702
754
1888
2378,2113
1826
341
2683,86
347
3090
348
2918
351
2977
3146
3253,2032
315
3106,1189
2739
1568,273,1726
730
25
1806
358
537
2509,1684
779
2959,1290
1227
757,463
459
2310
367
796
370
371
857
2380,184
100
376
3084,2147
702
2342
1370
1310,584
382
2912
385
1571,2294
2216,1114
389
1825,1587,805
1618,1410
2963
391
1515,1045
1788
3035,574
63,1274,890
396
1746
400
1478
405
2794,1318
407
1615
2580,2909
2437
410
409
1831,3332
414
1975
1611,1311
1798
3223
3139,47
417
2691,248,2755,998,504
3210
2853
1064,648
420
1839
81
536,1012
1898,450
2043,1096,65
427
3278
857,1027
430
1920,2734
2848
708
681
141,2773
2847
1984,1432,1811,10,2140,821,1306,3155,550,2968,1965,3061,1364,631,413,2998,1601,1708,1864,2071,989,1469,1141,1101,1176,673,2496,2159,3044,3133,2883,1846,2448,2614,1695,1942,2355,287,1669,39,979,67,860,2268,540,78,237,1812,1006,1592,3323,1672,1772,1459,1458,3151,261,1208,1574,260,2302,3271
1179,2921,1993
439
1149
1956,2724
443
444
3352,672,1237
687,2939
1148
2521
1017,1606
2931
116,2938
2939,941
535
1746,150
3077
700
2822
33
1965
459
462
651
1304,1192
1153
1664
2176
1497
2421
472
861,1080,1971,507,2025,2310
1421,2965,746,3127,1547,1671,569,2398,3144,2849,1498,79,3371
564
477
3382
479
1882
487
615,602
1250
2282,2679
494
2884,510,2582,1102,89,1342
1684
1497
501
2730
2792,1369
187,1035
2032,3253
506
507
196
509
1777
2484,691
511
1061
1787
960
2365
1584,1462
392
1169
1818
2710
3399
2436
2638,3099
2365
3190
530
811,3324,2570
533
661
477
860,565,2002
1317
1738,2144
564
541
1272
764
546
2249
548
549
3341
3400
223
553
1860,1789
556
557
559
558
2402
492
3279
573
832
579
580
581
2077,1986
2568
800,1445
2091,1407
663
590
126
593
1967
598
599
1076
1399
1965,408
1077,731
2963
990
2001
2727,1627
3381
617
63,1870
1644
619
620
1638
1105,2540
198
621
2871,3125
623
127
2288,58,2095
626
628
3054
2437
2521,1873
630
2576
633
1441,2365
638
639
2978,1443
3025
2912
1031,2263,1177,2178,1866,2628,378,2698,1580,226,2203,3206,355,954,2603,834,2618,767,2246,3078,2264,2208,1519,51,582,1560,1081,2146,770,1536,91,1776,976,2460,174,543,2075,1439,3356,1512,329,2658,3032,1210,955,886,209,2745,794,2579,2194,624,744,1058,3328,1843,560,3220,519,2255,3198,1386,2768,2738,2083,1753,1007,677,845,2391,2232,3309,2119,2422
395
2300,833
1489
85
1328
650
1747,2764
788,1270
654
657
658
660
661
177,2992
2403,958
663
2521,2743
556,1645
665
1999,1670,343,2643,2167,2274,1408,230,1442,1943,2662,625,67
2573,364,261,2911
667
1906
674
676
502,1923
2612
2725
1033
293,1135,989,1261
682
684
2029
2793,2437
690
693
696
1965,3028
698
699
2563,3089
447,3111
3387,2142
2333
703
2507,49
3411,1826
372
388
2792
715
716
825
719
720
723
2537,1274,2615,951
725
958
729
2338
1479,3006
2090,1253
166
2643
738
1430
740
3345
2744,3098
1385
1074,2291
747
748
749
452
413,2504,633,2117
752
1931
754
1990,554,820
797,1782
2036
974
690,2575
978
1557
3171
2229
2874
762
1112
513
356,2723
2830,2073,345
405
317,3080
765
286
2322,2521
517
3341
1277
775
778
779
1505
781
1033
485
786
3090
2800,2982,1586
1584
754,367
792
68
795
1841,2239
485
801
804
1265,1491
184
417
738
748
811
2844,2991,1762
815
3308
3148
630
587
1034
1724,2966
990
827
828
2161
63,2615,890,1274,301
2562
2796,2228
738
833
1134
2798,434
839
840
841
842
1085,437,789,711,305,3370,1797,2600,88,2374,2164,2677
52,3366,2004,1495
538
3018
548
847
743,1732
1025
184
850
2297
660,1504
854
1366
594,468
1966,179
3021
859
3016,445
1684
863
1969,597
1553,916,1740,352
867
2717
869
247,1385
3389
4
2053
197
1226
2126,1862,839,1971
706
349,3355,1023
2247
2594,577
559
1496
883
2692
328
754
269
889
2796,203
1874,1733,2009
896
898
1404
1721
900
902
897,563
1708,2823
2534
905
968,428,1929,212,1933,1748,3249,2444,1987,872,1816,736,2896,2049,2932,2571,146,2415,1598
3007,3336,3209,3274,1280,1426,600,2566
772,2564,988,3139
3086
718
3054
918
921
966
2074
924
925
1392
712,1282
929
2400
930
1453
932
933
2816
935
939
1180
404,368,2969,1960
1967
266
950
225
953
992
1902,3019
956
957
1762
2522,2980
3287
589
2009
967
2857,2301
1700
1068
970
971
719
3105,1975
2686,2711
2045
1852,2437
982
981
2605
1890,1279,3057,880,9,1657,3241,2860
3321,2365
1004
83
986
882
1004,1385
3333
991
990
55
3129
989
996
997
1127
54
229
2293
1409
759
487
1017,1480
71
975
3101
1011
865,2898,1391
1083,2395
3151,3282
2218,2627
2079,1486
1945,3306
643
2564,2121,3253
662,3243
2972
1017
2669,689,2607
806,497,1764
1183
1022
754
537,808,1322
640,1539,654
1132
1676,782
1034
2511
1678,606
59,873
1754,2913
1049
1632,2988
1052
1047
2437
1478
2059
1056
1055
2368,1201
1144
2281
1060
793
2
216,646
1661
1069
2030
1214
768
771,2437
2712
81
18
184
1076
2416,2414,1
1078
1080
1079
1084
1645,2929
1086
2490
1704,405
752
314
1450,931
2212
2350,936
2314
1009,400
1180
1071
1108
1974
3257
1111
2632
335
2006
650
705,84,2226
2502
1120
1128,2781
1384,1463
1033
2722
1125
2756
1127
766
1131
3149
2643
1446
905,241,431,1305,370
1057
2351,1331
3004,2106
2855
2918
2062,3281
365
2335,2032
750,1180
1952,3345
2236,2705,2008
1154
1155
725
2405,1411
3013
542
1591
2585,3073
3094,381,2081
1178,1766
271,131
756
2014
1168
1170
445
1171
1174
657
1152
857,2056
1017,3030
1267,296
440,2459
2685
1181
1742,2350
1295,668
1184
2643
3402,1707
1921,816
2564
1686,1790
1680
220
1191
2572,2401
1193
699
2401
3200,2463
1198
1200
218
1203
1204
1205
2166,1053
776,1765
3021,2588
253,2785
1235,3024,2099,592,1751
2786
1211
2573,1042
1903,2741,578
1216
1217
2316
2028
2505,995,1271,2836,3228,481
2563
753
1222
18
1224
457
909,3401,2072,2903,1062,1589,3404,2317,500,586,2747,1938,2634,2817,838,2519,1983,3338,3157
2185,1038,183,2461,1036,138,1314,163,2512,2920,1919,422,919,2406,3335,73,829,429,2240,2213,1565,2878,2536,2771,2952,2971,2023,1308,1677,2648,1065,32,249,822,2024,3392,1720,1098,2413,386,917,972,454,2737,3065,456,1145,2250,1925,425,2266,610,2671,1910,2531,1210,2251,2889
2665,1379,31
1227
2387,2521
910,2835,416
1909,491
1234
2539,1371
2567
1241
245
1668
732
3090,2846,2153,2856,657,3151,2651,3361,1863,2179,946,2752,1026,2386,1164,2261,2411,1067,376
3168,197
867,2311,1631
3193
1252
1254
1599
41,2297,2287,1823,1883
2481
1635
579
3150,313
344
458,3173,2344,2472
2437
1584
2929
951,2404,793,1274
981
21,1520
1992
1650
333
583
1033
1144
1292
2605
3295,2304
1299
1991
1662
2073
2712
1305
1309
1913
1307
889
367,754
17
1315
2117,1466
1317
1171
1777
1617
1322
2044,2962
1807
2912
1326
3033
1725
1327
2427,2195
1941
1329
26
1334
1333
2831,1014
2053,3175
501
2869
3091,769
2712,994
67
1349
126
780,2000
3253
1379
2720,997
818
1284
3063
2487,3069,1865,568,1641,1287,1813,3243,270,1336,373,2554
2544
1358
1312
2052,483,1810,2022,2480,251,2707
1362
112
1364
2808,920
1366
1368
694
861
1374
1377
1379
1380
1378
2353,1986
1382
1332
1385
1387
3232
3045
719
1391
857
1393
2147,2497
2409
1398
2922
669
2874
1402
1404
737,1136
1405
2334
50
2845,1059
2983,1628,2165,2198
1410
1181
2991,3233
1228,1503
97
1415
1779
115
512,1653
1422
1420
1424
2022,1904,2810,3311
656,1839
2170,567
1284
465,28,2558,1001,2861,803,1019
1434
3243,766
617
2476,837
2028,1882
1444
2385,435
719
1447
1448
1449
756
327,306
1453
1602
361,1619
3290,2016
2758
833
2225,217
2220
1457
1392
3164
30
2540
3085,2973
1468
1470
1473
3343,1173,717
2830
1472,2819
1478
2210,2477
1481
1483
1803
1488
1489
123
1758,99
666
1492
1643
1496
1497
1500
1365
1702
647
1802,3015
1507
1508
1846
1511
719
189,3108
2362,2396
1524
1525
2993,277
1529
460
951,63
1531
1532
1214
2241,2774,334,3391
1646,1339
2615
1791,629
1538
1106,2114
199,810
698,944
1603
1354,2067
1826
3056
1549
2006
601
1285
2695
853,398
1040
3021
2468,1533
1389
3053,367,470,754
1209
1555
281
304,1024
1562
1563
102,2996
942,3053,470
1351
1570
1099,1048,464,2063
1576
1684,1722
1579
2492
1425
1582
1584
3165
1887,2599
1588
3122
2369
709
1600
1605
1604
1872,1773
1607
2675,3055,455,716
1608
2858,1806
3400
3406,1264
1808
1965
1662
2424
1711,1467
2521
1617
3107,2199
2098,779
963
943,1822
987
3207,1185
1626
1081
1563
1629
1630
1595
1878
1400
205
1640
1635
1638
3099
2867,2535
865,3319
1644
2289,1541,1510
1567
1647
2730,2450
1018,1977
1973,2674,139,575
1655
442,3141
2678
912,1697,2058,1543
1804
2521
857
1908,1971,2897
651
2918
7,2947
2118
603
142
1676
2801,553
1573,2957
1322
1682
1684
2404,2537
2545,939
2583,791
1796
2283
699
1688
1689
1690
1692
879
1699
870
1702
1996
3203
908
1714
104,2565
1719
1721
2626
412,2401
2321
2772,2661
906
1727
2446
2430
754
1839
2943,3300
3197
508
3289,1947
715
1744
2898
1033
1746
931
1747
2971,2639,1260,3047,2864,2231,2512,2718,1677,180,877,3158,3171,2648,1070,108,1196,2168,2128,3378,2595,1565,114,2542,2413,3267,917,690,2328,1166,645,445,1922,1925,425,1854,1665,262,499,1289,721,2454,1206,3014,2608,2531,2562,534,2318,3340,3245,312,1301,2876,3123,3256,1038,183,3347,3001,158,1651,255,2103,2765,288,2606,1757,215,2250,326,888,1572,3296,2068,1910,2206,3109,611,2060,1602,93,62,1341,2533,2821,1948,635,1940
1329
833,1223
3349
2591
1491
1346,1762
3095
2311,1431
3000
1762
1763
3364,2070
1741,2866
1769
1672
977
2681
1770
1772
3284
1774
3381
1580
2339,2974
2456,2254
571,973
1737,3145
1005
364
1812
548
1970
1559,1221,2652,1712,1088,2041,3359
1597
1785
1788
537,1404,170
1789
2987
2918
1794
3248
309
1799
1801
537,170
1540,1286
1033,2898
1116
1805
1806
1161
2040,3225
1269,182,2944
934
2273,1978
3357
539
1814
866,2711
2026
1818
2365
2161
1823
1829
366,2013
1826
859,2881
2624
692,2365
699
214
2577
2012,1353
295,2933
1848
2321
2880
2756
1337
1388,2104
1857
3341
2365
3166
1370
374,393,1975
608
1864
1428
3277
1015
793,2922
1292
774
1871
2790
1881
1405,1090
1885
3138,1313
3346,899
1325
702
3052,1375,2443,1739,614
1893
1896
1900
1901
3054
1906
1907
1792
826
1912
221,406
3410,637
1998,2434
1265
1127
1304,3260
1148
1165,1584,2253
674
1926
2350
1927
1930
1928
1165
271
1932
1015
3244
2474,297
1183,498
1326,1953
1633
1089,354
892,366
402,1238,2150
1951
1952
1157,2205,1513
1123,1194,2966,1493,2397
125,921
1955
2278
1958
1043,156
1762
855
893,2215
1708
1072
1298,1509,113
2514
360,2748,2901,914,2189,878,1950,2275,588,2795,45,3135,2891,727,2151,2553,653,178
3263,1996
3388,1834
2285
2561
1267,2066
1970
2564
977
2490
501
1880
3275
1977
1976
2902
1986
205
1989
80,2960
2590
1959,3114,1122,1247
911
716,1143
1168
1845
683,3242,2094,390,2749,2347,2107,2782,2650,1239,2256,2694,901,3176,2061,3368,1895,1485,39,3312,2885,2084,3216,2736,36,1163,3153,1288,2667,562,3271,2392,1624,1151,742,2729,1095,2140,2912,1459,1752,193,1800,1894,1980,231,1097,2033,15,1376,962,631,1659,66,2851,3234,1426,1749,2071,3204,2243,1037,2780,1784,576,1729,3087,1093,2925,2647,121,835,1875,3238,1275,3351,2125,10,1590,380,2968,1917,82,373,109,1414,2998,3301,3363,1708,547,311,3185,2833,53,1832,688,3126,3231,923,2230,2186,2155,2610,979,265,1897,1344,2417,181,1403,1324,561,132,2673,2779,3184,1256,1233,895,714,292
3230,276
1999
710
573,2451
1310
2563,1000
1073,2803
2020,2115
857
367
1059,2596
1853
1813
2016
558,1304
3193
1477
2021
2425,518
2025
684
2029
2928
1470,527
2642
767,1965
659,152
1340,1596,3201,3264,2122,619
2037
2842,2521,1813
2637
2365
2039
667
2750
3393,159,69,2022,14,858
1778
2047
2048
2050
366
2053
2887
2055
2057
1191,2921,915,1993
2478
2059
2056
1958
2064
27,1869,1438,469,1842,2172,2418,2432,1501,1939,40,283,1195,173,3103,2139,2447,641,2363,2462,1248,2445,482,2644,2027,1021
2171
3394
2067
363,2868
2069
2667
2073
2616,904
2701,1406
763,852
2122,2597
2986
2086
403
2382
2089
1689
1591
2092
837
548,885
150
2271
1348
2100
2754
2442
387
1257,2843
2108
2109
570
2528
397
85
2120
2879
833
2268
1817,2564,3124,2132,1889
208
865,1605,1335
2503,644
2535,1585
85
2153
2137
1656,2798
2202,258,952
2508,3083
922,599
1698,891
2173
703
61,1968
2149
2152
2153
2509,2929
3235,2586,257,2028
2290
2154
3131,1687
2157
2158
2162
2161
1935
3303
2829
2174
42,2473,143,523,419,3191,2471
1967
3253
2179
1813,1379
2729,2140,1980,550,15,1364,2998,2851,2071,989,1469,1141,2647,1176,1812,3238,2496,3323,1233,714,3044,2614,1695,1942,1669,39,612,2736,1844,979,67,2268,78,2417,562,1006,1592,320,1672,1772,2269,292,1459,390,2930,1097,1965,2256,1432,3271,1246,275,260,1156,2302
2182
1761,1165
2184
1405
640
2187
1911
817,2994,3195
3023,2696
2487
474,3119,3079,2613,3042,2915,3403,2051,3,999,72,607,2510,2088
2196
2011,2896,655
2006
620,1537
3112
2201
2133,3177
2721
1197
1569
2370
2699
2649,1028
3334
2214
2437,190
3172,103,1202
299,1884
1893,1846,1315
3341,1370
2218
144
706
1110
2222
2221
217
2226
2227
2229
1679,3036
432
1479
3318,101,1172
2243
3380
1584
535
2248
421,2180
865,1033
3265,2633
2252
2933
2262
2265
2267
2270
2271
244,98,2880,3092,399
2272
1214,1807
466,1972,2486
1464
2764,3012
2299
1807
1341,2093
2278
2839
1719,124
2281
2195,726
2830
3225,1455
604
1242,2760,908
3251
207,375
903,3396
2292
1558,200
3160,1394
3022,1360,849,2440,1236,2761
1010,2963,1225
2296
2297
3292
1994
2300
387
1499
2305
199
2122
3377
2311
2312
2756
3112
2197,1967
3005
2320
2614,2381,2371,2419,3363,3291,486,261,2284,2809,824,149,1660,1418,1381,1820,2219,2265,860,3062,565,2667,1713,1592,2655,2394,3155,649,1423,807,369,1609,961,3234,1115,2949,1522,3068,3369,3102,2117,2805,2307,1964,632,1620,515,1624,1320,254,821,136,1306,1877,1894,394,1494,2359,1361,1759,1916,1985,547,411,311,153,1864,947,977,475,3204,2002,2780,426,1734,927,2345,2940,2602,673,96,3037,1918,3408,2826,1590,1577,735,1666,1876,633,2423,2589,1917,82
3225
813,1146
2324
2623,965,303,2015,2485,2235,1849,667,1534,3010,278,3041,3320,1300,1401,1294,1760,1413,1775,928
734,279
2327
2329
1319
2828,1461
2332
1267,2507,296
2331
2330
2214
2450,1946
2336
2840,3288
1075
2340
1003,1260
1388
34
2346
1213
1416,2031
961
1702
2348
879,2740,1629
1837,2112
1482
2353
564
2356
2357
2769
1119
2358
355
2636
2362
2364
2365
3128
2367
2366
2457,1648
2373
3171,2130,2078,25,2753,724,1103,829,2240,2213,2354,1847,2190,917,2493,454,2906,3040,456,3060,2023,1004,2718,262,822,1289,117,2128,3152,1013,1113,892,980,255,2737,1826,2606,2260,1167,1133,215,74,1552,1637,2129,707,2622,1187,1044,1735,1417,453,2315,1383,2791,1856,3240,1757,913,3314,3022
425
957
2377
2379
1974
2014
2383
2384
1564,2207
2210,3064
530,1824
1789
2386
2389
415
2393
2970,3031
2399
2402
2713
2664,2124,884,2007,1107,2656,2217,1795,823
2450
3215,2848
2916,1821
2408
2412
2815,1914
2309
2555,2716,1544,2346
2341
3315,3246
2426
1251
1533
1150
423,187
165
2160
2434
2435
2439
2441
948,2313,596,2177,1622,2547
316
674
1993,2297
3093,686
2014,2145
2223
2437
2449
1129
383
525
2455
1476,2372
2458
2038,2734
1801
1487,2306
2055
2643
2258,2032
833,1356
2463
1304
2465
2466
1691
2468
2733,1255
2469
696
3285
2156,2515
2470
2401
2210
2429
1855
2476
844
1273,1786
3236
13
1696,135
2099,522
2482
619
2483
2488
2487
1010,2963,1715,1220
1755,1190
2489
2337
2492
537
2494
932
2646
2500,2323
1692
929,2195,3193,2869
2499
1278
1479
943,2630
1672
1828,660,2491
1957,26,3210,1692,1663,704,1530,1694,1460,1006,2726,3090,2955,642,1342,587,1693,657,1514,2815,3196
2986,2598,851
1997,300,1675,1528
2513
284,1550
2517
2181,353,2005
2518
675,1835,149
2521
1379
2520
2995
1965
2855
2527
2464,2927,1232,798
2529
2329
210,291
2953,501
793
239
342
2541
2002
1041
3330
2546
3018
1614
2550
2552
2551
297,2564,676
2560
2557
3038,2948
2393
766
227
2564
2565
2824
2452
3272,1427
700
2574
3350,202
2813
505,831,895,171,480,2581,44,2101,264,871,2735,1850,1100,1008,3189,2506,2877,3159,11,1556,722,1527,3143,2538,1281,713,983,341,1283,1063,1147,3390,334,1838
656
2032
2980,2850
1723
2919
3412
46,2936,2892,2127
3411
1593
864
2593
1684
3101,2145
2601
2604
1254
2507,2224
2607
149,3237
2609
401
2615
1864
3261,1242
1372,2080
2620
362,3100
1798,1315,130
676,1685
1906,544
2627
267
2922
1359,2191,164
2838
2715,2919
2829,2840
2638
2437,1859
2706
1902
981,2018,1352,1971
2640
2641
2645
3213,1561
671,1868
1855,2377
1995,2479
2654
250
418,1355
2657
2700,55
2660
2827
2665
2666
2670
2668
1066
2675
2799,2629
2682
1094,2731
280,1055
1419,531
3250
634,3385,2904
3337
943,1937
2687
738
3292
2690
2689
2692
1521,2433
3229,3048
1227
2699
665,3049
2934
865
2665,2663
1500,1321
2702
67
1148
2706
809,3115
2708
447
2711
2713
2714
2719
451,1304
2303
2723
2523
1771
3297,198
2727
812,134
1450
843,3004
2733
1470
1654,2619
1259
107,2950
2149
808
745,310,2438,2096,2611,3227,2172,2548,2432,945,2680,173,298,1712,2873
1944,70,1924,1858
2742
3161,2672
106,876
2746
2356
93
395
1071
1362
2750
471
331
850,3319
2759
2975
1710
2475
2495
2762
2763
613
2767
2311
921
176,2734
1780,931
786
2775
2776
953
3054
802,3379,3034,384
2784
3259
155,2134
2787
2437
2792
1592,472
2796
461
1162
2802
528
3266,2564,2549
1284,2311,2593
1891
2804
1291
161
2811
2813
1981
2900,75,1674,3003,595,1962,1982,552,1452,2237,516,1398
2820
599
2822
2824
2223
2825
3283
1768
2832
3268,1267,379,2319
2111,566
1836,2684,1923,1496,755
2521
514,484
2545,2188
148
2837
2839
1393
2976,1965
3358,1262,1255
2087
55,2700
2841
1545,616,339,2587
2028,3398
2990
1474
2852
1345,2035
1051
2853
613,1630
2921,1993,1191,2585
2855
2092
1976
3163,605,2343
599
3307
1255
2863
1363,2518
529,1046
1479
1833
1639,2693,3081
2521,1566
2963
2578
2870
2871
242
1952
2875
739
488,1142
748
2233
3381
2881
2929,1778
3239,433
2886
476
118,302,467
1160
2889
2830
1391
2890
2893
2894
1718,3243
2898
2899
2554
2902
1124,1304
2120
2908
2105
2910
2298
2914
2770
257,1900
2917
2918
1756
2997
1219
2924
2933
2712,3020
2882,2326
2937
2922
2942
1783
449,2320
357,1017
2945
857
1218
2946
1594,695
2948
2766
733
1136,38
2951
2108
2954
1936,881
1655,1016
2956
590
2935
2963
1338
1745
3050
3193,35
785,1130
3331,2468
857
2535
3253,2564,678
2259,2498,92
2976
1592
1092
2979
760,875
1705,2857,1988,1137,3235
2981
564
2985
3002,1613
2778
2987
2989
2990
1144
1823
381,3365,274,993,2081
2138,922
3373
1789
761,2401,2615
3000
2999
185
437
868,3254
2082
261
716
341,323
501
1049
1181
3012
3013
2169,2222
2818
3051,2410,1709,1826,2260,3027,2712,1133,74,1934,2039,1082,1699,2577,2622,1187,1735,453,1117,3075,96,611,728,2791,670,1856,1649,3226,622,814,3022,326,2920,436,2272,424,25,2753,1103,2376,2240,2422,62,1316,2190,1830,972,2906,2897,1347,2639,1506,1004,2718,262,2886,1505,822,117,3392,2042,238,1268,2543,1616,3120,1303,777,2757,2046,2453,1880,892
2563,2192
2360
224,959
2569
2615,951
1163,3153,1288,1752,193,438,2033,2375,631,2200,1659,66,2851,961,1426,1749,1037,1784,576,1729,2925,2647,121,835,1875,1176,2279,3238,3351,2125,1151,1126,2912,380,231,15,373,109,1523,1846,1414,3301,311,153,3185,977,3204,2809,2833,53,2721,2243,1578,2780,3126,3231,2230,2186,2155,265,1897,540,1344,181,1275,1403,1324,561,2673,320,3184,1256,895,292,683,3242,2094,2749,2347,2107,2782,3384,94,1239,901,3176,2419,2061,3368,1895,1440,1832,149,1246,2238,3312,2941,2885,2084,3216,1992,36,1731
3167
3025
2830
1266,3021
3026
3028
3029
3030
1091
3112
2476,837,1531,22
3033
2832
1995
1215
2886
6
1245,2939
2003
3039
3043
2212
3046
2595
3219
2010
3055
1554
2759
2349,95
990
1505
3059
2234,1302,30
3058
2204,3298
1212,1750,3009
3064
3067
652,2348,1182,1296,3354,2703,2361,1175,1793,3214,1502,926,3117,2175,3186,2499,2625,3293,19
3070
3072
2788,2276,1390
1465
2428,2865,77,618,1039,532,1899,819,1867,1736,2525,2193,1517,2085
2280
2854,646,318
1730,1024
3082
169,3192
285
929,2019
3086
441,1078
827
3088
3089
3090
81
3272,1788,1781,3345
833
1263
1076
564
489
833
1860
1104
3106
2131
2919,1322,1861,184,1681,790,1139,1454,1287
679
720
3110
1341
3113
1610,3134,2311
3118
3116
699
3330,2102,2984,3304
3121
3375
1315,3409
268
743,1518
2350,1020
2501,1535
2194
1024
3130
1698,891,3372,3097
473,1029
103,191
1293,3011
889,1258,985
3174,2862
3136
579,1395
1828,2961,1986
3139
3137
1159,391
3210
2996,1767
754
3012,2365,2807,493,259,1813
3147
3148
856,3066
167,2688
3076,1183,2526
1915,1817,2564
175
1374
64
3162
1813
133
1846,1315,130
2476
3353,2365
2530,213,545
996,548
3168
3169
3170
2401
2352
3178
3180
3182
3183
1762
1932
3316,2120
1357,2135
751
3179
2700,55,1138
2294,2621
1140
1436
526
3202
3205
2578,2388
3208
2643
2123
3262
3210
3211
3212
281
3294
1617
1496
3217
3027
3218
110
2806,2017
3221
3222
3224
350
3229
1949
1343,969,2907,3395,2783,1294,2584,773,2797,2592,3150,1475,2431,1819,222,23,2697,2532,949,3188
55
2704
3074
3243
3258
2958,3258
1773,2659
846,1121
496,290,1350
1471
3252
3124
3254
3255
478,3302
3257
1435
409,1484
3259
3260
2054
245,1230
3263
470,2524
3262
3265
2789,503
76,2163
3269
1457,1581
3270
2814,1059,1683
425
1002
3272
3273
1582,2728
129
587
204
2963
2563,2842
3275
3276
2875,2872
3247
3277
1562
1612
3278
3280
2407
1243,3154
3327,256
3287
862
3290
60,1694
1118
1815,2564
3297
3010,1879
3132
3299
359
2842
1144
448
1961,1412
951
1207
1180
3305
3306
3307
3308
3310
2211
1497
3313
3059,350
1072,1728
1188
3322
325,1150
3325
3321
3339
2690,2593,2067
520,585
376
336
2564
3334
3140,2643
1703,551
2777
1633,2573
1920
787,680
263
833
1291
3344
738
3286
697,3290,1186,1032,2016
2730
3353
29
2573
147,2732
3360
1954
3362
1531,591,22
3372
18,907
16
3375
1068
3376
3334,861
3380
732
3383
3386
2521
3389
2425
1995,1453
3012
1708
587
3397
869,20
2148
1373,1636
1905
1743,1050
1244
3405
289
2834
3409
2110
3411
