2605,567,-1.0
2159,686,0.0
2012,1211,-1.0
142,271,-1.0
1653,98,-1.0
1445,825,1.0
1315,596,-1.0
1381,1173,1.0
2230,1618,-1.0
183,644,-1.0
2234,616,-1.0
649,59,-1.0
991,721,1.0
101,1092,1.0
838,1377,-1.0
2020,715,-1.0
1609,1569,-1.0
1683,842,-1.0
531,183,1.0
2434,443,-1.0
1078,1443,-1.0
737,1577,-1.0
1593,1075,1.0
501,962,0.0
991,1544,1.0
675,30,1.0
1939,653,1.0
913,541,-1.0
33,1367,-1.0
874,783,-1.0
930,1106,1.0
374,840,-1.0
912,594,-1.0
534,1049,1.0
462,1035,1.0
1943,194,-1.0
2450,797,-1.0
330,1607,-1.0
1277,452,-1.0
528,902,-1.0
652,722,-1.0
1167,93,1.0
2434,819,-1.0
2229,1100,-1.0
2506,934,1.0
2229,867,-1.0
1337,1050,1.0
2434,329,-1.0
387,991,1.0
1766,1582,1.0
164,706,1.0
1423,504,1.0
1854,1613,-1.0
1865,551,-1.0
471,155,-1.0
2238,574,-1.0
2254,495,-1.0
600,1604,-1.0
1101,1214,1.0
2434,1202,-1.0
991,545,1.0
1925,608,-1.0
1502,890,1.0
1751,248,-1.0
1866,1476,-1.0
1930,214,-1.0
1160,899,-1.0
2229,538,-1.0
312,1170,-1.0
2003,251,1.0
1507,1271,-1.0
204,1113,1.0
2116,1109,-1.0
991,1312,1.0
2559,563,1.0
1983,52,1.0
2434,1093,-1.0
2607,1563,-1.0
2260,173,-1.0
991,309,1.0
1963,1592,1.0
2171,894,1.0
2237,1531,-1.0
639,1136,1.0
2431,484,1.0
2552,1395,1.0
2434,748,-1.0
6,695,0.0
1423,357,-1.0
747,1231,1.0
1989,219,0.0
1521,18,-1.0
2037,716,-1.0
337,680,-1.0
1041,229,1.0
2099,782,1.0
1742,832,1.0
854,88,-1.0
1909,137,1.0
1196,704,-1.0
946,619,-1.0
2434,263,-1.0
2434,1137,-1.0
2022,475,-1.0
2052,355,-1.0
137,1071,1.0
203,216,-1.0
626,1235,-1.0
1458,546,-1.0
1715,1537,-1.0
2345,1596,-1.0
1004,305,1.0
2434,378,-1.0
584,565,1.0
350,759,-1.0
653,571,1.0
934,1201,-1.0
2422,307,-1.0
1937,170,-1.0
2592,378,-1.0
2434,997,-1.0
2055,1440,1.0
2513,1497,-1.0
828,503,-1.0
2238,261,1.0
1238,1174,-1.0
80,1337,0.0
1774,238,-1.0
1918,408,-1.0
127,0,-1.0
2487,1482,1.0
954,1496,1.0
2434,605,-1.0
1791,1514,-1.0
2137,160,-1.0
183,1023,1.0
1853,1184,-1.0
991,311,1.0
521,1597,1.0
450,221,1.0
967,375,-1.0
2560,501,-1.0
1073,74,-1.0
1062,1123,-1.0
959,452,1.0
1390,126,-1.0
2434,928,-1.0
63,204,-1.0
991,1081,1.0
2098,484,-1.0
1515,1024,-1.0
162,1262,-1.0
2434,1618,-1.0
203,236,-1.0
790,603,1.0
1435,1213,1.0
2422,879,1.0
716,1350,1.0
68,1497,1.0
2410,400,-1.0
2220,1323,1.0
1407,530,1.0
917,1603,-1.0
780,264,1.0
1350,509,-1.0
1204,722,1.0
1281,1124,1.0
2177,201,1.0
216,864,-1.0
2349,719,-1.0
106,926,1.0
716,1413,1.0
226,874,1.0
1065,1490,1.0
1435,1087,-1.0
2434,1052,-1.0
2443,469,-1.0
1989,399,0.0
1124,3,1.0
2434,152,-1.0
1300,397,-1.0
1417,1416,1.0
955,1337,-1.0
520,677,1.0
2434,814,-1.0
991,356,1.0
613,1351,1.0
808,1573,-1.0
477,1530,1.0
456,1521,-1.0
745,964,1.0
63,934,-1.0
1617,1251,1.0
2551,863,-1.0
1345,1251,1.0
140,1021,-1.0
1293,335,1.0
991,441,1.0
801,1588,1.0
484,15,-1.0
268,1283,1.0
1335,958,1.0
1987,675,-1.0
2434,912,-1.0
2221,212,1.0
2434,1378,-1.0
1673,29,-1.0
1408,1168,-1.0
1821,749,-1.0
1139,1005,-1.0
2523,189,-1.0
991,815,1.0
985,328,1.0
2127,1330,-1.0
123,495,-1.0
1908,1034,1.0
1199,1056,-1.0
556,1501,-1.0
1645,1449,-1.0
1435,1588,-1.0
991,710,1.0
991,1088,1.0
979,985,-1.0
1435,1477,1.0
1685,961,-1.0
991,684,1.0
158,1112,1.0
1245,603,-1.0
2517,1122,-1.0
873,1404,1.0
1711,184,-1.0
767,1336,1.0
2537,1136,-1.0
188,48,-1.0
24,385,1.0
1706,586,-1.0
605,470,-1.0
991,805,1.0
2103,1489,1.0
513,1040,-1.0
1761,727,1.0
371,1143,1.0
2116,327,-1.0
2197,1479,-1.0
1163,1218,-1.0
1368,1343,1.0
216,873,-1.0
1162,661,-1.0
2413,1429,1.0
858,464,1.0
2309,1237,1.0
1926,221,-1.0
1429,98,-1.0
173,1217,1.0
1255,320,1.0
213,750,1.0
216,354,-1.0
2274,1331,-1.0
782,519,-1.0
909,1545,1.0
126,903,-1.0
2581,1344,1.0
1478,1310,-1.0
2271,946,1.0
2434,380,-1.0
1660,765,-1.0
211,1021,1.0
338,1571,-1.0
2405,897,1.0
782,580,-1.0
274,737,1.0
2009,259,-1.0
911,1088,0.0
1230,111,1.0
547,447,1.0
2168,743,-1.0
2434,1417,-1.0
1364,342,-1.0
2434,1187,-1.0
2460,1258,1.0
1086,1509,-1.0
480,1135,1.0
2004,603,1.0
2193,1359,-1.0
991,1002,1.0
2434,1261,-1.0
1154,1414,1.0
1804,785,-1.0
595,1129,-1.0
444,695,-1.0
15,699,-1.0
11,138,-1.0
846,287,-1.0
1314,1157,1.0
2046,1010,-1.0
2148,1027,1.0
273,594,-1.0
1779,380,-1.0
2021,137,1.0
2434,1590,-1.0
991,634,1.0
2382,1048,-1.0
735,581,0.0
1075,332,1.0
875,969,-1.0
1734,919,-1.0
713,90,-1.0
991,467,1.0
649,1612,1.0
502,1091,1.0
695,338,1.0
667,1503,-1.0
1980,235,1.0
1454,799,1.0
2152,267,1.0
2524,377,1.0
1577,1150,-1.0
732,772,1.0
1075,1042,-1.0
1246,1412,1.0
2599,1029,-1.0
1803,28,-1.0
1857,1277,1.0
1614,676,-1.0
2051,1107,1.0
1386,853,1.0
2095,1409,-1.0
2501,924,1.0
2303,931,1.0
1345,1041,1.0
2586,800,-1.0
2434,1027,-1.0
2421,1433,1.0
2105,267,0.0
2434,1577,-1.0
2362,1257,-1.0
1359,634,-1.0
152,859,-1.0
2434,3,-1.0
991,1351,1.0
668,877,1.0
1640,411,-1.0
860,494,1.0
2151,1011,-1.0
2454,931,-1.0
2523,39,-1.0
1766,234,-1.0
1075,260,-1.0
2434,346,-1.0
420,1317,-1.0
799,418,1.0
907,459,-1.0
218,342,1.0
2025,1463,1.0
1881,209,-1.0
2138,499,-1.0
95,1561,1.0
402,354,-1.0
921,1082,0.0
380,1151,1.0
1985,1412,-1.0
2641,1415,-1.0
932,96,-1.0
2387,54,1.0
1299,179,-1.0
111,1238,1.0
470,1489,-1.0
758,1219,1.0
1831,1132,-1.0
1297,1226,1.0
1341,611,1.0
738,853,-1.0
1374,438,0.0
2049,725,1.0
756,1152,1.0
1409,322,-1.0
445,136,-1.0
71,448,-1.0
2434,715,-1.0
1674,392,1.0
991,672,1.0
1368,1426,1.0
669,1323,1.0
1686,1238,-1.0
1677,1039,-1.0
1115,478,1.0
369,638,-1.0
2547,1398,-1.0
715,51,1.0
2590,1299,-1.0
991,1246,1.0
539,213,1.0
991,246,1.0
2604,1064,1.0
991,811,1.0
1075,1149,-1.0
173,596,-1.0
2167,269,-1.0
2210,1141,-1.0
2434,394,-1.0
379,1558,1.0
466,1366,1.0
388,1343,1.0
1051,1199,1.0
718,605,1.0
2434,1388,-1.0
1218,335,-1.0
525,102,-1.0
2108,58,-1.0
1274,286,-1.0
1531,27,-1.0
1866,1154,1.0
1075,1336,-1.0
661,400,-1.0
253,799,0.0
2076,947,1.0
817,599,-1.0
2616,449,-1.0
2434,252,-1.0
1860,694,-1.0
2609,521,1.0
425,61,1.0
953,1467,-1.0
607,455,-1.0
2396,1439,-1.0
1256,838,-1.0
288,112,0.0
388,267,1.0
1769,1098,1.0
36,536,1.0
431,506,-1.0
2416,1149,-1.0
2219,1146,-1.0
1979,459,1.0
2259,995,-1.0
2527,603,-1.0
960,1550,-1.0
2136,1452,0.0
347,1164,-1.0
264,1342,-1.0
2619,1039,1.0
926,1052,1.0
1975,85,1.0
2159,313,0.0
1056,323,-1.0
74,269,-1.0
862,1356,1.0
199,1429,-1.0
476,1305,-1.0
1435,165,-1.0
1697,666,-1.0
653,325,1.0
57,285,-1.0
1480,526,1.0
237,438,0.0
1788,292,1.0
429,555,1.0
2402,77,-1.0
2045,1580,1.0
877,1172,-1.0
2242,998,-1.0
1075,950,-1.0
1616,1552,1.0
1885,367,-1.0
2281,1035,1.0
704,474,-1.0
991,1284,1.0
691,606,-1.0
199,330,-1.0
2210,847,-1.0
2445,124,-1.0
1610,96,-1.0
1375,1400,-1.0
2140,257,1.0
1359,30,-1.0
2434,1125,-1.0
63,622,-1.0
1847,870,-1.0
139,686,-1.0
2625,1207,0.0
1281,577,-1.0
2459,368,1.0
1814,633,-1.0
218,1585,1.0
1671,635,0.0
22,1210,-1.0
1807,109,1.0
541,71,1.0
1260,614,1.0
2229,1262,-1.0
982,972,1.0
1380,759,1.0
1750,544,-1.0
2120,1039,1.0
118,958,-1.0
991,129,1.0
381,341,-1.0
2434,8,-1.0
1861,548,-1.0
917,1057,-1.0
1185,1621,1.0
237,147,1.0
1172,583,-1.0
652,841,1.0
845,233,-1.0
1084,1588,1.0
2243,944,1.0
2434,398,-1.0
107,343,-1.0
1610,298,-1.0
2601,537,-1.0
1551,442,1.0
1555,1446,-1.0
1529,1341,1.0
0,1242,-1.0
1262,1135,-1.0
653,1249,1.0
991,589,1.0
1431,319,1.0
905,1509,1.0
729,1084,-1.0
152,1391,-1.0
2495,106,-1.0
1537,1254,-1.0
991,1278,1.0
2489,393,1.0
892,277,1.0
754,145,-1.0
1321,1233,-1.0
2434,303,-1.0
1068,362,-1.0
81,1335,-1.0
2126,1093,1.0
455,423,-1.0
45,180,-1.0
930,1442,0.0
2168,202,-1.0
2125,503,1.0
2369,816,0.0
2223,1457,-1.0
1662,728,-1.0
203,545,-1.0
1749,944,-1.0
2380,1559,-1.0
980,1018,1.0
2330,1095,-1.0
1221,1358,-1.0
1655,1481,1.0
236,855,1.0
2024,240,-1.0
1075,1390,-1.0
1442,1563,1.0
1075,1466,-1.0
953,59,1.0
896,407,1.0
2217,1291,1.0
911,1087,-1.0
1269,855,-1.0
492,1328,-1.0
1989,896,0.0
1852,166,-1.0
795,1039,1.0
1110,1544,-1.0
2403,1307,1.0
1689,1212,-1.0
1531,713,1.0
2264,1380,-1.0
2195,1103,-1.0
420,1383,1.0
2385,58,-1.0
218,746,1.0
1479,1206,-1.0
1989,55,0.0
999,1059,-1.0
1435,809,-1.0
2342,1480,-1.0
1403,776,1.0
1865,791,1.0
2579,573,-1.0
2196,1598,-1.0
1603,1307,-1.0
1098,1265,-1.0
335,521,-1.0
407,868,0.0
998,482,-1.0
244,500,-1.0
498,917,-1.0
7,77,1.0
2159,231,0.0
2072,1273,1.0
2434,364,-1.0
307,1201,-1.0
2244,1523,1.0
964,63,1.0
1300,674,-1.0
154,11,1.0
184,1331,1.0
1994,149,-1.0
1535,553,-1.0
1785,187,1.0
1008,968,1.0
600,220,-1.0
1988,773,1.0
1990,780,1.0
1405,815,-1.0
599,113,-1.0
991,1615,1.0
1791,556,-1.0
1001,1494,1.0
970,854,-1.0
867,137,1.0
1787,655,1.0
823,485,-1.0
802,137,1.0
2415,1073,-1.0
1805,587,1.0
1401,1001,-1.0
2359,572,1.0
2562,756,0.0
2188,424,-1.0
1141,669,-1.0
2168,347,-1.0
203,1463,-1.0
991,1122,1.0
2434,315,-1.0
1087,196,1.0
1891,1388,-1.0
1553,34,-1.0
1991,1432,1.0
203,721,-1.0
1572,65,-1.0
485,1001,1.0
37,896,1.0
309,285,1.0
1,1261,1.0
2505,127,-1.0
938,649,1.0
2009,917,1.0
2554,1243,-1.0
2350,1555,-1.0
2434,756,-1.0
513,958,-1.0
953,29,1.0
886,354,-1.0
1155,1372,1.0
631,45,-1.0
2434,558,-1.0
386,650,-1.0
74,1082,-1.0
2434,356,-1.0
1075,318,-1.0
2110,765,-1.0
1015,130,-1.0
2434,471,-1.0
1434,1484,1.0
388,1197,1.0
191,601,-1.0
864,1065,-1.0
991,1023,1.0
341,1471,1.0
1435,1609,-1.0
1226,111,-1.0
1315,1232,-1.0
758,425,-1.0
2168,167,-1.0
884,419,1.0
1790,910,1.0
2611,739,-1.0
1571,1190,1.0
328,1116,-1.0
1481,1441,1.0
248,1394,-1.0
2335,1312,1.0
1608,826,1.0
1830,341,-1.0
2502,936,-1.0
1117,1390,1.0
2550,946,-1.0
991,1508,1.0
2240,1111,0.0
1011,193,1.0
1863,1328,1.0
2376,856,-1.0
2434,33,-1.0
45,482,1.0
2434,37,-1.0
1043,1410,-1.0
2488,1347,-1.0
968,1455,-1.0
2168,359,-1.0
2434,83,-1.0
975,1045,1.0
2434,704,-1.0
2434,960,-1.0
2544,77,-1.0
895,9,-1.0
2201,1229,1.0
2271,1511,-1.0
2363,802,-1.0
1623,463,1.0
2611,760,-1.0
1959,1334,1.0
2605,742,1.0
1155,289,1.0
2434,1584,-1.0
611,330,1.0
2025,1246,1.0
634,1039,1.0
21,164,1.0
1707,33,1.0
509,172,1.0
1327,1094,1.0
1681,653,-1.0
1316,812,-1.0
1439,996,-1.0
2435,504,1.0
2397,781,1.0
2434,250,-1.0
2190,1280,-1.0
1660,400,-1.0
2134,942,1.0
1929,463,-1.0
1978,913,-1.0
1452,181,-1.0
1001,557,1.0
254,301,1.0
1989,1017,1.0
718,905,0.0
1653,1242,1.0
1400,355,-1.0
1435,1597,-1.0
653,218,-1.0
1048,1067,1.0
2434,1002,-1.0
346,1008,-1.0
2179,676,1.0
2062,1526,1.0
2229,290,-1.0
1904,746,-1.0
464,211,-1.0
1029,1162,-1.0
174,1273,-1.0
1567,758,1.0
1296,594,1.0
2168,824,-1.0
2245,54,-1.0
991,723,1.0
2434,964,-1.0
213,971,-1.0
1982,297,-1.0
771,453,1.0
2076,1620,-1.0
2292,82,-1.0
1816,47,1.0
895,644,-1.0
900,862,-1.0
1202,1508,1.0
2526,475,-1.0
976,334,1.0
1582,1347,1.0
1527,1020,1.0
2006,1575,1.0
2562,569,1.0
1430,222,1.0
2222,856,-1.0
991,526,1.0
2007,1230,-1.0
1319,689,-1.0
604,81,-1.0
245,940,1.0
1917,889,1.0
290,543,1.0
2023,661,1.0
1376,18,1.0
1967,184,-1.0
1584,1611,-1.0
1263,1353,1.0
823,5,1.0
1452,774,-1.0
2373,1612,-1.0
1535,1502,1.0
245,656,-1.0
1664,1175,-1.0
2510,694,1.0
2434,441,-1.0
1791,333,-1.0
1174,184,0.0
2224,1340,-1.0
88,1101,-1.0
1663,1398,1.0
1548,1345,-1.0
2487,1518,-1.0
1204,841,-1.0
73,1406,0.0
997,1021,-1.0
323,454,-1.0
958,481,1.0
473,565,-1.0
1529,241,-1.0
223,223,-1.0
1285,820,-1.0
1583,77,-1.0
2174,1578,1.0
2036,1594,-1.0
387,681,-1.0
2562,811,0.0
1447,774,1.0
21,1126,1.0
1303,326,1.0
641,1233,-1.0
1886,1213,1.0
1241,1539,-1.0
866,704,0.0
1487,1557,1.0
2218,1600,1.0
1657,709,1.0
2394,1332,-1.0
2518,1582,-1.0
1549,1097,-1.0
1238,254,-1.0
2393,1038,1.0
2148,1588,1.0
1152,604,0.0
203,780,-1.0
1040,395,-1.0
2434,246,-1.0
1633,890,-1.0
902,621,1.0
2032,582,-1.0
2061,1484,0.0
782,1232,-1.0
235,70,1.0
1461,1401,-1.0
604,355,-1.0
991,328,1.0
1455,1179,1.0
2422,879,-1.0
1654,597,-1.0
903,1109,1.0
831,714,-1.0
1446,1278,1.0
1753,1277,-1.0
73,771,0.0
1466,974,-1.0
991,1592,1.0
956,467,-1.0
1297,617,1.0
1647,1553,1.0
187,320,-1.0
18,154,-1.0
1518,403,-1.0
2013,84,-1.0
66,101,1.0
772,1190,-1.0
2434,688,-1.0
580,803,-1.0
2496,156,1.0
2434,1588,-1.0
1208,827,0.0
1210,1086,-1.0
948,1381,-1.0
1220,1313,-1.0
1508,743,1.0
991,738,1.0
939,246,1.0
436,666,-1.0
1315,682,-1.0
2515,1535,-1.0
2185,1003,-1.0
2448,1009,1.0
2469,260,-1.0
2434,829,-1.0
1299,440,1.0
440,1042,1.0
644,192,-1.0
1573,182,-1.0
991,116,1.0
2434,293,-1.0
1777,628,1.0
1815,1488,-1.0
82,334,1.0
1347,976,1.0
389,793,1.0
2612,750,-1.0
143,966,1.0
2235,957,1.0
1495,684,1.0
1829,1574,-1.0
2395,597,1.0
2434,679,-1.0
2017,482,-1.0
2325,473,-1.0
937,1475,-1.0
1270,868,-1.0
104,1441,0.0
1722,129,0.0
682,523,-1.0
1568,46,1.0
849,217,-1.0
2266,628,-1.0
858,1356,1.0
2076,561,1.0
2207,116,-1.0
1421,740,1.0
222,105,1.0
991,1148,1.0
2565,1206,-1.0
1644,414,-1.0
992,803,0.0
1275,1589,1.0
2168,1171,1.0
811,600,1.0
494,875,1.0
991,1216,1.0
751,362,-1.0
1704,1459,-1.0
2559,391,1.0
642,64,-1.0
1763,960,-1.0
757,649,0.0
2390,107,1.0
1188,713,-1.0
2488,1618,1.0
1235,1237,-1.0
1075,235,-1.0
2434,1312,-1.0
2527,784,1.0
1081,391,-1.0
2434,1612,-1.0
2555,864,-1.0
2185,1495,-1.0
2434,668,-1.0
2434,129,-1.0
505,1446,0.0
991,877,1.0
16,56,-1.0
463,198,-1.0
90,139,-1.0
1009,1396,-1.0
2243,101,-1.0
1647,1080,-1.0
1743,559,1.0
2202,575,-1.0
1634,265,1.0
1478,256,-1.0
1209,652,-1.0
1608,916,-1.0
942,1419,1.0
621,20,-1.0
699,656,1.0
991,554,1.0
1554,304,1.0
1691,1036,-1.0
218,1109,-1.0
694,1107,-1.0
2150,1421,1.0
83,965,-1.0
1477,192,1.0
1386,1135,1.0
2584,569,-1.0
991,981,1.0
1407,1453,-1.0
991,548,1.0
2434,1568,-1.0
1001,645,1.0
1534,1519,1.0
1440,12,-1.0
149,1595,-1.0
2434,1222,-1.0
1154,1414,-1.0
2434,811,-1.0
2500,1417,1.0
858,950,1.0
2450,722,-1.0
2113,969,1.0
2289,340,-1.0
2405,1363,-1.0
792,1128,-1.0
312,636,1.0
427,215,-1.0
397,572,-1.0
50,1616,-1.0
542,919,1.0
1175,514,1.0
1205,1056,1.0
1991,1349,-1.0
1028,425,1.0
1819,848,1.0
2114,1293,1.0
1980,235,-1.0
600,125,1.0
1320,177,-1.0
2549,1457,-1.0
411,1112,-1.0
158,1310,1.0
741,790,1.0
2355,546,0.0
1019,1546,-1.0
727,1339,-1.0
992,1596,1.0
1176,1484,1.0
2253,972,-1.0
2142,1111,0.0
679,1455,-1.0
18,914,1.0
1989,103,0.0
2434,1395,-1.0
808,376,-1.0
991,164,1.0
1160,1281,1.0
395,1528,1.0
1973,1549,-1.0
991,813,1.0
2211,78,-1.0
935,1481,1.0
1320,861,1.0
1372,614,0.0
1491,22,-1.0
879,743,1.0
876,321,1.0
2173,176,-1.0
147,279,1.0
1346,1372,-1.0
991,1513,1.0
1345,1309,1.0
696,734,-1.0
423,1484,1.0
1859,350,1.0
1910,1227,-1.0
991,52,1.0
728,1324,-1.0
2029,1487,-1.0
846,830,0.0
683,462,1.0
991,238,1.0
1123,1564,-1.0
1406,1236,-1.0
991,453,1.0
2133,17,1.0
322,19,-1.0
947,648,1.0
1461,1323,1.0
1650,137,1.0
626,161,-1.0
984,1453,-1.0
604,1423,-1.0
1285,491,1.0
1900,249,-1.0
2088,1419,-1.0
2358,857,-1.0
2423,389,1.0
2434,1615,-1.0
1716,915,-1.0
1069,924,-1.0
879,1392,-1.0
2635,390,-1.0
1842,1345,1.0
1578,112,-1.0
2519,983,1.0
262,1156,1.0
1678,1540,1.0
277,776,-1.0
1267,576,1.0
858,1390,1.0
2434,815,-1.0
1384,533,-1.0
858,1466,1.0
1822,697,-1.0
216,156,1.0
1989,1435,0.0
219,881,1.0
1379,937,-1.0
2434,710,-1.0
2434,1122,-1.0
991,1275,1.0
299,1552,-1.0
2344,1430,1.0
1177,547,-1.0
843,1434,1.0
246,462,-1.0
1453,1565,1.0
303,775,-1.0
654,1165,1.0
1628,934,-1.0
991,904,1.0
48,673,-1.0
2121,745,-1.0
144,853,-1.0
1892,1162,1.0
2610,219,1.0
2434,579,-1.0
1624,68,-1.0
490,597,-1.0
542,1155,-1.0
1887,801,-1.0
653,869,1.0
797,1083,1.0
205,75,1.0
2401,127,1.0
1193,225,-1.0
1401,1142,-1.0
1072,1553,1.0
2416,1350,-1.0
2304,865,1.0
794,137,0.0
1989,1387,0.0
170,667,-1.0
765,1440,-1.0
2177,611,-1.0
483,741,-1.0
2434,1278,-1.0
722,1548,-1.0
636,244,-1.0
1762,552,-1.0
626,818,-1.0
591,1211,-1.0
2570,1541,-1.0
1135,1037,-1.0
568,893,1.0
1143,131,1.0
2152,1180,1.0
856,239,-1.0
739,498,1.0
1018,1417,-1.0
1695,1018,-1.0
1608,414,-1.0
1185,1200,1.0
2510,564,-1.0
910,26,-1.0
2434,143,-1.0
1156,33,-1.0
1296,1608,-1.0
2520,183,-1.0
1608,14,-1.0
1399,244,-1.0
194,433,-1.0
1795,1123,-1.0
1189,69,1.0
1716,1197,1.0
701,1364,1.0
2434,788,-1.0
1528,840,-1.0
991,1571,1.0
1549,427,-1.0
326,179,1.0
1478,1039,1.0
1788,292,-1.0
1271,376,-1.0
1148,612,-1.0
2252,501,0.0
922,337,-1.0
580,1499,1.0
63,1473,-1.0
2152,1061,1.0
2422,1519,-1.0
303,1445,1.0
231,894,-1.0
1690,331,-1.0
753,1407,-1.0
2008,1109,1.0
433,659,-1.0
864,978,-1.0
1243,1244,-1.0
1989,1505,0.0
430,129,-1.0
687,648,0.0
2611,612,-1.0
1075,571,-1.0
1039,796,1.0
595,674,-1.0
675,545,0.0
2420,169,1.0
991,1586,1.0
2421,199,0.0
2160,198,0.0
2056,1382,-1.0
2402,372,-1.0
1033,73,1.0
38,224,1.0
1001,426,-1.0
306,1462,1.0
1415,1484,1.0
991,259,1.0
1696,171,-1.0
277,1514,1.0
168,851,-1.0
1940,1517,-1.0
1698,1394,1.0
1075,132,-1.0
39,795,-1.0
608,606,-1.0
134,193,-1.0
2123,1528,-1.0
860,1239,-1.0
1567,1089,-1.0
2484,1314,1.0
39,735,-1.0
864,1160,1.0
2434,540,-1.0
991,567,1.0
2545,1302,-1.0
3,1228,1.0
392,736,1.0
2434,1377,-1.0
31,511,-1.0
108,516,-1.0
2434,291,-1.0
1766,1604,-1.0
1482,1406,-1.0
1075,966,1.0
185,584,-1.0
858,422,1.0
2363,415,-1.0
1608,1124,-1.0
1431,1288,1.0
2434,1271,-1.0
1811,280,1.0
1621,1385,0.0
354,1104,0.0
1756,314,-1.0
183,1177,-1.0
203,1455,-1.0
1669,1470,-1.0
991,514,1.0
2087,880,-1.0
728,1416,-1.0
2176,1384,1.0
1827,21,1.0
1160,1500,1.0
969,1616,1.0
2047,670,1.0
653,698,-1.0
426,1525,-1.0
2271,1301,1.0
991,1599,1.0
2616,856,1.0
135,1547,1.0
52,1290,1.0
583,264,-1.0
2371,1099,-1.0
588,651,-1.0
1315,1441,-1.0
1692,525,1.0
1128,1224,-1.0
843,468,-1.0
2349,213,-1.0
1254,973,1.0
388,1180,1.0
12,1158,1.0
129,1372,1.0
1791,39,1.0
2148,729,1.0
991,1555,1.0
497,690,1.0
40,1055,1.0
87,1219,-1.0
2352,231,-1.0
1494,988,1.0
1488,1593,1.0
342,1405,1.0
1976,943,1.0
813,1349,1.0
1075,874,-1.0
424,1358,-1.0
347,323,1.0
1674,1592,-1.0
2213,431,-1.0
511,426,1.0
356,228,-1.0
686,1501,1.0
2434,1096,-1.0
762,889,-1.0
1531,1035,1.0
2161,241,1.0
2228,1241,1.0
167,294,-1.0
388,1061,1.0
614,474,1.0
2290,625,1.0
1756,27,-1.0
1942,1573,1.0
1724,500,1.0
1165,110,1.0
110,1586,0.0
2507,528,-1.0
1072,27,-1.0
1001,1041,1.0
1044,1342,-1.0
1499,1033,-1.0
83,402,1.0
2538,1032,1.0
2168,436,-1.0
2597,811,1.0
1760,371,1.0
1067,1013,-1.0
91,1085,-1.0
1276,698,-1.0
1585,1555,1.0
1943,771,1.0
845,177,-1.0
404,994,-1.0
270,986,1.0
1382,43,1.0
748,997,1.0
1201,1365,-1.0
2457,403,1.0
1269,1373,1.0
991,418,1.0
2355,229,-1.0
1863,563,-1.0
653,1341,1.0
256,799,-1.0
1750,87,-1.0
991,169,1.0
1881,188,-1.0
1035,604,-1.0
828,1573,-1.0
1768,884,-1.0
2296,1285,1.0
2617,789,-1.0
2434,328,-1.0
991,594,1.0
1313,23,1.0
2434,460,-1.0
782,797,-1.0
991,1466,1.0
2634,1476,1.0
2081,1508,-1.0
991,1046,1.0
1435,156,-1.0
898,1200,1.0
191,336,-1.0
2275,822,1.0
1557,1460,-1.0
2225,1337,1.0
290,1012,1.0
1463,1504,-1.0
938,649,-1.0
2070,63,-1.0
2045,729,-1.0
2322,356,1.0
2315,901,1.0
32,13,-1.0
1083,648,-1.0
840,334,-1.0
2229,383,-1.0
2327,653,-1.0
1003,15,1.0
373,118,1.0
2501,331,-1.0
1872,1079,1.0
1726,1289,-1.0
2229,279,-1.0
1704,388,1.0
1498,871,-1.0
1989,1075,0.0
1154,738,1.0
2212,76,1.0
2529,710,1.0
991,676,1.0
2434,589,-1.0
991,105,1.0
1098,665,1.0
2109,1278,-1.0
1989,322,0.0
1351,876,1.0
2080,1282,-1.0
707,757,1.0
2233,1291,-1.0
1155,1076,1.0
2239,94,-1.0
2217,1541,1.0
2573,825,-1.0
622,1317,1.0
313,720,1.0
2434,1077,-1.0
647,757,-1.0
652,590,1.0
426,1115,1.0
2162,950,1.0
2434,1494,-1.0
1645,61,0.0
824,749,-1.0
1996,1408,-1.0
1732,1183,-1.0
2379,65,-1.0
1171,57,1.0
98,217,1.0
581,1177,-1.0
1613,1621,-1.0
2156,1090,-1.0
1438,498,-1.0
1725,504,1.0
2316,208,-1.0
1412,813,-1.0
1088,81,-1.0
1901,301,-1.0
2024,462,-1.0
50,373,-1.0
2037,154,1.0
2555,479,1.0
1032,362,1.0
730,1028,-1.0
2434,158,-1.0
659,1260,-1.0
1988,1522,-1.0
2008,498,1.0
1578,26,1.0
2434,877,-1.0
224,396,1.0
858,1064,1.0
42,700,1.0
1669,1526,-1.0
2434,392,-1.0
2408,906,1.0
1052,609,-1.0
2374,1069,-1.0
1010,739,-1.0
1256,1101,1.0
393,109,-1.0
991,477,1.0
2334,47,-1.0
1398,685,-1.0
2085,1324,-1.0
1685,273,-1.0
2340,1309,1.0
2544,372,-1.0
1456,625,-1.0
1435,150,-1.0
557,737,-1.0
2381,281,-1.0
670,1178,1.0
1076,1098,-1.0
956,809,1.0
35,805,1.0
2377,267,-1.0
2631,696,1.0
941,1615,1.0
2434,138,-1.0
841,1492,-1.0
978,539,-1.0
991,1527,1.0
171,157,-1.0
2496,953,-1.0
1617,1418,1.0
2362,438,1.0
2105,1485,1.0
379,87,-1.0
2434,114,-1.0
499,634,1.0
1,9,-1.0
1009,522,-1.0
1410,735,1.0
458,1484,1.0
1401,500,-1.0
1210,1583,1.0
2089,260,1.0
2466,111,0.0
1428,1565,-1.0
1140,859,-1.0
1350,1255,1.0
991,1304,1.0
99,1057,1.0
1471,167,-1.0
223,1160,-1.0
1517,830,1.0
1273,915,1.0
931,1161,-1.0
2434,810,-1.0
2469,522,1.0
78,1256,-1.0
2290,329,-1.0
870,1469,-1.0
573,1611,1.0
2434,1592,-1.0
1992,457,1.0
2424,485,1.0
858,235,1.0
991,959,1.0
1788,591,1.0
2434,727,-1.0
883,447,-1.0
2468,971,1.0
2453,1349,-1.0
859,1133,-1.0
2185,1220,-1.0
991,1086,1.0
1075,1537,-1.0
1075,325,-1.0
600,706,-1.0
2148,1494,1.0
1435,1610,1.0
1647,1039,1.0
1018,115,1.0
704,557,1.0
1974,361,-1.0
2370,216,-1.0
345,1442,1.0
1085,777,-1.0
2123,794,1.0
2141,993,-1.0
362,1323,1.0
540,162,1.0
2434,557,-1.0
263,589,-1.0
232,1525,-1.0
233,1111,0.0
885,114,-1.0
2359,62,-1.0
2434,238,-1.0
1151,429,1.0
1501,1317,1.0
2115,263,0.0
104,297,1.0
1367,643,1.0
1699,904,1.0
203,1536,-1.0
595,959,1.0
680,372,-1.0
719,738,-1.0
406,632,1.0
1284,956,-1.0
124,660,1.0
991,295,1.0
1758,1387,-1.0
961,1364,-1.0
1160,588,-1.0
1436,398,1.0
1457,436,-1.0
2434,1508,-1.0
2491,1548,1.0
1589,38,-1.0
1564,19,1.0
2195,598,1.0
1314,992,-1.0
991,312,1.0
1075,952,-1.0
825,140,-1.0
879,1027,-1.0
334,1494,-1.0
684,189,1.0
1672,1130,-1.0
1075,1249,-1.0
1715,1194,1.0
1332,1230,1.0
2373,810,1.0
115,1185,1.0
990,80,-1.0
130,339,1.0
2505,1415,-1.0
1671,963,0.0
637,1185,-1.0
2434,1468,-1.0
1131,90,1.0
1020,689,1.0
1911,850,1.0
723,416,-1.0
1599,1208,-1.0
2265,69,-1.0
46,1491,1.0
1916,787,-1.0
1850,975,-1.0
2014,1542,1.0
158,379,-1.0
1698,460,1.0
812,1192,-1.0
1828,633,1.0
572,222,-1.0
1478,1112,-1.0
1238,1022,-1.0
796,6,-1.0
1181,255,-1.0
1647,1507,-1.0
889,903,1.0
1632,1368,1.0
191,1224,-1.0
499,263,1.0
2265,854,1.0
2040,965,-1.0
991,1370,1.0
2337,1315,-1.0
2131,704,1.0
487,796,-1.0
626,1085,-1.0
2625,1318,1.0
1618,509,1.0
1387,1423,-1.0
2270,10,1.0
510,545,1.0
2434,459,-1.0
1257,1558,-1.0
2236,1347,-1.0
2148,557,1.0
94,344,-1.0
2575,731,-1.0
1920,1551,0.0
1381,1399,-1.0
2639,1091,-1.0
1580,542,1.0
454,1067,1.0
991,836,1.0
991,26,1.0
991,770,1.0
1789,137,1.0
991,845,1.0
1057,237,1.0
869,999,-1.0
145,670,-1.0
2434,716,-1.0
2222,862,-1.0
2330,1031,1.0
2434,1201,-1.0
1133,459,1.0
845,0,-1.0
1727,943,-1.0
879,611,-1.0
1847,783,1.0
1233,326,-1.0
1520,881,-1.0
2353,1524,1.0
16,1211,1.0
2561,1454,-1.0
2117,535,1.0
1493,570,1.0
626,141,-1.0
1054,1410,1.0
427,679,-1.0
1642,1163,-1.0
731,666,1.0
2273,1502,-1.0
1836,1060,-1.0
26,822,-1.0
58,1210,0.0
2548,702,1.0
2434,659,-1.0
635,683,-1.0
991,1532,1.0
606,672,-1.0
2458,838,1.0
809,975,1.0
2186,422,1.0
2434,1350,-1.0
251,11,-1.0
1945,1164,1.0
2512,558,-1.0
177,732,-1.0
805,1360,1.0
1292,366,-1.0
1084,159,-1.0
460,1243,1.0
828,13,-1.0
1637,801,1.0
2190,687,-1.0
249,1158,-1.0
1247,182,1.0
221,1409,-1.0
2439,1173,-1.0
99,321,0.0
617,81,1.0
2178,434,-1.0
2636,876,-1.0
2185,469,-1.0
1820,1087,1.0
893,163,-1.0
26,157,0.0
2504,523,1.0
993,550,1.0
192,205,-1.0
628,1294,-1.0
1255,481,-1.0
2462,623,-1.0
2168,729,-1.0
1464,980,1.0
797,982,1.0
1711,142,-1.0
991,1547,1.0
974,598,-1.0
2583,564,1.0
561,1549,-1.0
2434,1239,-1.0
997,1610,1.0
721,1496,-1.0
225,1225,1.0
2060,1203,-1.0
991,157,1.0
2535,430,-1.0
600,125,-1.0
491,1193,1.0
1341,243,-1.0
2141,1456,1.0
1171,1371,-1.0
2063,1102,-1.0
859,637,1.0
1793,578,1.0
100,919,-1.0
1211,1367,1.0
623,288,-1.0
2199,178,-1.0
2168,681,-1.0
239,352,-1.0
1677,925,-1.0
400,972,-1.0
2348,703,-1.0
1277,829,-1.0
507,1120,-1.0
616,175,-1.0
1374,74,-1.0
1124,1495,-1.0
2375,137,1.0
2229,1427,-1.0
2559,982,-1.0
2245,1122,1.0
991,1243,1.0
991,310,1.0
296,1150,-1.0
743,484,-1.0
738,357,1.0
906,753,1.0
1851,83,1.0
2432,1387,1.0
1471,920,1.0
237,640,1.0
1374,278,-1.0
2434,164,-1.0
1989,108,0.0
991,846,1.0
974,1427,1.0
1954,585,-1.0
1680,963,-1.0
448,707,-1.0
1015,1210,1.0
1345,1027,1.0
1923,164,0.0
1861,136,1.0
777,644,1.0
2434,645,-1.0
183,1422,-1.0
1260,439,-1.0
1394,821,-1.0
1171,1501,1.0
712,1575,0.0
495,905,-1.0
308,1331,-1.0
573,1456,-1.0
251,893,-1.0
1847,499,1.0
1556,454,1.0
1501,1138,-1.0
512,502,1.0
2519,983,-1.0
2582,939,1.0
2323,911,-1.0
1075,613,-1.0
2553,24,-1.0
1748,255,-1.0
2349,454,-1.0
568,320,1.0
4,490,-1.0
41,503,-1.0
2434,18,-1.0
329,240,1.0
1521,729,1.0
236,1110,-1.0
777,385,-1.0
411,1310,-1.0
1642,1337,-1.0
1339,1128,1.0
2434,1046,-1.0
203,831,-1.0
803,1503,-1.0
1860,949,1.0
1019,1377,1.0
1366,1169,1.0
2346,525,1.0
2434,972,-1.0
273,199,1.0
2434,1534,-1.0
2282,556,-1.0
2356,251,1.0
334,242,1.0
522,795,-1.0
2614,476,1.0
1877,190,-1.0
865,22,-1.0
855,910,-1.0
1428,1396,-1.0
1617,174,-1.0
630,1397,-1.0
1830,627,-1.0
2500,876,-1.0
2338,1481,1.0
2434,1300,-1.0
619,117,-1.0
736,612,1.0
133,1322,-1.0
1522,288,1.0
1811,1022,1.0
2402,468,-1.0
352,411,1.0
1343,1318,0.0
1333,1420,-1.0
1329,382,-1.0
2587,1609,1.0
2000,249,-1.0
1478,493,-1.0
604,816,1.0
2238,571,-1.0
2235,1264,-1.0
1197,1179,-1.0
1707,155,-1.0
1043,73,-1.0
180,1422,-1.0
534,497,1.0
1812,795,1.0
440,1311,-1.0
2434,62,-1.0
636,1254,1.0
495,605,-1.0
991,1330,1.0
991,1539,1.0
1603,365,-1.0
2148,645,1.0
964,614,-1.0
1192,253,-1.0
1471,1171,1.0
596,1556,1.0
891,16,-1.0
1102,492,1.0
1212,851,-1.0
2261,793,-1.0
1266,255,1.0
2576,586,1.0
2449,382,1.0
2185,1509,-1.0
684,1576,-1.0
25,313,1.0
465,128,-1.0
2446,1118,-1.0
2434,4,-1.0
2003,153,1.0
742,963,1.0
716,1583,-1.0
2475,606,1.0
626,1556,-1.0
991,228,1.0
1075,373,-1.0
2434,207,-1.0
2102,532,-1.0
228,792,-1.0
951,1293,-1.0
1248,75,1.0
2165,961,-1.0
2583,1014,-1.0
2434,1527,-1.0
552,1607,1.0
27,648,-1.0
819,1420,-1.0
123,666,1.0
1660,184,1.0
2434,1513,-1.0
313,849,-1.0
1977,1070,1.0
1422,1542,-1.0
2204,1550,-1.0
2530,1067,-1.0
2498,1354,1.0
1431,1288,-1.0
372,92,1.0
1209,745,-1.0
1231,160,1.0
327,2,-1.0
2434,1428,-1.0
924,966,-1.0
83,104,1.0
2317,401,-1.0
334,645,-1.0
827,1484,1.0
1669,1321,-1.0
1827,206,-1.0
2434,1466,-1.0
200,1462,-1.0
1715,1300,1.0
2537,1498,1.0
1737,286,1.0
533,1066,1.0
1399,1569,-1.0
1775,937,1.0
2434,979,-1.0
2434,230,-1.0
2434,1251,-1.0
1681,1023,-1.0
1930,1274,-1.0
2434,959,-1.0
2588,468,1.0
991,1486,1.0
1435,416,-1.0
2136,137,1.0
2214,1052,-1.0
2307,663,-1.0
2367,185,-1.0
2621,174,1.0
1435,488,-1.0
1841,1413,1.0
5,609,1.0
2615,250,-1.0
1089,189,0.0
1298,806,-1.0
400,1537,1.0
99,1211,0.0
120,1218,-1.0
2364,1053,-1.0
991,1538,1.0
969,827,-1.0
1144,1483,-1.0
2434,105,-1.0
995,1319,-1.0
1037,697,1.0
858,513,1.0
1077,894,1.0
1651,501,-1.0
200,1529,1.0
2434,1382,-1.0
1038,1111,1.0
2269,651,-1.0
298,1541,-1.0
149,801,1.0
2425,1200,-1.0
1989,1270,0.0
2559,1148,1.0
1322,929,-1.0
32,764,-1.0
641,64,1.0
1756,713,-1.0
569,1432,-1.0
1611,505,1.0
159,108,-1.0
1864,146,-1.0
1339,317,-1.0
2203,36,1.0
1588,717,1.0
577,1245,-1.0
430,1078,-1.0
1714,984,1.0
2434,295,-1.0
803,222,1.0
1199,250,1.0
2178,945,1.0
2594,525,-1.0
2569,1130,1.0
2434,1126,-1.0
2078,930,-1.0
516,1235,-1.0
1641,1333,1.0
929,148,-1.0
2296,1285,-1.0
368,748,-1.0
1852,504,-1.0
526,1316,-1.0
1659,1590,-1.0
2391,406,-1.0
412,404,-1.0
874,1454,1.0
1258,664,-1.0
321,1026,1.0
761,627,1.0
315,542,-1.0
2278,782,-1.0
893,1290,-1.0
1980,1327,1.0
384,294,1.0
391,1572,-1.0
233,490,1.0
1766,954,-1.0
566,835,1.0
2474,1430,-1.0
653,777,-1.0
183,1009,1.0
1164,293,1.0
454,1438,1.0
2532,1329,-1.0
1288,874,1.0
570,30,-1.0
2217,988,-1.0
2071,646,-1.0
432,1547,1.0
350,1134,-1.0
1428,974,-1.0
2543,694,-1.0
603,288,-1.0
1874,311,1.0
63,489,-1.0
788,1404,-1.0
313,540,-1.0
2155,73,-1.0
545,119,-1.0
1160,954,-1.0
310,868,1.0
882,1299,1.0
991,1173,1.0
2185,987,-1.0
1341,758,-1.0
991,183,1.0
191,1515,-1.0
2478,920,-1.0
2434,1041,-1.0
1227,1005,1.0
2434,1192,-1.0
1352,613,1.0
1605,489,-1.0
361,20,1.0
2011,84,1.0
991,1405,1.0
2608,973,-1.0
991,678,1.0
275,122,-1.0
2256,632,-1.0
879,1436,-1.0
1835,434,-1.0
2434,1476,-1.0
2611,1068,-1.0
815,137,1.0
2263,393,-1.0
2135,1359,1.0
1162,1155,1.0
1099,1591,-1.0
717,1587,-1.0
1315,722,-1.0
2136,1464,-1.0
1974,703,-1.0
198,137,1.0
858,952,1.0
2434,1250,-1.0
1414,1485,-1.0
2434,770,-1.0
604,568,-1.0
1374,744,1.0
1478,947,-1.0
53,487,1.0
1339,615,-1.0
652,590,-1.0
945,820,1.0
1095,1177,-1.0
991,1186,1.0
103,258,1.0
650,1493,1.0
1902,119,1.0
618,46,-1.0
990,1573,-1.0
2077,175,-1.0
604,777,-1.0
1223,1332,1.0
436,1028,1.0
746,507,-1.0
1026,604,1.0
1389,1132,1.0
2419,703,1.0
1817,1272,-1.0
991,1238,1.0
147,1575,-1.0
1660,858,-1.0
1457,99,1.0
747,1584,-1.0
511,242,-1.0
2388,1549,1.0
991,717,1.0
2434,430,-1.0
1075,1451,-1.0
1677,1619,1.0
2414,529,-1.0
1676,6,1.0
626,411,-1.0
1962,545,0.0
1092,1309,-1.0
452,891,-1.0
1403,349,-1.0
1326,1216,-1.0
336,1252,1.0
949,1070,1.0
1432,225,-1.0
2007,1139,1.0
125,952,0.0
1121,1600,-1.0
2364,928,-1.0
1185,209,-1.0
2295,648,0.0
1478,235,-1.0
1529,325,1.0
2377,1061,-1.0
1075,869,-1.0
2563,789,1.0
1273,1276,-1.0
1766,1602,1.0
1142,1082,-1.0
2436,641,-1.0
1060,38,1.0
2226,119,1.0
1465,953,1.0
965,420,1.0
685,1543,1.0
79,1567,-1.0
991,551,1.0
2271,1617,-1.0
1649,522,0.0
1507,1397,1.0
2389,1342,1.0
527,224,-1.0
2178,762,-1.0
1190,1598,1.0
1346,456,-1.0
255,527,-1.0
534,276,-1.0
763,1522,1.0
1645,89,-1.0
1155,456,1.0
2372,561,-1.0
991,528,1.0
646,1222,1.0
1441,1040,1.0
2624,137,1.0
409,574,-1.0
532,568,-1.0
1391,764,-1.0
2328,71,1.0
1113,1121,-1.0
2057,900,-1.0
333,469,-1.0
2400,136,-1.0
1264,450,-1.0
2434,594,-1.0
2163,662,-1.0
1189,432,-1.0
1805,1258,-1.0
390,153,-1.0
1535,1053,-1.0
2238,1194,-1.0
1149,1470,1.0
1757,521,-1.0
2175,851,1.0
2049,144,1.0
1998,134,1.0
1155,730,1.0
319,1291,1.0
979,954,1.0
570,1514,-1.0
1279,1146,1.0
987,1068,1.0
1882,1450,1.0
1773,286,-1.0
1603,702,-1.0
991,181,1.0
2495,965,1.0
858,677,1.0
810,1035,-1.0
2371,113,1.0
281,897,-1.0
163,1030,-1.0
2476,949,-1.0
717,430,1.0
1008,756,-1.0
857,1601,-1.0
2056,1571,1.0
528,496,1.0
43,415,-1.0
407,67,-1.0
1401,208,-1.0
928,760,1.0
991,316,1.0
2193,975,-1.0
1022,675,1.0
1881,320,1.0
2058,413,-1.0
1512,510,-1.0
2434,778,-1.0
1318,1492,-1.0
1619,663,-1.0
1293,10,-1.0
2267,558,1.0
1512,976,-1.0
991,1127,1.0
2291,766,1.0
108,384,-1.0
2328,1204,-1.0
2041,171,1.0
54,884,-1.0
85,845,1.0
203,508,-1.0
1432,574,1.0
2444,199,-1.0
991,465,1.0
608,643,1.0
946,971,0.0
1968,915,-1.0
1075,588,1.0
2229,120,-1.0
1929,1169,-1.0
437,904,-1.0
1178,602,1.0
750,1240,1.0
897,116,1.0
2262,137,1.0
2584,329,1.0
840,349,1.0
1112,158,-1.0
2585,1171,-1.0
629,1434,-1.0
1942,805,-1.0
991,1263,1.0
1188,314,-1.0
2453,865,-1.0
1075,261,-1.0
475,1267,1.0
2157,1219,-1.0
2434,312,-1.0
712,903,0.0
1268,648,1.0
973,1458,1.0
2434,1029,-1.0
2602,914,-1.0
145,695,1.0
251,933,-1.0
632,1604,1.0
2313,548,1.0
991,1095,1.0
1709,1043,1.0
2187,901,0.0
1725,1499,-1.0
2434,642,-1.0
1869,1337,0.0
388,428,1.0
1536,1355,1.0
564,1484,1.0
2139,839,-1.0
2148,1251,1.0
1672,781,-1.0
979,921,-1.0
991,539,1.0
626,718,-1.0
2438,316,1.0
633,1575,1.0
2434,157,-1.0
61,1276,1.0
994,209,1.0
2398,277,-1.0
1700,226,1.0
258,1142,1.0
449,1518,1.0
1640,1023,-1.0
1345,1588,1.0
2324,1538,-1.0
1932,475,1.0
1079,486,1.0
1914,700,1.0
1345,123,1.0
697,1425,-1.0
218,197,-1.0
1689,1531,1.0
1316,1315,1.0
388,1039,-1.0
889,758,-1.0
1994,1307,-1.0
991,33,1.0
2506,364,-1.0
1478,1426,-1.0
524,1014,1.0
2355,1562,-1.0
1430,1117,1.0
991,1074,1.0
1238,726,1.0
943,1566,-1.0
1832,1320,-1.0
2434,980,-1.0
1237,369,-1.0
2434,1328,-1.0
581,162,-1.0
2515,1447,1.0
847,230,1.0
2238,309,-1.0
213,290,-1.0
991,299,1.0
1027,1140,-1.0
632,49,1.0
1998,932,1.0
1989,457,0.0
1023,318,1.0
1075,1341,-1.0
786,414,1.0
2229,1084,-1.0
2081,1295,1.0
2030,477,1.0
2434,1298,-1.0
2157,1034,1.0
2035,1057,-1.0
2255,1045,-1.0
2229,673,-1.0
770,848,-1.0
676,459,-1.0
1251,1559,1.0
1911,251,-1.0
1097,1362,1.0
1,581,-1.0
83,730,-1.0
245,1421,-1.0
165,480,1.0
2300,431,-1.0
1348,1239,1.0
620,161,1.0
2434,215,-1.0
213,1267,-1.0
991,607,1.0
1715,923,1.0
805,1360,-1.0
991,113,1.0
287,1526,-1.0
2620,1529,-1.0
1358,1386,1.0
1233,330,-1.0
262,979,-1.0
889,243,-1.0
1238,779,1.0
783,1111,0.0
79,1291,1.0
494,961,-1.0
1594,1370,-1.0
2509,1464,-1.0
1157,433,1.0
2243,903,1.0
1673,1195,1.0
2588,723,-1.0
1203,956,1.0
698,843,1.0
1841,1478,-1.0
388,493,1.0
2535,1378,1.0
223,1177,-1.0
2238,1620,-1.0
1879,1535,1.0
292,499,-1.0
1912,1303,-1.0
451,1320,1.0
2481,808,1.0
2502,1174,1.0
1406,1242,-1.0
1256,1127,-1.0
1998,1199,-1.0
991,522,1.0
1326,1081,-1.0
2434,1354,-1.0
300,222,-1.0
1341,419,1.0
2001,445,-1.0
1993,764,1.0
1878,170,1.0
995,348,1.0
991,1385,1.0
1120,874,1.0
1327,608,-1.0
825,527,1.0
2598,1156,-1.0
1856,270,-1.0
2434,1237,-1.0
592,2,1.0
1753,376,1.0
1566,1251,1.0
457,754,-1.0
880,850,-1.0
1739,1460,1.0
991,826,1.0
1401,1487,-1.0
209,690,1.0
2356,461,1.0
1885,617,1.0
1579,339,-1.0
2611,1517,-1.0
265,57,-1.0
881,617,1.0
1160,17,-1.0
597,1274,-1.0
2368,1272,1.0
2634,922,1.0
2378,786,1.0
1969,1385,-1.0
2168,420,-1.0
373,807,1.0
1129,124,1.0
2183,187,-1.0
2075,1111,0.0
1848,1070,-1.0
1681,1440,-1.0
264,157,1.0
2608,1207,1.0
1225,751,-1.0
237,640,-1.0
1536,1583,-1.0
76,1369,-1.0
2519,1437,1.0
2003,883,1.0
1943,616,-1.0
789,526,1.0
1558,1499,-1.0
1368,623,1.0
504,708,1.0
266,520,-1.0
1999,478,-1.0
2150,200,-1.0
44,122,1.0
1770,772,0.0
2257,696,1.0
84,1351,1.0
697,367,1.0
576,235,-1.0
1354,913,1.0
1160,234,-1.0
1165,400,1.0
626,1365,-1.0
2634,1511,-1.0
895,145,-1.0
1104,517,-1.0
2001,1157,-1.0
1160,1190,1.0
2061,1268,1.0
2429,1471,-1.0
1202,1226,1.0
931,234,1.0
1534,1000,-1.0
1232,1339,-1.0
1371,66,-1.0
2111,1352,-1.0
2529,1031,-1.0
2238,1249,-1.0
1173,137,1.0
1542,155,1.0
350,989,-1.0
1315,711,-1.0
2331,86,1.0
128,427,-1.0
2267,735,-1.0
1604,1279,-1.0
1177,501,1.0
1127,778,-1.0
2498,1133,-1.0
1526,826,-1.0
2314,596,1.0
1016,373,1.0
1160,132,1.0
2296,650,1.0
1465,913,-1.0
1628,1077,1.0
940,1539,1.0
1345,1418,1.0
2078,968,-1.0
1989,1241,0.0
821,239,1.0
1647,714,1.0
1951,1560,-1.0
1090,1059,-1.0
1915,173,-1.0
2550,560,1.0
994,1228,-1.0
556,631,-1.0
1837,82,-1.0
1315,841,1.0
846,1264,1.0
2434,1282,-1.0
2434,544,-1.0
2100,349,-1.0
2434,452,-1.0
1660,1346,-1.0
574,989,0.0
1958,619,-1.0
2434,183,-1.0
1002,1208,1.0
2434,1445,-1.0
1669,828,-1.0
2434,923,-1.0
2434,967,-1.0
861,688,-1.0
1700,144,-1.0
1764,1172,1.0
2529,41,1.0
1715,1573,-1.0
548,567,1.0
2434,201,-1.0
496,241,-1.0
2579,188,-1.0
290,1299,-1.0
131,451,1.0
1468,425,1.0
2595,1610,-1.0
598,1085,1.0
2518,1070,-1.0
791,223,1.0
493,1411,1.0
1984,667,-1.0
1331,895,-1.0
265,1371,1.0
1401,628,-1.0
2094,747,-1.0
470,1082,1.0
27,123,1.0
888,1261,-1.0
2087,1573,-1.0
2434,1066,-1.0
215,1314,-1.0
366,1524,-1.0
1898,426,-1.0
2455,843,-1.0
243,196,-1.0
648,425,1.0
534,497,-1.0
266,237,-1.0
1989,1398,0.0
2033,840,1.0
2519,1348,-1.0
1743,787,0.0
454,610,-1.0
1690,1462,-1.0
2065,152,1.0
1345,256,1.0
1127,885,1.0
2261,507,1.0
1561,84,-1.0
1025,151,1.0
1397,1498,-1.0
131,95,-1.0
2593,210,1.0
2342,1006,1.0
2546,1363,-1.0
979,1191,-1.0
1669,97,-1.0
1922,657,1.0
1218,1439,1.0
1514,112,-1.0
570,866,-1.0
33,799,-1.0
626,716,1.0
858,1197,1.0
879,729,1.0
1840,1156,-1.0
120,787,-1.0
2434,310,-1.0
2430,671,1.0
488,1177,-1.0
1277,218,1.0
421,908,1.0
388,623,1.0
19,176,1.0
1512,1362,-1.0
1478,561,-1.0
137,530,-1.0
1269,1248,-1.0
2434,846,-1.0
784,435,1.0
1543,978,1.0
725,1294,1.0
1466,1607,1.0
1510,1515,1.0
2117,365,0.0
317,398,-1.0
77,108,1.0
243,322,1.0
1192,1400,1.0
1652,205,-1.0
767,240,-1.0
1490,544,1.0
1022,39,-1.0
1142,1421,-1.0
1743,180,0.0
402,864,-1.0
894,1601,1.0
1393,181,1.0
615,1216,1.0
2434,1065,-1.0
979,525,-1.0
754,1586,-1.0
2619,1619,-1.0
17,1562,1.0
1759,651,1.0
2497,1436,1.0
1079,722,0.0
512,1215,-1.0
1487,1468,-1.0
15,1548,-1.0
872,1374,1.0
991,1383,1.0
555,1602,-1.0
2107,274,-1.0
1161,1263,1.0
2199,1617,-1.0
156,806,1.0
608,1556,-1.0
1253,35,-1.0
2434,1561,-1.0
1075,584,-1.0
2362,1561,-1.0
1665,361,-1.0
647,893,1.0
2544,336,1.0
674,1010,-1.0
1622,1088,1.0
2574,1455,1.0
416,409,-1.0
2413,358,-1.0
1550,1025,-1.0
2558,916,1.0
1314,437,-1.0
438,918,-1.0
1779,1424,1.0
1486,753,-1.0
1981,275,1.0
2434,842,-1.0
984,483,1.0
880,302,1.0
2434,316,-1.0
1413,1407,1.0
475,290,0.0
1746,1316,1.0
2027,1325,1.0
1305,747,-1.0
475,1574,0.0
2356,382,-1.0
2449,518,-1.0
2355,1136,0.0
382,159,-1.0
692,830,-1.0
2439,1118,1.0
1134,1494,1.0
1776,132,1.0
545,1468,1.0
2627,952,-1.0
191,970,-1.0
1402,406,1.0
910,112,1.0
2402,1497,-1.0
550,1482,-1.0
2240,175,1.0
512,409,-1.0
181,268,1.0
2104,1450,-1.0
2406,130,-1.0
508,448,1.0
1855,629,-1.0
75,1621,1.0
2539,1270,-1.0
1345,729,1.0
1977,1582,1.0
2362,168,-1.0
1051,230,-1.0
1901,252,-1.0
2466,66,0.0
402,873,-1.0
2434,1006,-1.0
2046,1408,1.0
2079,636,-1.0
1803,1229,-1.0
324,1102,-1.0
1780,1005,-1.0
1105,692,1.0
1462,203,1.0
373,512,1.0
1006,837,-1.0
2434,717,-1.0
844,1074,-1.0
534,278,1.0
1009,1491,-1.0
426,180,1.0
1681,1094,-1.0
1019,1532,1.0
1065,774,-1.0
991,932,1.0
1666,1215,1.0
321,1026,-1.0
1096,737,-1.0
991,443,1.0
1939,1522,-1.0
247,205,1.0
600,1070,1.0
1844,185,-1.0
1730,688,1.0
2336,732,-1.0
2288,1008,1.0
283,389,-1.0
672,915,-1.0
1311,1272,-1.0
1435,598,-1.0
885,426,1.0
1418,716,0.0
991,1408,1.0
991,838,1.0
404,21,-1.0
359,713,-1.0
1975,535,-1.0
2434,551,-1.0
2495,412,-1.0
80,458,1.0
1283,262,1.0
991,329,1.0
2248,1024,1.0
175,1121,1.0
693,117,1.0
1124,592,-1.0
2524,1573,-1.0
837,432,1.0
702,1403,-1.0
589,1302,1.0
394,515,-1.0
1151,1506,1.0
2315,1619,-1.0
1669,1148,-1.0
388,947,1.0
1463,96,1.0
248,960,1.0
2571,1474,1.0
526,254,1.0
2025,1392,-1.0
991,808,1.0
2415,1199,-1.0
2092,1198,-1.0
1016,1209,1.0
2124,1376,1.0
1997,1107,-1.0
1949,909,-1.0
2201,959,-1.0
223,54,-1.0
2271,560,1.0
265,1501,-1.0
2623,1601,-1.0
1661,137,1.0
2434,1486,-1.0
1207,624,-1.0
148,1437,1.0
472,1298,1.0
991,263,1.0
991,1137,1.0
1065,920,-1.0
2446,1247,1.0
1953,37,1.0
2019,1062,-1.0
1671,1334,0.0
2519,381,-1.0
1971,217,-1.0
2184,1040,-1.0
2398,902,1.0
174,1265,1.0
1528,1058,-1.0
488,1533,-1.0
991,378,1.0
2546,1377,-1.0
506,802,1.0
1748,1484,1.0
1204,1378,-1.0
2434,875,-1.0
1825,1034,-1.0
1960,779,1.0
1168,791,-1.0
216,1510,-1.0
1647,741,1.0
70,53,1.0
112,747,1.0
2066,89,-1.0
235,168,1.0
333,368,-1.0
2229,1613,-1.0
2434,607,-1.0
358,391,1.0
2629,635,1.0
575,587,-1.0
2062,1275,-1.0
1791,1119,1.0
786,1451,-1.0
2434,918,-1.0
592,465,-1.0
95,770,-1.0
991,115,1.0
196,1546,1.0
626,872,-1.0
2361,204,1.0
2137,754,1.0
1531,314,-1.0
365,692,0.0
1962,866,1.0
1804,1591,1.0
75,1554,-1.0
1771,534,-1.0
1317,1033,1.0
1058,1338,-1.0
2559,344,-1.0
544,236,1.0
2025,721,1.0
926,461,-1.0
92,891,1.0
916,1253,1.0
836,1054,1.0
2177,1089,1.0
1472,690,-1.0
1419,887,1.0
282,1475,-1.0
1912,974,1.0
2559,186,-1.0
2434,943,-1.0
2434,196,-1.0
2216,1188,1.0
343,948,1.0
2263,472,-1.0
1345,114,1.0
2403,702,0.0
720,1620,1.0
991,131,1.0
991,1052,1.0
991,152,1.0
2036,753,1.0
2395,784,-1.0
1137,50,-1.0
2042,1484,1.0
846,287,1.0
2451,827,1.0
1989,1146,0.0
1876,1511,1.0
2286,174,1.0
44,1493,-1.0
1731,706,-1.0
888,1560,1.0
1435,1392,-1.0
1902,1557,-1.0
388,1426,1.0
1511,458,-1.0
2415,14,-1.0
1399,1338,-1.0
1049,888,1.0
69,0,1.0
152,1352,-1.0
1765,759,-1.0
2582,973,-1.0
2057,800,1.0
1715,309,1.0
2397,796,-1.0
1183,968,-1.0
1989,268,0.0
2434,545,-1.0
2143,647,-1.0
1962,202,-1.0
533,1247,-1.0
340,1609,-1.0
1484,1581,-1.0
618,930,1.0
615,1081,1.0
2572,89,1.0
1648,142,-1.0
430,1018,-1.0
782,1223,1.0
1401,1605,-1.0
991,912,1.0
991,1378,1.0
1931,1110,1.0
728,588,-1.0
2241,1346,-1.0
2453,996,-1.0
2036,1037,1.0
2434,1173,-1.0
693,795,0.0
1867,449,1.0
775,891,-1.0
2108,1475,-1.0
991,377,1.0
2434,507,-1.0
2434,678,-1.0
724,8,1.0
1563,1167,1.0
1001,1252,1.0
2362,1257,1.0
2525,906,-1.0
590,705,-1.0
129,300,-1.0
261,1008,-1.0
833,304,-1.0
2511,1141,-1.0
907,459,1.0
1062,708,-1.0
1282,1389,-1.0
1660,350,-1.0
2206,193,-1.0
879,1309,-1.0
2434,1195,-1.0
681,57,1.0
2490,777,1.0
1286,1431,-1.0
991,1121,1.0
120,224,-1.0
2434,1448,-1.0
1082,1105,1.0
1345,1494,1.0
1061,912,1.0
1545,693,1.0
1001,1011,1.0
223,59,-1.0
2542,1182,-1.0
255,45,-1.0
1075,921,1.0
996,824,-1.0
195,861,-1.0
2434,1529,-1.0
991,1417,1.0
2637,387,-1.0
2207,1480,1.0
991,1187,1.0
788,1449,1.0
1754,1572,1.0
1470,137,1.0
1207,1167,1.0
731,27,-1.0
1075,1191,1.0
1934,641,-1.0
1440,1103,1.0
1624,565,1.0
1864,1041,-1.0
1372,945,-1.0
668,374,-1.0
654,1491,-1.0
2199,1,-1.0
858,1276,1.0
2238,1332,-1.0
1236,442,-1.0
1082,246,-1.0
2434,721,-1.0
925,352,1.0
231,1289,1.0
474,1395,-1.0
1094,763,-1.0
198,1484,1.0
1182,602,-1.0
2434,1544,-1.0
224,654,-1.0
735,569,-1.0
667,222,1.0
730,495,1.0
590,1267,-1.0
1365,127,-1.0
1625,1418,-1.0
2508,459,-1.0
2238,1341,-1.0
1642,1170,-1.0
1206,4,1.0
2434,1385,-1.0
1989,1007,0.0
1478,267,-1.0
1378,45,1.0
1721,371,-1.0
2275,315,-1.0
2430,410,-1.0
955,788,1.0
737,519,1.0
740,593,-1.0
311,1024,-1.0
1089,44,-1.0
331,645,-1.0
385,297,-1.0
991,1577,1.0
1555,878,-1.0
991,3,1.0
604,340,1.0
2071,1594,1.0
820,977,-1.0
1238,726,-1.0
1282,691,1.0
2146,1159,1.0
1720,1184,1.0
1383,1383,-1.0
1581,886,1.0
2642,740,-1.0
1103,270,-1.0
482,1092,-1.0
1989,404,0.0
711,1597,-1.0
632,49,-1.0
2518,1144,-1.0
2434,309,-1.0
2144,345,1.0
1939,284,-1.0
1297,566,1.0
2153,3,-1.0
2130,1428,1.0
1629,935,1.0
1169,1416,-1.0
852,228,1.0
2164,900,-1.0
2518,1602,-1.0
1658,1569,1.0
2322,279,-1.0
2229,1259,-1.0
1353,1443,1.0
2310,1225,-1.0
1647,1308,-1.0
2478,1510,-1.0
2505,35,-1.0
2410,253,-1.0
327,133,1.0
2078,712,1.0
728,1191,1.0
2102,16,-1.0
774,117,-1.0
2496,873,0.0
1345,557,1.0
2276,175,-1.0
2165,1087,1.0
405,993,1.0
626,620,-1.0
212,1382,1.0
991,239,1.0
63,1461,-1.0
2231,1606,1.0
1047,1306,-1.0
991,394,1.0
1670,839,-1.0
991,1388,1.0
203,1246,-1.0
1225,668,1.0
1610,298,1.0
1089,824,1.0
193,1374,-1.0
2531,1534,-1.0
917,725,1.0
2165,273,-1.0
2168,1048,-1.0
1561,57,-1.0
441,588,-1.0
1344,540,1.0
2434,311,-1.0
1635,68,1.0
937,135,-1.0
2159,1168,0.0
1901,441,-1.0
1092,1469,1.0
868,105,-1.0
1435,731,-1.0
534,1049,-1.0
2434,1081,-1.0
995,348,-1.0
201,1046,-1.0
1625,283,1.0
2495,402,-1.0
1656,1291,1.0
35,1599,-1.0
1504,150,1.0
835,1154,-1.0
1997,910,-1.0
1059,1379,-1.0
1472,1339,1.0
1978,337,-1.0
32,1283,-1.0
1000,692,-1.0
1420,274,-1.0
323,1305,1.0
1698,1234,-1.0
2154,1277,-1.0
407,1355,-1.0
850,48,-1.0
991,960,1.0
2634,922,-1.0
530,334,1.0
356,1483,1.0
2402,517,1.0
1075,541,-1.0
1381,834,1.0
2594,602,1.0
2238,79,-1.0
1401,1184,-1.0
1852,166,1.0
1978,1119,-1.0
984,278,-1.0
2255,1090,-1.0
927,232,-1.0
2319,223,-1.0
1187,38,-1.0
1045,369,1.0
1953,1023,-1.0
604,1430,-1.0
2058,1351,1.0
1473,364,1.0
1014,637,-1.0
1607,1176,-1.0
2357,803,-1.0
2301,409,1.0
606,844,1.0
1823,353,1.0
49,771,0.0
822,193,-1.0
1788,487,-1.0
600,1375,-1.0
1715,380,-1.0
1528,696,-1.0
611,326,-1.0
444,978,-1.0
1676,463,-1.0
1359,728,1.0
2283,502,-1.0
286,990,1.0
514,25,-1.0
1870,620,1.0
1829,189,1.0
991,8,1.0
1004,305,-1.0
424,914,-1.0
1994,149,1.0
1290,247,-1.0
410,333,-1.0
2434,1074,-1.0
2071,753,-1.0
2434,1088,-1.0
2426,643,-1.0
858,584,1.0
2247,137,1.0
1708,1262,1.0
600,220,1.0
1903,956,-1.0
2434,684,-1.0
1236,137,1.0
991,133,1.0
519,506,1.0
72,284,-1.0
2434,805,-1.0
2434,299,-1.0
2217,1481,1.0
1778,1039,1.0
599,638,1.0
879,420,1.0
1075,942,-1.0
442,221,-1.0
1433,1106,-1.0
1294,346,-1.0
1658,678,-1.0
719,352,0.0
626,695,-1.0
2499,1433,-1.0
28,1101,0.0
160,1019,-1.0
1249,536,-1.0
1884,1496,-1.0
2153,1051,1.0
913,318,-1.0
2603,140,0.0
991,1153,1.0
1723,282,-1.0
185,303,-1.0
1164,169,-1.0
2055,70,-1.0
1530,490,-1.0
1141,137,-1.0
1489,629,1.0
577,148,1.0
2466,1007,1.0
1307,1365,1.0
479,1118,-1.0
1006,1516,1.0
2128,1114,1.0
178,1020,-1.0
890,173,1.0
1600,194,1.0
2549,892,-1.0
991,820,1.0
895,222,1.0
2326,1494,1.0
858,260,1.0
1364,1108,1.0
1681,906,-1.0
2115,273,1.0
2280,994,-1.0
1370,214,-1.0
1050,225,1.0
2168,1027,-1.0
1505,1391,1.0
1989,1545,0.0
2563,139,-1.0
2080,436,1.0
991,520,1.0
1643,518,1.0
1840,244,1.0
1416,1444,1.0
946,1025,-1.0
2067,43,-1.0
2434,634,-1.0
469,555,-1.0
972,757,-1.0
2087,649,0.0
2193,1160,-1.0
1478,1197,-1.0
1715,261,-1.0
1525,592,1.0
1460,1471,-1.0
881,828,-1.0
2434,467,-1.0
232,1218,-1.0
1809,379,1.0
486,668,-1.0
1529,1249,1.0
2158,303,1.0
1075,464,-1.0
626,578,-1.0
1701,1564,-1.0
1897,1336,1.0
152,1562,-1.0
2625,446,0.0
605,631,-1.0
1337,146,0.0
533,909,1.0
991,772,1.0
700,249,1.0
1989,182,0.0
936,39,1.0
853,532,0.0
1238,1622,1.0
991,364,1.0
858,1149,1.0
715,86,-1.0
1756,1091,1.0
1511,817,-1.0
2264,911,1.0
1532,921,-1.0
601,993,1.0
135,1532,1.0
1544,852,1.0
399,311,-1.0
2209,1353,-1.0
1075,832,1.0
1516,1311,1.0
871,833,-1.0
2379,1018,-1.0
2229,604,-1.0
316,132,1.0
1297,85,-1.0
1295,575,1.0
1709,195,-1.0
988,928,1.0
1989,593,0.0
179,1017,-1.0
2560,1016,-1.0
1560,71,-1.0
2010,695,0.0
991,315,1.0
2144,704,0.0
834,1125,-1.0
1952,1011,1.0
209,257,-1.0
1345,645,1.0
1675,446,-1.0
1298,962,1.0
888,1149,1.0
2448,586,1.0
2214,1369,1.0
722,333,1.0
1229,290,1.0
2271,946,-1.0
29,1215,-1.0
1833,775,1.0
1980,779,-1.0
2024,1015,-1.0
443,1295,-1.0
1641,725,-1.0
1569,219,-1.0
438,1073,1.0
430,634,-1.0
2434,672,-1.0
2416,581,1.0
1702,1467,1.0
651,474,1.0
852,1250,-1.0
144,1472,-1.0
1023,869,-1.0
2004,603,-1.0
326,440,-1.0
914,669,-1.0
2434,1246,-1.0
1989,1572,0.0
1280,1465,1.0
1530,1179,-1.0
2591,685,1.0
446,1221,1.0
96,1045,-1.0
2159,689,0.0
665,1001,-1.0
991,1172,1.0
1198,1442,-1.0
2533,433,-1.0
1694,1196,1.0
1121,624,1.0
1670,58,1.0
1064,1213,-1.0
991,471,1.0
229,1352,1.0
190,317,1.0
342,538,-1.0
1418,1358,1.0
745,368,-1.0
534,168,1.0
1351,861,-1.0
152,194,-1.0
1966,662,-1.0
349,778,1.0
1179,602,-1.0
2589,859,1.0
1538,1295,-1.0
853,488,1.0
22,130,1.0
1216,1608,1.0
401,1182,1.0
991,37,1.0
662,371,-1.0
1935,1113,-1.0
2600,739,1.0
146,949,-1.0
1401,948,-1.0
2504,1097,-1.0
991,907,1.0
993,186,1.0
1109,88,1.0
991,83,1.0
1850,491,-1.0
280,263,-1.0
2238,907,-1.0
1104,1023,-1.0
2574,526,-1.0
725,1186,-1.0
129,289,1.0
513,1280,-1.0
1541,1523,-1.0
1810,413,1.0
1743,1115,0.0
2441,948,-1.0
1384,1102,1.0
666,472,1.0
362,1401,-1.0
289,905,-1.0
26,1163,1.0
2258,1565,-1.0
2434,1121,-1.0
1483,996,1.0
1794,44,1.0
1802,404,1.0
2580,128,1.0
2473,1512,-1.0
1989,1523,0.0
1989,90,0.0
440,320,1.0
13,663,1.0
1738,1379,-1.0
1265,381,1.0
990,680,-1.0
2434,1284,-1.0
1334,316,-1.0
2116,203,-1.0
2306,912,-1.0
138,332,1.0
1755,1371,0.0
422,25,1.0
1510,1486,-1.0
632,121,-1.0
834,437,1.0
418,682,1.0
285,1214,-1.0
94,1394,1.0
1917,453,-1.0
2434,1418,-1.0
2448,1570,-1.0
2387,1428,-1.0
1906,1077,-1.0
2147,245,-1.0
1943,892,-1.0
1095,335,-1.0
2251,813,1.0
689,1399,-1.0
358,97,-1.0
1890,1038,-1.0
2366,511,1.0
213,1472,1.0
2298,1251,-1.0
2440,270,1.0
2326,1252,1.0
1206,396,1.0
2418,1315,-1.0
307,1233,1.0
2069,780,-1.0
1654,597,1.0
728,332,-1.0
1503,1558,-1.0
842,105,-1.0
2118,172,-1.0
1722,1148,0.0
1219,572,-1.0
34,531,1.0
1824,761,1.0
2434,838,-1.0
2622,592,-1.0
1669,1587,-1.0
1875,635,-1.0
283,78,-1.0
564,137,1.0
20,1202,1.0
2428,328,-1.0
2434,131,-1.0
1100,585,-1.0
1427,375,1.0
796,1574,1.0
1121,456,1.0
1228,570,-1.0
1184,1100,-1.0
2296,658,1.0
448,1370,1.0
1016,1209,-1.0
1979,459,-1.0
525,797,1.0
1950,7,-1.0
2434,1023,-1.0
441,1108,-1.0
1040,1393,-1.0
993,271,0.0
604,1185,-1.0
793,614,-1.0
1948,775,-1.0
2230,601,1.0
203,1488,-1.0
1702,1195,-1.0
911,961,1.0
991,850,1.0
2325,473,1.0
2169,769,1.0
1420,1012,1.0
203,1465,-1.0
2053,773,-1.0
1063,942,-1.0
2434,377,-1.0
587,1605,-1.0
1043,576,-1.0
408,7,1.0
881,102,1.0
2307,1336,0.0
1435,953,1.0
1899,1443,-1.0
2307,1038,-1.0
933,530,-1.0
1744,187,-1.0
2310,60,-1.0
2088,380,1.0
2248,50,-1.0
267,619,1.0
1188,713,1.0
1942,1340,-1.0
2148,1418,1.0
1972,1075,-1.0
2123,843,-1.0
2180,546,0.0
1681,1479,-1.0
1995,133,0.0
218,1585,-1.0
1782,1064,-1.0
2145,692,-1.0
1091,296,1.0
402,156,1.0
203,981,-1.0
1214,399,1.0
2306,95,1.0
1259,1178,-1.0
271,1415,1.0
896,1208,-1.0
414,100,1.0
1647,1080,1.0
240,1504,1.0
677,60,1.0
1170,941,1.0
1989,480,0.0
1428,1397,-1.0
991,250,1.0
2320,1580,-1.0
1084,1588,-1.0
1369,313,-1.0
2339,1327,-1.0
2480,724,1.0
920,1474,-1.0
1626,1448,-1.0
413,1029,1.0
1801,894,-1.0
1715,935,-1.0
2407,657,-1.0
787,610,-1.0
586,360,1.0
1360,648,0.0
771,397,-1.0
991,688,1.0
1346,624,1.0
991,1463,1.0
659,900,1.0
149,1595,1.0
191,821,-1.0
1715,791,-1.0
437,14,1.0
899,742,-1.0
336,1206,0.0
2434,723,-1.0
1620,896,-1.0
225,601,-1.0
1116,707,1.0
2434,932,-1.0
122,987,-1.0
447,823,-1.0
991,829,1.0
1356,1051,-1.0
2086,308,1.0
991,964,1.0
1637,1004,1.0
2143,212,-1.0
2630,1158,-1.0
991,293,1.0
1435,71,-1.0
313,211,1.0
2174,143,-1.0
475,971,0.0
166,12,1.0
1938,1256,1.0
904,31,1.0
991,679,1.0
2434,1408,-1.0
2273,1110,-1.0
1669,1578,-1.0
1983,460,-1.0
1250,1019,1.0
2480,716,0.0
2012,693,1.0
993,1614,0.0
220,210,-1.0
1531,713,-1.0
2326,557,1.0
2072,938,-1.0
2394,909,1.0
1360,1269,-1.0
1170,1114,-1.0
1781,819,1.0
822,198,-1.0
2332,1270,1.0
2054,253,1.0
1698,1306,-1.0
2623,229,-1.0
706,1511,-1.0
1075,953,-1.0
1719,1200,1.0
1439,78,1.0
1827,1598,-1.0
1323,469,1.0
2128,941,-1.0
580,1512,-1.0
240,312,-1.0
1074,259,1.0
1160,602,-1.0
2025,1436,-1.0
957,1320,-1.0
991,1612,1.0
991,1004,1.0
2559,650,-1.0
217,1346,-1.0
2277,1473,-1.0
1401,1132,-1.0
1895,980,-1.0
2177,420,-1.0
1608,424,-1.0
800,178,1.0
1229,99,-1.0
1690,101,-1.0
2638,1366,-1.0
661,884,1.0
2198,874,-1.0
1240,1429,-1.0
214,1422,1.0
1093,1331,-1.0
158,272,-1.0
773,1036,-1.0
2349,1164,-1.0
879,1392,1.0
2025,981,1.0
1494,1481,-1.0
2198,159,1.0
2354,549,0.0
1378,1119,0.0
938,546,1.0
991,1568,1.0
136,72,1.0
2038,711,-1.0
86,683,1.0
991,1222,1.0
2328,416,1.0
1523,1027,-1.0
1151,31,-1.0
2482,874,1.0
1075,1356,-1.0
303,775,1.0
1293,1032,-1.0
79,1162,-1.0
1732,657,-1.0
744,1189,-1.0
1345,272,1.0
2333,892,1.0
2534,719,1.0
151,621,-1.0
2566,170,-1.0
2159,1203,0.0
189,383,1.0
428,1484,-1.0
633,867,-1.0
355,161,-1.0
2434,820,-1.0
9,1536,-1.0
2349,709,-1.0
991,1192,1.0
1767,1435,1.0
500,873,0.0
1324,1254,-1.0
2434,115,-1.0
2148,1011,1.0
1715,79,1.0
2434,1252,-1.0
1366,665,-1.0
2434,520,-1.0
421,1004,-1.0
1930,993,1.0
1563,283,-1.0
416,711,1.0
555,1582,-1.0
1075,1416,1.0
991,1395,1.0
2546,192,-1.0
259,865,-1.0
1213,199,-1.0
1136,1472,-1.0
968,1475,1.0
1743,1525,0.0
1604,436,-1.0
1868,1151,-1.0
455,1311,-1.0
2592,580,1.0
2129,1586,1.0
1282,691,-1.0
2019,1266,1.0
1106,88,-1.0
621,1606,-1.0
1025,1297,1.0
1637,880,-1.0
1706,1584,1.0
2559,736,1.0
1249,887,-1.0
2015,424,1.0
2434,1011,-1.0
1873,939,-1.0
2434,526,-1.0
1894,993,1.0
1575,529,1.0
2232,708,-1.0
2277,756,1.0
2372,947,-1.0
375,107,-1.0
1244,336,-1.0
1818,1048,1.0
1399,822,-1.0
320,1113,-1.0
2132,733,1.0
578,999,-1.0
604,1020,-1.0
175,615,-1.0
2100,776,-1.0
2272,1484,1.0
1606,587,-1.0
286,967,-1.0
2168,1436,-1.0
1241,1279,1.0
939,356,-1.0
1586,140,1.0
1373,1423,1.0
775,851,-1.0
334,1011,-1.0
1386,705,-1.0
46,1137,-1.0
1564,1615,-1.0
1312,1513,1.0
2078,712,-1.0
242,232,1.0
191,523,-1.0
824,740,-1.0
1344,324,-1.0
478,1063,-1.0
979,602,1.0
2233,1554,1.0
1989,618,0.0
1502,291,-1.0
2363,1485,-1.0
1121,613,-1.0
1585,1188,1.0
2408,96,-1.0
558,1543,-1.0
729,589,1.0
1871,597,1.0
1623,809,-1.0
1772,1490,-1.0
2286,283,-1.0
884,236,-1.0
991,579,1.0
1482,1406,1.0
2585,1139,-1.0
72,139,1.0
379,384,0.0
1435,630,-1.0
2466,986,0.0
2392,137,1.0
2148,1252,1.0
1631,1505,-1.0
444,469,-1.0
1421,878,-1.0
1053,987,1.0
991,86,1.0
1340,721,0.0
1605,815,1.0
2028,427,1.0
891,488,1.0
2434,1172,-1.0
60,388,-1.0
1040,340,1.0
1576,363,1.0
2297,645,1.0
1582,804,-1.0
1986,516,1.0
1132,719,-1.0
2586,1401,1.0
1282,1348,1.0
1966,1074,1.0
2116,121,-1.0
566,630,-1.0
622,1396,-1.0
991,143,1.0
2564,1296,1.0
829,732,1.0
250,1263,-1.0
1794,494,-1.0
48,177,1.0
1262,672,1.0
614,557,-1.0
2031,1334,-1.0
991,788,1.0
2005,237,-1.0
383,1145,1.0
671,1280,0.0
985,1128,-1.0
657,247,1.0
1238,915,-1.0
2488,854,1.0
1404,337,1.0
2434,738,-1.0
1299,743,-1.0
245,940,-1.0
1315,847,1.0
991,23,1.0
443,437,-1.0
2043,684,-1.0
132,516,-1.0
2260,311,-1.0
2434,116,-1.0
260,618,-1.0
1437,32,-1.0
991,1384,1.0
2059,752,1.0
279,520,1.0
2365,1460,-1.0
334,1252,-1.0
1478,1061,-1.0
2229,595,-1.0
2326,645,1.0
1823,353,-1.0
1759,1287,-1.0
287,1198,1.0
488,1229,-1.0
645,1222,-1.0
2516,1015,-1.0
2640,32,-1.0
2349,296,-1.0
794,669,1.0
851,1168,1.0
67,721,0.0
135,465,1.0
1118,48,1.0
1956,208,1.0
182,862,1.0
1665,1385,0.0
2434,1148,-1.0
1715,637,-1.0
991,540,1.0
1846,1487,1.0
2585,167,1.0
70,1111,0.0
828,885,-1.0
459,390,-1.0
1896,1127,1.0
991,761,1.0
2409,767,1.0
524,972,-1.0
467,1218,1.0
1613,1567,1.0
991,291,1.0
1701,94,1.0
2434,1216,-1.0
1647,1178,-1.0
2576,554,1.0
604,1072,1.0
2057,363,1.0
879,419,1.0
879,420,-1.0
131,1486,1.0
386,736,1.0
991,1271,1.0
364,952,1.0
1137,1424,-1.0
1529,816,0.0
83,1076,-1.0
2148,114,1.0
1355,365,1.0
2039,552,1.0
806,1326,1.0
1642,1374,-1.0
1056,536,-1.0
280,146,1.0
30,812,1.0
759,810,-1.0
297,338,-1.0
754,513,1.0
551,1579,-1.0
162,1166,-1.0
1138,1236,1.0
2434,133,-1.0
1538,1092,-1.0
1482,446,1.0
266,366,1.0
978,372,1.0
2613,1258,-1.0
377,559,-1.0
2318,206,-1.0
472,908,-1.0
1849,137,1.0
1565,1452,1.0
2434,554,-1.0
1764,1325,-1.0
1838,1340,1.0
1205,1368,-1.0
708,852,-1.0
554,1564,1.0
1665,387,-1.0
567,581,0.0
2434,981,-1.0
1278,512,1.0
2434,548,-1.0
359,314,-1.0
997,704,-1.0
2434,239,-1.0
1559,1189,1.0
1555,533,-1.0
1604,1580,-1.0
1163,664,1.0
432,467,1.0
755,911,-1.0
1046,75,-1.0
1955,41,-1.0
1075,1324,1.0
991,1096,1.0
426,664,-1.0
1715,907,1.0
1465,873,-1.0
203,471,-1.0
2270,579,-1.0
2447,390,1.0
941,1321,-1.0
2378,989,-1.0
2559,29,1.0
1567,243,1.0
655,863,1.0
529,654,-1.0
2456,1568,1.0
2235,957,-1.0
1075,422,-1.0
2112,1516,-1.0
2395,597,-1.0
411,272,1.0
1443,1550,1.0
353,860,1.0
1159,632,-1.0
1728,216,1.0
565,247,-1.0
1989,931,0.0
1063,1015,1.0
1119,440,-1.0
658,443,1.0
752,1402,1.0
1238,1622,-1.0
1693,582,1.0
2215,405,-1.0
1312,392,-1.0
1715,520,0.0
2298,1418,1.0
1471,359,-1.0
2310,608,1.0
1074,1578,-1.0
991,102,1.0
407,1268,-1.0
1459,1385,1.0
316,327,1.0
991,581,1.0
1275,1589,-1.0
2434,813,-1.0
1598,1116,1.0
1012,268,-1.0
369,299,1.0
1579,314,-1.0
482,992,-1.0
1413,213,-1.0
1401,1314,-1.0
2471,740,0.0
1382,827,0.0
1021,582,-1.0
1636,951,-1.0
1435,991,-1.0
1660,1369,-1.0
2319,1201,1.0
1381,472,-1.0
24,1503,-1.0
14,1535,0.0
574,1134,1.0
2131,1048,-1.0
966,1444,-1.0
1944,84,-1.0
986,92,-1.0
135,560,-1.0
2434,52,-1.0
979,626,-1.0
991,460,1.0
79,1147,-1.0
1999,1560,-1.0
47,855,1.0
2012,481,-1.0
1634,265,-1.0
2606,1293,-1.0
652,455,1.0
1642,1205,-1.0
2434,453,-1.0
1185,425,1.0
2010,1013,1.0
2611,1319,-1.0
1474,699,1.0
1435,1452,-1.0
991,1377,1.0
2341,1140,1.0
20,886,-1.0
2002,916,-1.0
993,1019,0.0
536,566,-1.0
363,173,-1.0
1864,1111,-1.0
869,306,1.0
2434,123,-1.0
2,1111,0.0
138,132,-1.0
2578,1489,-1.0
2434,1275,-1.0
1195,785,1.0
2581,1181,1.0
2546,1265,-1.0
1746,254,-1.0
2380,752,-1.0
164,1190,-1.0
2434,904,-1.0
2483,1551,-1.0
931,1161,1.0
2385,1590,1.0
1585,1294,-1.0
1290,479,-1.0
1395,1393,-1.0
2532,189,1.0
1533,699,0.0
2055,1232,-1.0
993,294,0.0
1936,877,-1.0
2279,1402,-1.0
451,682,-1.0
1234,80,1.0
2199,324,-1.0
710,890,-1.0
2434,1153,-1.0
396,1461,1.0
1171,470,-1.0
1578,1516,-1.0
284,927,-1.0
991,1077,1.0
1705,609,-1.0
1031,508,-1.0
991,670,1.0
2465,1534,1.0
858,1355,1.0
2599,262,-1.0
344,1443,1.0
553,296,-1.0
1160,1281,-1.0
719,515,0.0
93,198,-1.0
2152,47,-1.0
1478,1180,-1.0
2450,1322,1.0
238,1606,-1.0
300,1503,1.0
1112,880,1.0
272,517,-1.0
673,75,-1.0
1301,28,-1.0
879,743,-1.0
2159,1296,0.0
492,1321,1.0
2568,76,-1.0
122,1192,1.0
991,158,1.0
1160,626,-1.0
997,345,-1.0
1328,386,-1.0
348,659,1.0
1368,791,-1.0
503,633,-1.0
1129,492,-1.0
2434,907,-1.0
1526,491,-1.0
2434,1571,-1.0
991,392,1.0
1621,387,1.0
1028,56,1.0
858,972,1.0
1401,304,-1.0
2097,897,1.0
197,466,-1.0
1075,675,-1.0
858,1537,1.0
1064,1101,0.0
398,266,1.0
568,933,1.0
876,226,-1.0
723,1204,1.0
2133,17,-1.0
991,138,1.0
993,583,0.0
287,138,1.0
2559,1198,1.0
1446,1284,-1.0
2409,496,-1.0
2434,1586,-1.0
959,115,-1.0
2191,583,1.0
2434,772,-1.0
276,1050,-1.0
1540,763,1.0
991,969,1.0
1622,169,1.0
2434,259,-1.0
2143,1131,-1.0
254,252,1.0
2291,178,-1.0
2492,1241,-1.0
2172,700,1.0
879,1027,1.0
304,388,-1.0
222,204,-1.0
991,699,1.0
1839,403,-1.0
988,815,-1.0
2497,1392,1.0
1222,693,-1.0
904,529,0.0
471,715,1.0
1703,1140,-1.0
1921,1512,1.0
1071,1605,1.0
1215,1203,1.0
1567,201,-1.0
1566,1167,-1.0
2386,924,1.0
1955,1095,1.0
844,662,1.0
1998,51,-1.0
2311,231,1.0
2379,53,-1.0
2348,1214,-1.0
987,1319,1.0
2452,459,1.0
993,1591,0.0
1476,1141,1.0
2293,568,1.0
2434,567,-1.0
1893,842,1.0
2410,821,1.0
991,810,1.0
2326,1041,1.0
227,701,1.0
797,1083,-1.0
1186,1457,1.0
991,201,1.0
1527,81,-1.0
415,15,-1.0
1880,64,-1.0
1950,489,1.0
991,727,1.0
2549,72,-1.0
1070,494,1.0
2434,1463,-1.0
581,1234,-1.0
435,269,1.0
653,943,0.0
1075,1064,-1.0
760,1446,1.0
2434,514,-1.0
593,802,-1.0
512,1412,-1.0
1533,1074,1.0
108,164,1.0
994,1567,-1.0
1647,1507,1.0
302,109,-1.0
462,1553,-1.0
2479,1494,-1.0
1119,938,-1.0
933,919,-1.0
23,562,1.0
513,1535,-1.0
230,100,-1.0
2083,207,1.0
2434,1599,-1.0
540,1143,-1.0
1712,814,-1.0
1871,720,-1.0
1271,534,-1.0
581,51,-1.0
991,179,1.0
1839,786,-1.0
1699,883,-1.0
1546,873,1.0
1136,1292,1.0
2337,444,1.0
818,603,1.0
2412,476,-1.0
427,347,1.0
536,143,1.0
2193,1250,1.0
191,1322,-1.0
1075,1039,-1.0
2434,1555,-1.0
873,1515,-1.0
600,1144,-1.0
2003,1506,-1.0
950,748,1.0
1242,1269,1.0
991,12,1.0
75,1147,1.0
1263,419,-1.0
943,674,1.0
535,1357,1.0
1781,808,-1.0
1466,1577,1.0
553,1380,1.0
2567,62,1.0
908,1133,1.0
2097,665,1.0
1850,638,-1.0
10,872,-1.0
879,611,1.0
1484,1477,1.0
1411,450,-1.0
2277,625,-1.0
914,543,1.0
2245,1073,-1.0
1346,1076,1.0
2134,449,1.0
1308,1545,-1.0
2036,646,1.0
1075,856,1.0
991,804,1.0
1334,871,1.0
1188,1035,1.0
2116,332,-1.0
55,406,-1.0
2190,1499,1.0
1161,617,-1.0
2258,97,1.0
2229,1166,-1.0
860,1145,-1.0
1291,1030,1.0
2068,1220,1.0
870,673,1.0
508,1205,-1.0
727,962,-1.0
2383,1236,-1.0
1854,839,1.0
1342,1490,-1.0
1941,733,-1.0
991,1468,1.0
2434,418,-1.0
838,731,1.0
1630,1283,-1.0
2433,256,1.0
403,1593,-1.0
959,1187,-1.0
1704,621,-1.0
1826,949,-1.0
87,282,-1.0
2260,370,1.0
2591,860,-1.0
2229,1469,-1.0
1905,798,1.0
1160,1602,1.0
2434,169,-1.0
2181,386,1.0
2434,86,-1.0
858,613,1.0
2618,1450,-1.0
1811,280,-1.0
2457,786,0.0
1066,410,-1.0
461,725,1.0
1219,1183,-1.0
1155,624,1.0
2152,428,1.0
515,191,-1.0
1160,1500,-1.0
1516,42,-1.0
869,573,-1.0
303,622,-1.0
2252,1016,1.0
2271,1301,-1.0
2434,256,-1.0
209,806,1.0
246,701,1.0
1784,1259,-1.0
832,512,-1.0
1424,1105,-1.0
2168,675,1.0
2350,539,1.0
839,36,-1.0
991,301,1.0
660,701,-1.0
1776,626,-1.0
977,1423,-1.0
991,459,1.0
1007,937,0.0
2087,888,-1.0
1766,1375,-1.0
798,1484,1.0
1075,1069,-1.0
1013,1452,-1.0
1984,1217,-1.0
392,443,-1.0
332,1312,-1.0
1677,925,1.0
2073,1214,0.0
1265,1437,-1.0
208,593,1.0
991,716,1.0
1929,248,-1.0
2434,1384,-1.0
81,936,1.0
991,1201,1.0
1235,518,-1.0
1961,832,1.0
2165,150,1.0
2523,1564,-1.0
15,383,-1.0
1122,998,1.0
152,546,-1.0
1595,803,1.0
2453,1323,-1.0
2434,676,-1.0
2611,124,-1.0
1913,485,0.0
981,887,-1.0
1928,1256,-1.0
991,1177,1.0
1749,1084,1.0
480,750,1.0
1174,142,1.0
1188,1091,1.0
1475,1060,1.0
1165,110,-1.0
2456,394,-1.0
2397,524,-1.0
1736,42,1.0
979,1108,-1.0
991,461,1.0
1715,237,-1.0
1496,955,1.0
626,1013,-1.0
1313,955,-1.0
991,659,1.0
2434,761,-1.0
2199,1511,-1.0
862,1069,1.0
991,1350,1.0
1269,1373,-1.0
2200,814,1.0
1489,1611,-1.0
1292,990,-1.0
671,687,1.0
1982,667,1.0
327,465,1.0
563,967,1.0
2521,103,-1.0
2340,1279,-1.0
991,979,1.0
2434,850,-1.0
1050,80,-1.0
549,345,-1.0
494,1088,-1.0
2202,562,1.0
1213,1433,-1.0
2235,995,-1.0
172,1231,-1.0
2083,888,-1.0
548,784,-1.0
627,618,1.0
261,360,-1.0
1923,1126,0.0
2299,1326,-1.0
2217,226,-1.0
1885,1165,1.0
1829,835,-1.0
1717,1505,1.0
2576,1231,-1.0
2434,477,-1.0
2132,727,-1.0
1484,937,0.0
991,1063,1.0
2043,1101,-1.0
1352,1466,1.0
1591,1444,-1.0
991,1239,1.0
991,1454,1.0
430,1111,-1.0
378,334,1.0
1602,1392,0.0
1799,1071,0.0
591,321,-1.0
991,1303,1.0
1592,1012,-1.0
1877,190,1.0
340,434,1.0
2091,1009,-1.0
1537,878,1.0
2168,466,1.0
1185,320,1.0
1166,1182,-1.0
2627,464,-1.0
1199,162,-1.0
1349,882,1.0
283,1432,-1.0
100,1155,-1.0
2463,724,-1.0
1947,1614,1.0
373,118,-1.0
2615,710,-1.0
2411,790,-1.0
1697,1484,1.0
533,393,-1.0
2434,1304,-1.0
1364,1144,1.0
1722,200,1.0
2514,1037,-1.0
1725,1447,-1.0
1467,67,-1.0
135,1266,-1.0
2437,1403,1.0
1160,1108,-1.0
313,100,0.0
1352,768,-1.0
108,1126,1.0
2434,729,-1.0
2425,282,1.0
1520,681,-1.0
296,306,-1.0
1806,1459,1.0
1552,483,0.0
1638,568,-1.0
907,941,1.0
499,273,-1.0
282,1544,1.0
2434,1086,-1.0
1602,1488,1.0
594,867,1.0
839,698,1.0
2434,23,-1.0
186,1044,1.0
937,177,-1.0
369,1099,1.0
2267,1003,-1.0
2434,581,-1.0
426,1115,-1.0
2438,1461,-1.0
1252,317,-1.0
1708,1166,1.0
858,775,1.0
965,831,-1.0
1075,327,1.0
1815,1120,-1.0
2549,492,0.0
1200,1264,-1.0
1994,1570,1.0
1318,1551,-1.0
88,1213,1.0
2433,53,-1.0
517,43,-1.0
1061,451,-1.0
185,846,1.0
1951,408,-1.0
150,508,1.0
1469,351,-1.0
56,790,-1.0
2471,749,1.0
991,18,1.0
2082,1484,1.0
2026,1134,-1.0
1111,1114,1.0
807,310,-1.0
1038,875,-1.0
1425,126,1.0
63,908,-1.0
2127,938,1.0
1314,19,-1.0
735,1124,-1.0
1642,636,-1.0
1198,1106,-1.0
1888,107,-1.0
299,1036,-1.0
2189,837,1.0
1450,446,1.0
2415,1031,-1.0
200,1047,1.0
698,846,-1.0
1843,383,0.0
313,849,1.0
1626,765,1.0
358,312,1.0
991,1534,1.0
471,707,-1.0
1238,1411,1.0
2434,1004,-1.0
1671,458,0.0
887,210,-1.0
2622,1056,-1.0
858,577,1.0
1709,391,1.0
191,537,-1.0
897,1480,-1.0
2205,882,-1.0
991,1300,1.0
2528,343,1.0
2597,377,-1.0
1627,1187,1.0
2238,325,-1.0
792,1410,-1.0
2402,547,-1.0
2148,1041,1.0
604,173,-1.0
110,145,1.0
2507,1284,1.0
301,28,1.0
278,176,-1.0
157,334,1.0
102,1053,1.0
2437,709,-1.0
190,1533,-1.0
2577,1227,-1.0
1898,114,1.0
847,134,-1.0
612,1034,1.0
1307,695,0.0
254,441,1.0
1788,591,-1.0
2055,797,-1.0
2638,91,1.0
1737,1217,0.0
2129,4,-1.0
2072,1330,1.0
1028,320,1.0
2598,1575,1.0
1529,370,1.0
2434,670,-1.0
1180,212,-1.0
514,792,-1.0
629,898,1.0
1610,74,1.0
2093,1276,1.0
537,1235,1.0
1913,1248,1.0
1028,1200,1.0
2434,1370,-1.0
2637,1055,1.0
2590,274,1.0
726,65,1.0
2034,40,-1.0
2142,874,1.0
491,881,-1.0
777,607,0.0
2305,1503,-1.0
822,956,-1.0
1667,331,1.0
2622,1608,-1.0
407,1478,1.0
971,1003,1.0
991,4,1.0
2434,836,-1.0
1322,929,1.0
334,1041,-1.0
2434,26,-1.0
732,422,-1.0
162,944,1.0
2450,841,1.0
1756,713,1.0
1151,429,-1.0
2129,1390,-1.0
1553,504,1.0
577,1245,1.0
933,661,1.0
490,1538,1.0
991,207,1.0
1920,1492,1.0
124,660,-1.0
1075,746,1.0
2267,1376,-1.0
1336,1150,1.0
604,1072,-1.0
2215,1386,-1.0
1405,98,1.0
1783,1520,-1.0
268,1520,-1.0
1130,61,-1.0
2202,1147,-1.0
1309,1563,-1.0
2434,699,-1.0
991,496,1.0
1239,1207,-1.0
2149,646,-1.0
991,1344,1.0
1608,883,1.0
2194,755,-1.0
991,1428,1.0
1669,1467,-1.0
2335,603,1.0
2256,275,-1.0
2291,1104,1.0
209,752,0.0
2377,1180,-1.0
1377,541,1.0
2520,1346,1.0
1500,1292,-1.0
2470,408,1.0
2434,1532,-1.0
2349,189,-1.0
918,995,1.0
1933,401,0.0
2404,218,-1.0
2168,1103,-1.0
2478,752,-1.0
202,1431,-1.0
709,1260,1.0
991,230,1.0
879,1193,1.0
952,215,1.0
568,306,-1.0
249,397,1.0
2168,1309,-1.0
1165,52,-1.0
1561,1498,-1.0
252,232,-1.0
1800,1536,1.0
1741,616,1.0
1435,99,-1.0
305,1296,-1.0
830,1165,-1.0
388,1112,1.0
386,1530,-1.0
1986,164,-1.0
900,832,-1.0
1357,1363,1.0
2434,179,-1.0
991,613,1.0
2434,1547,-1.0
1651,970,1.0
1007,281,1.0
2246,27,1.0
387,165,1.0
2238,1300,-1.0
879,1436,1.0
1064,416,1.0
1536,477,-1.0
1733,103,1.0
1374,147,-1.0
2434,12,-1.0
991,1382,1.0
546,1044,-1.0
1836,2,-1.0
534,438,-1.0
991,794,1.0
2630,1566,-1.0
2559,1394,1.0
991,7,1.0
1587,76,-1.0
339,355,1.0
579,1114,-1.0
2366,1104,-1.0
1075,626,1.0
816,1,1.0
2540,1138,1.0
835,1476,1.0
2192,1464,1.0
1133,459,-1.0
685,901,-1.0
1762,1458,-1.0
2464,705,1.0
1751,630,1.0
1520,1139,-1.0
1411,1058,1.0
991,1126,1.0
580,1596,-1.0
2434,1243,-1.0
2250,1094,-1.0
2091,607,1.0
2550,1,-1.0
856,185,1.0
993,763,0.0
2554,1002,-1.0
1160,1499,0.0
1252,310,1.0
1715,1419,1.0
1222,423,1.0
878,1240,-1.0
2011,375,-1.0
980,293,-1.0
768,1226,-1.0
1261,214,1.0
2400,1448,1.0
776,1431,1.0
2135,1202,0.0
2003,134,1.0
1401,92,-1.0
1042,378,1.0
1638,1430,-1.0
1558,504,1.0
2639,314,1.0
1224,1054,-1.0
62,543,-1.0
1075,513,-1.0
2182,1078,1.0
630,770,1.0
365,1521,1.0
859,772,1.0
119,1153,0.0
2217,1333,-1.0
2611,1159,-1.0
2410,350,-1.0
2546,467,-1.0
785,163,-1.0
1075,1355,-1.0
1560,639,1.0
1660,1225,-1.0
993,550,-1.0
2581,1181,-1.0
664,1381,1.0
2308,1305,-1.0
538,683,0.0
534,276,1.0
604,1616,-1.0
1492,1458,-1.0
1385,203,-1.0
2434,301,-1.0
1283,1384,0.0
434,399,-1.0
1160,1191,-1.0
2013,686,1.0
991,1476,1.0
991,1089,1.0
2374,1153,1.0
1715,1533,-1.0
2143,1044,-1.0
2305,222,1.0
2472,559,-1.0
2462,493,-1.0
431,1105,-1.0
901,137,1.0
991,1250,1.0
1117,513,-1.0
923,1403,-1.0
728,626,1.0
1362,1524,-1.0
1346,730,1.0
775,525,1.0
370,55,-1.0
1919,1304,1.0
1401,405,1.0
1773,1217,-1.0
1965,1151,-1.0
858,869,1.0
1989,172,0.0
483,768,1.0
18,724,-1.0
991,1504,1.0
2513,445,1.0
1217,1154,-1.0
9,611,1.0
1970,1212,1.0
1808,377,-1.0
2140,389,-1.0
858,373,1.0
2090,1495,1.0
1977,1602,1.0
2379,1111,-1.0
2226,1099,1.0
2633,180,-1.0
1435,6,-1.0
1989,1189,0.0
2434,1177,-1.0
197,359,1.0
2120,1619,-1.0
877,32,1.0
626,950,-1.0
1386,835,-1.0
817,1088,1.0
281,665,-1.0
1810,1351,-1.0
1930,1152,-1.0
2366,766,-1.0
2389,768,-1.0
63,1023,-1.0
1755,72,-1.0
2217,725,1.0
1715,207,-1.0
1645,857,0.0
1448,1313,1.0
1396,646,1.0
610,610,1.0
2018,421,1.0
2145,1521,-1.0
1294,1533,1.0
516,1376,-1.0
991,430,1.0
781,66,1.0
2016,238,-1.0
2626,871,-1.0
2366,560,1.0
2434,1330,-1.0
2434,1539,-1.0
1509,67,-1.0
582,1071,-1.0
330,1303,1.0
149,295,1.0
1836,1546,-1.0
398,266,-1.0
2170,196,-1.0
754,1551,1.0
435,1082,0.0
1500,549,1.0
334,557,-1.0
711,120,1.0
116,671,-1.0
1681,5,-1.0
397,785,-1.0
424,154,-1.0
103,818,1.0
2121,652,1.0
858,1069,1.0
169,1152,-1.0
1527,1616,-1.0
113,977,1.0
1151,1130,-1.0
2434,1063,-1.0
2026,478,-1.0
2434,102,-1.0
1190,976,-1.0
979,327,-1.0
521,844,-1.0
291,24,1.0
562,1434,-1.0
1485,1206,1.0
2434,228,-1.0
2452,459,-1.0
64,798,-1.0
643,1111,0.0
1682,1354,0.0
991,1202,1.0
488,10,-1.0
25,973,0.0
1180,346,1.0
604,417,1.0
1202,1470,-1.0
1987,556,1.0
2522,13,1.0
1601,16,1.0
991,1439,1.0
748,1297,-1.0
1108,528,1.0
1323,23,-1.0
1478,428,-1.0
1357,133,-1.0
432,1060,-1.0
2477,163,1.0
626,977,-1.0
658,736,-1.0
1057,1513,-1.0
1146,129,1.0
1679,112,1.0
932,70,-1.0
2486,1274,1.0
604,816,-1.0
818,603,-1.0
1363,1047,-1.0
2435,1253,-1.0
1372,762,1.0
1513,470,1.0
1245,597,-1.0
722,1169,-1.0
207,793,1.0
656,135,1.0
1715,680,-1.0
1713,951,-1.0
218,197,1.0
697,1425,1.0
1714,233,-1.0
1330,1032,-1.0
2008,121,1.0
1800,831,1.0
1080,576,-1.0
2505,1212,-1.0
219,435,-1.0
535,1357,-1.0
1531,1091,1.0
2296,227,1.0
2503,206,1.0
613,413,-1.0
991,778,1.0
1570,1393,1.0
2321,284,1.0
2087,295,-1.0
217,1224,1.0
1989,1402,0.0
1633,153,1.0
2434,1538,-1.0
2307,191,0.0
2243,315,1.0
2357,1253,-1.0
991,605,1.0
688,1566,1.0
1075,575,-1.0
1601,488,-1.0
2115,150,-1.0
1974,1055,-1.0
1435,627,-1.0
1989,343,0.0
419,1188,-1.0
1664,1159,-1.0
805,998,-1.0
1735,1516,1.0
1797,970,-1.0
1125,1096,-1.0
991,928,1.0
676,459,1.0
1315,580,-1.0
2046,990,-1.0
1272,1444,0.0
2417,1016,-1.0
2238,370,-1.0
453,562,-1.0
6,872,1.0
2427,87,1.0
602,1012,1.0
2166,334,1.0
991,1064,1.0
714,1336,1.0
1776,1191,-1.0
2434,413,-1.0
933,455,1.0
963,366,-1.0
1685,1087,1.0
624,1078,-1.0
1075,677,-1.0
991,1029,1.0
2294,1269,-1.0
61,1197,-1.0
1604,1103,-1.0
959,829,1.0
862,1093,-1.0
703,1157,-1.0
1964,510,1.0
1678,817,0.0
604,415,-1.0
2399,1568,-1.0
2284,1101,-1.0
643,341,1.0
2611,927,-1.0
2106,1177,1.0
2477,939,1.0
970,804,1.0
2468,962,-1.0
83,104,-1.0
1907,207,-1.0
991,642,1.0
1036,988,-1.0
311,615,1.0
1066,1417,-1.0
1668,8,-1.0
1987,897,-1.0
2329,281,-1.0
1669,870,-1.0
2434,969,-1.0
1618,1193,-1.0
65,135,-1.0
2554,680,1.0
559,1391,-1.0
1341,420,1.0
2227,1451,1.0
1458,769,-1.0
998,1058,1.0
214,607,-1.0
392,1587,1.0
809,1202,-1.0
915,945,1.0
1968,1411,1.0
993,798,0.0
1075,1108,1.0
257,683,-1.0
2348,1361,-1.0
1994,1540,-1.0
2424,1502,-1.0
600,342,-1.0
2621,1588,-1.0
746,1002,1.0
858,1451,1.0
2415,302,-1.0
576,779,1.0
68,299,-1.0
196,1532,-1.0
1590,407,-1.0
417,431,1.0
1304,1197,1.0
133,308,-1.0
991,1093,1.0
2307,1552,-1.0
2032,1345,-1.0
1160,17,1.0
2434,1405,-1.0
510,471,1.0
991,980,1.0
11,723,1.0
1383,1396,1.0
2559,658,-1.0
991,1328,1.0
2,823,1.0
524,775,-1.0
1880,1201,1.0
1385,921,1.0
1862,1527,1.0
2286,1251,-1.0
1709,982,-1.0
835,585,1.0
991,1298,1.0
626,889,-1.0
1287,1409,1.0
645,410,1.0
2469,396,-1.0
1587,531,-1.0
705,1298,-1.0
2395,603,1.0
2074,386,-1.0
2434,1186,-1.0
1451,833,1.0
647,11,1.0
1611,505,-1.0
991,215,1.0
441,899,-1.0
223,1060,0.0
1121,1466,-1.0
1904,899,1.0
1126,1079,-1.0
848,734,1.0
663,82,1.0
1858,351,-1.0
2523,955,-1.0
1101,1446,-1.0
991,380,1.0
989,1325,-1.0
161,413,-1.0
1534,1000,1.0
501,1465,-1.0
1867,942,1.0
1158,1066,-1.0
575,1519,-1.0
1167,1223,-1.0
983,1384,-1.0
709,363,-1.0
2434,1238,-1.0
351,769,-1.0
678,631,1.0
1747,137,1.0
316,121,1.0
1075,862,1.0
861,358,1.0
2557,600,-1.0
2193,886,1.0
868,558,-1.0
2615,1176,1.0
1453,642,-1.0
2541,1131,1.0
1761,522,-1.0
1872,60,-1.0
991,1590,1.0
1302,144,1.0
419,1186,1.0
1692,832,-1.0
1834,1221,-1.0
250,828,1.0
257,1280,1.0
1692,966,-1.0
638,1271,1.0
1547,1473,1.0
1076,1059,1.0
2434,804,-1.0
2351,1185,-1.0
991,1354,1.0
726,1111,0.0
1902,1125,1.0
567,9,1.0
505,1361,1.0
334,1289,-1.0
454,1438,-1.0
1813,857,1.0
1830,823,-1.0
54,350,-1.0
1729,1025,1.0
946,30,-1.0
944,126,-1.0
1715,885,-1.0
1352,289,-1.0
570,971,-1.0
991,1237,1.0
141,531,-1.0
63,718,-1.0
579,1335,1.0
2536,897,0.0
759,547,1.0
2434,1303,-1.0
1924,992,1.0
1529,571,1.0
2483,989,1.0
1412,551,1.0
1238,1316,1.0
560,395,1.0
2343,1388,1.0
387,347,-1.0
1153,83,-1.0
108,1318,-1.0
314,198,1.0
2434,528,-1.0
594,1255,-1.0
2328,639,-1.0
994,320,1.0
1143,1304,-1.0
1009,1587,-1.0
59,792,1.0
109,834,-1.0
2462,1343,-1.0
1145,1400,-1.0
2434,794,-1.0
1149,836,-1.0
2461,506,-1.0
2434,7,-1.0
958,11,-1.0
1191,1603,1.0
2608,1594,-1.0
1075,203,1.0
1374,744,-1.0
114,647,1.0
2612,1282,1.0
2379,532,1.0
1872,1449,-1.0
657,479,0.0
869,423,-1.0
2326,242,-1.0
89,1386,-1.0
1685,150,1.0
1034,1120,1.0
33,339,-1.0
103,258,-1.0
2046,1419,1.0
2287,1361,-1.0
442,502,-1.0
858,261,1.0
1150,1420,1.0
1986,1126,-1.0
919,1047,1.0
2434,181,-1.0
2168,844,-1.0
121,271,1.0
1345,1011,1.0
1519,533,1.0
1407,307,-1.0
493,915,-1.0
1024,369,-1.0
1796,685,-1.0
2235,363,1.0
2596,595,1.0
607,307,1.0
94,421,-1.0
1014,671,-1.0
117,341,0.0
1046,324,1.0
991,997,1.0
1444,1445,-1.0
979,985,1.0
1687,1593,-1.0
2142,159,-1.0
1055,647,-1.0
295,191,1.0
2335,742,-1.0
129,714,-1.0
636,1575,1.0
1338,1142,-1.0
2323,1380,-1.0
235,438,-1.0
2179,819,-1.0
2434,1127,-1.0
1104,755,-1.0
386,658,-1.0
2642,264,-1.0
830,1137,1.0
779,22,1.0
2271,599,1.0
1478,623,-1.0
1864,1078,-1.0
1269,5,-1.0
626,40,-1.0
769,918,1.0
1957,1007,-1.0
991,252,1.0
2242,1493,-1.0
413,762,-1.0
1361,354,1.0
388,235,1.0
1471,466,1.0
105,1405,-1.0
2434,461,-1.0
991,1282,1.0
2568,552,-1.0
991,544,1.0
2434,1344,-1.0
2422,841,0.0
2434,465,-1.0
991,1618,1.0
1827,510,-1.0
991,452,1.0
991,1445,1.0
991,923,1.0
991,967,1.0
1426,767,-1.0
1031,202,1.0
155,283,-1.0
1989,833,0.0
468,93,-1.0
1435,624,1.0
2389,1342,-1.0
1506,1342,1.0
826,137,1.0
2434,1089,-1.0
2434,1263,-1.0
2582,1290,-1.0
201,1232,1.0
2594,449,0.0
1088,1616,-1.0
914,654,1.0
2548,1359,-1.0
991,1066,1.0
2148,1309,1.0
2396,1234,1.0
962,1399,1.0
1982,1441,-1.0
646,984,-1.0
523,245,-1.0
1708,165,-1.0
1646,1287,1.0
1497,1116,-1.0
989,1255,-1.0
2434,1095,-1.0
2110,351,1.0
632,852,-1.0
1708,991,-1.0
2434,1504,-1.0
390,291,1.0
1798,1123,1.0
1604,844,-1.0
2170,116,1.0
699,1489,0.0
1152,570,1.0
296,1286,-1.0
991,814,1.0
1883,578,-1.0
2434,1454,-1.0
991,819,1.0
2119,95,-1.0
2024,191,-1.0
80,817,1.0
2101,864,1.0
1850,1557,-1.0
1475,1547,-1.0
720,185,-1.0
2434,539,-1.0
2246,300,-1.0
1791,94,-1.0
153,553,1.0
1345,1252,1.0
2462,1426,-1.0
991,918,1.0
804,595,-1.0
979,950,0.0
468,1453,1.0
357,641,1.0
817,263,1.0
2064,25,-1.0
2126,1356,-1.0
2384,652,-1.0
2363,697,-1.0
1889,895,1.0
2623,1136,-1.0
2434,1309,-1.0
555,1070,-1.0
2569,781,0.0
1107,457,-1.0
2291,946,1.0
402,1510,-1.0
100,1379,1.0
991,748,1.0
1756,1035,1.0
234,728,-1.0
991,398,1.0
1568,941,-1.0
76,1097,1.0
1562,514,-1.0
2229,277,-1.0
2622,522,0.0
2070,1479,1.0
1752,1033,-1.0
2075,245,1.0
1125,50,1.0
2556,791,-1.0
531,554,-1.0
963,1096,1.0
2434,775,-1.0
2414,31,-1.0
993,1381,0.0
938,1292,-1.0
1354,1119,0.0
2334,379,-1.0
516,1247,-1.0
1574,1503,-1.0
1684,318,1.0
439,984,-1.0
1946,1048,0.0
1433,1617,1.0
2302,67,1.0
367,845,-1.0
1688,1579,1.0
543,1344,-1.0
1386,120,-1.0
876,56,1.0
1996,622,1.0
991,1065,1.0
2434,113,-1.0
860,152,-1.0
1710,494,1.0
1612,588,1.0
2167,656,-1.0
1647,901,-1.0
1916,1525,1.0
401,767,-1.0
1058,1205,1.0
1104,1079,-1.0
499,1050,-1.0
858,285,1.0
749,1175,-1.0
768,836,1.0
1160,1582,1.0
991,1261,1.0
1147,262,-1.0
1615,527,-1.0
2281,1028,-1.0
2467,863,-1.0
814,1362,-1.0
359,713,1.0
2360,445,-1.0
764,771,-1.0
2495,412,1.0
1081,642,1.0
1297,783,1.0
2561,870,1.0
2126,794,-1.0
2366,946,-1.0
1114,524,1.0
991,1561,1.0
1392,1329,-1.0
2466,898,-1.0
650,926,-1.0
1478,1343,-1.0
223,1129,-1.0
1989,1474,0.0
2347,555,-1.0
1539,1620,-1.0
1792,1579,-1.0
734,35,1.0
2238,923,-1.0
991,842,1.0
1629,1354,-1.0
2434,522,-1.0
2182,140,-1.0
2523,44,-1.0
364,464,1.0
2208,524,-1.0
203,1510,1.0
1609,1170,1.0
2476,564,1.0
801,174,-1.0
1639,188,1.0
2307,1054,0.0
1009,828,-1.0
946,866,0.0
212,655,-1.0
1240,358,-1.0
625,986,-1.0
1435,211,1.0
1079,486,-1.0
1380,989,0.0
1069,1259,1.0
632,1375,1.0
810,300,1.0
283,275,-1.0
640,706,1.0
1962,1339,-1.0
2434,826,-1.0
690,1006,-1.0
97,357,-1.0
117,627,-1.0
1826,1014,-1.0
1430,1117,-1.0
489,415,1.0
1628,932,-1.0
1017,128,-1.0
1434,137,1.0
293,1102,0.0
360,137,1.0
950,639,-1.0
325,1196,-1.0
2019,1062,1.0
991,1006,1.0
481,476,-1.0
1934,1196,-1.0
1191,1333,-1.0
2268,395,-1.0
2185,141,-1.0
568,1603,-1.0
269,360,-1.0
1659,233,1.0
1449,1613,1.0
1030,579,1.0
431,979,1.0
20,761,-1.0
1780,987,-1.0
388,1310,1.0
518,951,1.0
2549,1371,-1.0
1074,566,1.0
2168,611,-1.0
251,1042,-1.0
778,577,1.0
814,994,1.0
1132,745,1.0
1524,1065,1.0
2054,858,-1.0
571,718,1.0
2186,935,-1.0
210,1520,1.0
2442,26,1.0
1185,542,1.0
790,1477,-1.0
1520,347,-1.0
991,558,1.0
2225,1163,-1.0
622,1046,1.0
585,734,-1.0
2613,171,-1.0
2122,1517,1.0
2312,700,-1.0
932,755,1.0
1420,543,1.0
2040,402,1.0
937,257,-1.0
383,1312,-1.0
733,447,-1.0
2345,687,-1.0
677,848,-1.0
638,1043,-1.0
223,620,-1.0
2494,999,1.0
2434,496,-1.0
241,1407,-1.0
2628,480,-1.0
2046,1131,-1.0
1325,1484,1.0
2495,106,1.0
2001,537,1.0
2048,1204,-1.0
766,1063,1.0
1745,1036,1.0
1401,24,-1.0
2136,114,-1.0
259,1227,1.0
2044,927,1.0
1511,1540,-1.0
1188,27,-1.0
1916,224,-1.0
1845,1435,-1.0
2615,444,-1.0
1169,1324,1.0
1388,55,1.0
1740,1098,-1.0
2420,997,-1.0
428,1268,-1.0
863,450,1.0
1327,1404,-1.0
2285,754,-1.0
1989,895,0.0
1816,131,-1.0
2092,1275,1.0
2575,248,1.0
8,573,1.0
1484,1581,1.0
213,1574,-1.0
1546,156,-1.0
1763,1306,1.0
373,807,-1.0
869,321,-1.0
2202,1286,-1.0
1304,1411,-1.0
2620,1338,1.0
991,1584,1.0
2046,1424,-1.0
941,563,1.0
1927,483,-1.0
333,812,-1.0
1232,1514,-1.0
991,875,1.0
1574,222,1.0
2434,613,-1.0
1435,818,-1.0
329,1336,-1.0
1939,160,-1.0
2217,1554,-1.0
991,1125,1.0
148,381,-1.0
1851,1413,-1.0
1500,549,-1.0
1596,137,1.0
2599,439,1.0
105,394,1.0
2320,1027,1.0
1282,1389,1.0
541,319,-1.0
1368,493,1.0
879,1309,1.0
1642,448,-1.0
1803,141,1.0
1786,1090,1.0
991,346,1.0
952,679,1.0
1906,858,1.0
1360,442,-1.0
2349,1329,1.0
963,680,-1.0
1887,158,1.0
1715,990,-1.0
255,1119,-1.0
2434,1064,-1.0
126,538,1.0
427,681,1.0
1153,1086,1.0
2050,773,-1.0
971,885,-1.0
2625,384,1.0
2024,1054,-1.0
1718,1527,0.0
991,943,1.0
991,196,1.0
617,373,-1.0
513,1240,-1.0
991,715,1.0
2565,1252,-1.0
1881,1286,1.0
1232,962,-1.0
929,451,1.0
2055,519,-1.0
733,751,1.0
604,417,-1.0
1289,34,-1.0
31,179,1.0
908,772,-1.0
991,756,1.0
668,374,1.0
1256,717,-1.0
1711,1482,-1.0
14,1280,0.0
991,303,1.0
1683,515,1.0
2326,1011,1.0
869,1228,-1.0
632,498,-1.0
51,40,1.0
2356,302,-1.0
1989,1326,0.0
2508,459,1.0
2434,1439,-1.0
609,1527,-1.0
1206,733,-1.0
1855,401,1.0
1869,200,-1.0
1730,37,-1.0
31,1330,1.0
1852,34,1.0
1545,42,1.0
2434,808,-1.0
2434,1383,-1.0
1267,964,-1.0
1924,917,-1.0
1547,811,-1.0
1823,344,1.0
206,1367,-1.0
2249,1051,-1.0
991,507,1.0
2296,227,-1.0
2485,497,0.0
499,146,-1.0
698,584,1.0
933,93,1.0
294,1175,1.0
194,534,1.0
2394,834,1.0
223,1220,-1.0
1386,866,-1.0
2278,1183,1.0
1025,151,-1.0
2003,41,1.0
2550,946,1.0
2434,845,-1.0
991,1195,1.0
2084,1064,1.0
875,1599,1.0
1306,905,1.0
1811,1327,-1.0
2466,600,0.0
2632,1543,-1.0
176,418,-1.0
991,1448,1.0
1234,788,-1.0
442,847,-1.0
179,195,1.0
1306,272,0.0
376,541,1.0
1753,837,-1.0
36,323,-1.0
879,729,-1.0
2493,1010,1.0
1581,91,-1.0
787,20,-1.0
2501,678,1.0
1647,1308,1.0
991,1529,1.0
647,933,1.0
2096,882,-1.0
417,825,-1.0
388,561,1.0
236,1248,-1.0
862,1153,-1.0
1005,760,-1.0
2377,428,-1.0
58,1041,1.0
1597,238,1.0
1363,1100,1.0
1194,361,1.0
318,1129,1.0
995,1068,-1.0
1310,787,1.0
892,1427,-1.0
786,677,-1.0
1345,1528,1.0
589,1244,1.0
