0
1
3
1601,2109
9
1188,2094
12
1811
1510,1543,2309
15
17
19
20
22
15,2259
811,2374
24
25
854,1786
458,974
31
1559,1577,1680
33
1423,2250
34
155,251
797,1256
311,396,1033
265,698,2268
105,916,1020,1238,1338,1696,1901,2267,2308,2487,2491
40
1619,1682
282,2114
47
48
226,1789
50
51
54
10,45,78,79,86,125,151,170,206,215,229,237,254,281,292,361,369,437,669,678,712,713,722,723,745,851,956,990,1107,1111,1129,1175,1176,1213,1240,1259,1261,1316,1333,1483,1511,1525,1714,1732,1796,1837,1840,1885,1992,1994,2003,2004,2034,2058,2138,2166,2244,2266,2307,2350,2372,2395,2404,2433,2540
56
57
902
808
1235,2140
1449,2492
63
64
245,417
493,1376
66
68
47,355,631,660,865,1011,1092,1120,1134,1271,1507,1566,1747,1785,1833,1860,1986,2038,2344,2436
72
75
1343,1689
141,863,1364,1461,2031
80
82
1918,2331
84
87
88
1669,2516
192,980,1688,1776
432,764
108,246,378,985,1071,1095,1136,1267,1675,1873,1892,1993,2011
93
2029,2122
95
36,1711
1372,1589,2320
96
98
104
1865
885,1795
1121,1941,2483
109
111
112
621,2255
1614,1814
707,775,1233
1519
120
121
126
33,2523
2009,2024
596,2104,2359
74,1143
144
149,517,975,1804,2025
117,580
1022
152
153
413,2054
106,111,871,1881
158
238,664
731,2243
586,2446
965,1610,2099,2391
166
167
156,1547
168
171
173
172
175
177
587,638
181
48,535,730,2162,2386
186
1309
190
979,1169,1186,2193
133
193
101,374,381,479,525,532,641,850,904,1352,1429,1442,1508,1753,1855,1955,2072,2476
1089,2374
194
196
197
110,1674
202
731,1467
207
208
727,2054
812,1841
213
216
220
221
224
227
1178,1752,2084
228
230
232
234
63,2341
238
240
97,731
241
242
244
245
247
248
249
1258,1277
688
1597,2349
255
256
1273,1380
6,235,1020,2154,2294
258
895,2140
262
264
622,2374
339,2127
269
271
273
274
1923,1932,2036
275
278
1124,1956
103,1359,1937
1258,2427
280
284
285
288
289
1425,1868
290
291
293
299
443,612,1991
304
1727,1904
308
309
310
156,1587
312
314
315
317
319
324
325
326
1006,2087
332
335
268,353
344
1654,2086
119,368,809,840,1160,1466,1922
347
90,1355
41,431,981,993,1108,1236,1244,1403,1550,1742,1762,1822,1870,2118,2234,2370,2380,2463
350
336,693
354
356
355
360
367
370
503,558,1988
1645
380
382
383
34,69,1284,1991
385
386
415,1416,1705,2144
392
393
394
397
478,1069,1780
400
401
853,2374
403
404
2240,2493
387,1096,1518
407
411
973,1091
558,2394
416
1083,2434
421
564,1138
426
427
653,1143
261,343,388,536,552,675,966,976,1059,1517,1534,1539,1778,1851,1943,2050,2113,2486
1979,2490
943,1157
2039,2172
287,558,760
440
35,1053
494,628
444
447
448
450
37,107,2141,2394
2336,2434
454
456
457
700
102,1614
462
464
465
466
468
145,2127
471
472
474
476
477
330,756,1966,2045,2527
1629,2181
241,731
483
485
467,2053
486
488
489
490
491
679,2439
1292,1698,2302
1228,1821
110,983
538,695,750,1013,1064,1152,1325,1401,1805,1933,2239,2498
494
480,1305
499
500
268,892
502
505
508
556,2081
514
702,751,761,867,900,1451,2489
710
518
1079,1900
617,825
671,1188
520
523
529
530
231,2134
531
534
239,429,830,954,1142,1655,1721,1921
803,2278
1220,2483
139,2353
541
544
1215,1262
547
548
34,612,1594,1991
549
839,2288
554
110,1578,1957
557
419,2183
560
99,430,831,903,924,1093,1472,1562,1834,2402,2443
1102,1180
1266
1619,2245
18,1695,2212,2384
572
76,988,2241
576
577
578
579
1065,1075
581
1258,1863
492,2434
586
868,1456
590
593
169,1025
159,2095,2321,2345
597
1087,2276
60,377,696
249,1619
604
605
512,820
606
607
551,2522
83,2152
611
612
58,62,303,408,600,603,784,1051,1155,1202,1203,1250,1402,1642,1666,2205,2385,2521
1228,1462
613
614
616
617
330,1966,2045,2527
620
557,756,1966,2014,2045,2527
624
290,1653
1775
627
631
821,2016,2304
639
638
642
643
644
646
647
649
118,123,132,146,318,422,438,469,496,585,662,870,901,922,938,941,968,1024,1056,1057,1097,1116,1125,1181,1227,1285,1406,1515,1660,1751,1812,1839,1913,1931,2008,2066,2079,2115,2116,2160,2175,2189,2232,2261,2263,2284,2327,2352,2403
804,2524
656
658
659
660
104,2194
668
1032,2522
676
677
896,1619
322,635,1122,1230,1365,1450,1694,1832,1920,2145,2186
1221,2247
682
683
463,1942
686
692
575,689
699
701
1619,2110
705
644,1144
711
716
718
450,2341
142,2146,2217
721
725
729
444,1407
1065,1918
731
733
734
737
738
744
746
749
752
753
755
180,207,1158,2414
757
759
760
762
494,1700
311,420
1258,2026
1373,1391
766
166,1034,2341
771
776
26,406,516,833,1044,1275,1334,1390,1613,1672
777
778
779
509,802,907,1858
785
787
790
794
796
797
769,1790
800
801
2125
804
634,1226,1537,1854
266,283,1412,1951
501,1362
806
1295
810
311,877
1288,2425
815
198,1248
818
2195,2454
822
823
826
724,838
371,847,1211,1356,1716
836
1542,1629
842
843
601,2140
588,2318
2044,2055
120,2554
855
134,1671
1819,1999
130,306,327,545,747,772,792,832,1009,1150,1314,1345,1440,1581,1639,1661,1748,1995
860
862
865
1617,1909
869
432,760,1416
100,1045,1791,2211
871
1793,2439
872
873
874
875
878
567,1719
880
883
886
887
888
889
893
895
1007,2341
402,1105,1178,1752,2084
681
333,441,697,1535
905
906
908
909
910
889,1474,2153
911
912
913
480
920
921
32,89,442,852,1410,1953,2230
922
926
804,2177
160,1619
439,2412
929
934
2137,2179
409,1191,2164
967,1434
330,1223,2525
942
944
947
949
1884,1942
952
164,2317
994,1254
493,1814
957
958
959
960
963
432,1705,1988
1321,1934,2253
848,1067,2504
969
970
305,1814
1533,1843,2022
977
52,2062
451,1037
670,844,930,2468
1322,1961
298,362,583,1172,1243,1247,1722,1973,2270,2419,2447,2456,2505
19,1974
1713,2360
989
995
372,461,652,684,835,876,1173,1196,1257,1332,1485,2313,2323
998
1000
1001
1494,1548
666,2152
1003
1005
1007
914,1094,2300
1010
1011
1137,2046
1014
1021
1026
1194
1029
1030
1031
731,1718
1034
1035
1036
1037
189,817,916,1020,1338,1696,1901,2267,2308,2487,2491
1038
524,731
1042
1043
362,364,583,1722,2447,2456,2505
1046
1048
1049
1050
739,858
1879
1054
1060
1061
1062
1063
209,1144,1551
1065
2005
1104,1280
1072
1074
38,60,377
1080
1084
1090
2,92,127,174,182,236,316,329,349,352,414,527,543,559,566,570,582,594,640,672,717,882,898,1004,1017,1076,1119,1231,1293,1320,1323,1327,1342,1487,1489,1608,1627,1630,1668,1686,1723,1803,1816,1938,1997,2018,2049,2075,2080,2091,2100,2169,2180,2210,2224,2246,2254,2264,2285,2287,2297,2316,2324,2396,2497
252,767
1092
1098
1099
1100
1101
1103
1104
1106
1110
187,1079
1113
1114
1115
1120
1123
939,1102
56,2107
1126
1128
2082,2259
1131
1134
1135
608,2482
1058,1234
1140
2366
1141
131,625,1452,1570
1145
1147
1149
1151
444,486
1154
1156
277,1251
23,129,157,178,185,199,321,331,395,510,623,897,997,1311,1527,1556,1564,1572,1657,1664,1667,1708,1735,1766,1831,1888,2326,2383,2426,2440,2479,2533,2534
294,384,2465
1170
1177
1162,2374
1185
1189
667,1052
1197
136,925,1019,1512,1685
7,463,1143,1180
931,937
1201
1205
77,135,446,715,789,827,894,915,1241,1370,1528,1567,1706,2019,2171,2226,2515,2538
1212
5,1697
330,1132
1222
1224
1636,1942
1228
1232
100,680,1791,2387
330,1340,1797,2525
895,1619
1237
504,1088
1455,1611
1248
1467,2434
162,568,614
822,2341
719,1648
1255
1256
1258
1124,1268
1260
1264
627,1977
1268
687,2029
1086,1790
110,1444,1578
249,2140
1270
268,1304
1271
626,2250
975,2303
515,1419
706
12,464
1276
1279
165,253,470,720,972,1055,1081,1082,1208,1229,1540,1600,2047,2513
1281
1283
1284
1286
1288
1290
1291
554
260,286,673,841,846,890,1015,1296,1396,1603,1681,1886,2040,2143
432,760,2144
1297
1439,1897
1303
1306
116,2434
1308
1310
1312
1313
788,1491,2282,2358,2362
295,891
1324
1326
1769,1788
1328
1329
1330
1331
191,629,2427
1336
1339
1341
2170
1783,2434
1346
1348
1354
1788,2028
1358
637,2417
1363
1619,2024
34,1871,1991
1366
1367
1371
1372
341,1287,1457,2041,2090,2112
365,685,1820,1848,1895,2420
1377
1378
1379
1070,2111
1381
1902,2177
1387
1388
1392
636,2519
1394
1397
1568,2023,2197
1399
1435,2149
433,555,2305
1404
310,1499
1407
1408
744,805
345,415,1988
1413
1415
558,2141
263,574
1418
1228,1350
330,1707,2525
1420
1421
1422
124,484,815,1301,1302,1557,1590,2068,2334,2502
1424
1425
1427
1430
1432
1592,1619
1369,1908
1436
1439
168,1473
1139,1619
845,2053
192,1499
781,1577
1448
1453
1455
1458
1459
1744,2127
1463
1467
389,589,1112,1299,1351,1635,2071,2319
1470
1471
884,2459
1473
1476
67,91,425,732,1040,1522,1546,1563,2163,2332,2457
1477
1479
1481
1482
1484
1400,1755
116,731
2325,2536
586,2317
1643,2165
373,999,1426,1907
1495
1497
1498
1499
1503
1504
1505
1506
1507
1509
296,412,423,428,460,507,519,561,657,740,782,932,1513,1919,2061,2399,2445,2553
1514
1516
1520
1521
1523
1524
1529
1531
1295
1532
1536
307,1036
272,1623
1541
1979,2504
154,1767
1551
1552
14,1098,1199,1573,2192,2409,2531
2360,2510
759,1774,2196
1555
1558
802,1858
1561
1676,1746
1566
1571
1012,1618
1574
1575
1576
1577
1579
220,2259
8
858,1947
1582
1583
1584
20,1034,2341
1586
1354,2342
1588
1589
950,1198
1712,2168
1,454,518,677,753,1060,1074,1306,1482,1504,1720,1733,1740,1801,1827,1829,2222,2286,2430,2546
1595
1596
204,214,233,320,475,703,793,861,1253,1289,1360,1475,1488,1526,1916,2248
517,975
511
183,575
1605
1218,1857
1607
1612
1611
937,1797
691,1179,1644,2235,2507
1615
1616
2410,2528
153,271,350,404,472,649,1000,1080,1847,1929,2010,2063,2120,2453
1620
2364
1624
1625
1626
1629
1634
1637
1638
2425,2508
1640
1647
1648
1649
735,754,774,1384,1393,1693,1935,2135
492,731
1650
1651
1653
509,907
991,1117,1130,1200,1263,1317,1374,1501,1538,1734,1784,1844,2093,2199,2219,2227,2432,2477
1659
1662
1665
376,436,1794,2077
2277,2375
459,1385
169,218
1673
1677
208,230,247,308,514,749,766,1331,1463,1558,1624,1756,2059,2124,2139,2223,2283,2415,2429,2452
1679
257,375,498,539,619,935,962,1073,1109,1278,1469,1480,2228,2329,2357,2509,2544,2552
210,708
1204,2218
362,645,1722
615,2288
1683
1684
330,638,1158
1520,2173
310,2530
1018,1180,1669,1806,2467
1690
1691
1692
1068
176,334,458,763,819,974,1502
217,398,1195,1924,2361,2422
2299,2368
1359,1937
1700
1701
1268,1712
107,558
1709
651,1354
1710
1711
85,1246
889,1464,1474
1717
1718
651,1521
1163,2516
1720
1724
1725
1228,2236
1728
1729
1730
1733
272,1409
654,2107,2214
1737
1738
1739
1740
1741
1743
1745
241,2434
1747
947,1952
1872,2374
1755
1756
1757
1761
911,1897
1763
1479,2337
1814,2184
1770
1771
1676,2291
494,2342
1774
1779
1781
205,2412
1782
1785
1787
1788
102,1152
1790
1792
558,760,1810
1798
1800
1801
1802
1804
1808
262,2363
1086,2551
59,1520
124,382,484,1301,1302,1590,2068,2334,2502
1817
1823
1827
250,259,565,786,795,1153,1239,1604,2188,2198,2461
1828
1829
1591,2149
1835
1833
1838
608,2462
1842
1845
1847
1849
1852
1853
1858
550,857
34,1284,1772,1871,1991
1860
1861
1866
1867
1152,1814
16,27,184,219,276,301,302,358,445,540,655,690,856,879,919,927,978,1166,1217,1353,1609,1750,1818,1927,1962,2088,2133,2174,2215,2220,2258,2416,2529
1869
2229,2333
98,1629
1814,2202
1942,2382
775,1039,1233
1874
70,742,1159,1972,2252
1875
1876
1878
1880
1881
1174,1961
1027,1319
1882
1883
43,342,473,522,2448
1891
1893
1894
240,1062
620,869
1899
1557,1814
211,2231
881,1002,1544
330,1223,2525
1908
1910
1911
1912
1914
1917
1918
147,821,2016
1925
2299,2551
1926
506,650,1190
1929
816
1936
137
330,638,1307,2525
225,1437
1942
885,2449
1164,1491,1545,2282,2362
1945
1946
1948
1949
986,2298
1697,2503
348,953
1956
1958
1954
1964
1330,1398
1965
203,2545
1966
1967
1225,1930
34,424,494,1871,1991
1585,2127
704,1228
1975
1976
207,1158,2414
1977
1978
311,366,558,760,2209
1982
1983
1984
1986
537,2446
2411
1989
1990
818,1755
1996
1998
2000
494,651
2001
2006
2007
1330,1368
2010
1366,1705
2012
2015
1455,1553
53,2446
4,223,736,951,1165,1382,1496,1773,1864,2200,2256,2413
2021
1418,1443,2001
1282,1814
188,1171
2027
628,1354
2030
49,94,179,195,267,357,390,714,798,1395,1405,1454,1593,1704,1889,2101,2128,2378
829,2488
2249,2494
2032
2033
2035
609,1258
2038
1490,1641
2042
2043
2044
886,1606,2494
2048
115,1045,2211
804,1445
2056
2057
2059
1619,1764
2512
2063
569,1759
2069
209,859,1551
2070
34,1284,1871,1991
558,741,1988
209,1144
138,553,632,948,982,1028,1148,1187,1344,1646,1663,1699,1985,2052,2123,2178,2485,2514
2082
2292,2374
2085
14,29,573,2192,2237,2500
2089
346,1592
2092
2096
618,1807
848,1067
2097
2098
2102
356,2523
2106
71,73,270,297,410,434,526,563,584,602,610,648,663,665,726,770,864,936,996,1023,1161,1209,1214,1219,1357,1431,1500,1580,1632,1715,1824,1887,1896,1906,1939,1940,2017,2060,2083,2262,2315,2351,2398,2435,2547
1298,1980
2108
2109
2117
2119
2120
2121
2055,2269
1656,1688,2364
2124
272,2532
630,694
2129
2130
2131
1891,2536
2132
701,1729
2137
964,1622,1928
2139
305,1091
1565,2291
148,1027
2142
1245,1551,2078
37,558
2147
1560,2229
2150
399,1979
2151
2155
572,1058
2156
2157
1969
2158,2410
731,2312
2369,2549
1182,1903
39,128,313,455,497,533,592,728,799,824,1265,1446,1959,2013,2067,2421,2470,2474
2167
356,2359,2523
34,765,1284,1425,1868
2172
492,731,1890
30,1078
2176
452,521
211,2231
743,2513
971,1530,1898,2148,2472,2518
2187
2190
2191
773,1850,1963
85,1455
1966,2014,2045,2527
2194
163,1168
918,1619
440,834
2201
268,1347
2202
2203
2206
2208
1016,1385
2388,2405
2213
150,363
2221
2222
2223
2225
456,1492
1008,1337,1815
2233
1065,1274
2105
69,2002
449,595,1041,1146,1183,1269,1272
596,2185
768,1970
1216,2045
2249
2251
453,923,2051
2255
2257
2259
1629,2030
2269
1671,2074
2271
2272
2273
2274
2275
7,1180
2277
457,2401
1279,2354
2279
359,571,748,837,940,1047,1085,1300,1318,1386,1428,1468,1478,1599,1765,2207,2314,2475
2280
1619,1950
2281
2283
2286
2289
81,1712
2290
889,1474,1628
330,638,2525
2293
2295
813,1905
2303
2306
2310
1411,1414
2320
1242,1563
1008,1815
2322
2134,2159
2325
2326
2328
2330
769,2551
2335
2338
2337
1066,1836
1576,2259
2343
2344
2345
2346
2347
567,1799
2348
2349
42,731
2354
2355
337,630
2356
34,1594,1991
2359
2360
693,1915
906,1264,1310
2363
2364
61,562,1375,1422,1987
2365
705,2499
2367
889,1474,1731
2373
2376
2375
2381
955,1633,2064
709
2037
599
118,123,132,146,309,318,422,438,469,496,585,662,870,901,922,938,941,968,1024,1056,1057,1097,1116,1125,1181,1227,1285,1406,1515,1660,1751,1812,1839,1913,1931,2008,2066,2079,2115,2116,2160,2175,2189,2232,2261,2263,2284,2327,2352,2403
2390
95,1417,1958,2356,2366
486,1960,2331
2393
1198,1678
21,222,418,598,807,946,961,1118,1383,1433,1598,1968,2073,2260
945,1036,1904
272,323
2397
2400
2406
2408
1777,2242,2265
417,1602,1910
113,391,482,487,814,917,1441,1621,1856,1971,2076,2311,2506
2415
984,1619
117,2136
2424
65,2434
2428
2429
2430
2431
330,756,1966,2045,2527
2434
2436
1363,1930
2437
2438
2440
1846,2451
2442
1549,1702
2444
44,114,161,849,933,1631,1658,1768,1825,1830,1944,2126,2204,2418
2450
2452
2453
2455
2458
2460
2464
2466
122,201
2469
2471
2473
159,2095,2321,2444
2481
480,783
980,1447,1687,1688
1102,1193
2484
1789,2537
1754,2478
444,2360
780,1167,1361,1749,1813,1877,1981,2238
34,1284,1991
2494
2495
2496
2161,2366
2499
2501
2504
2508
24,2020
2517
2520
1611,2363
46,338,513,591,661,866,992,1077,1192,1206,1315,1554,1760,1859,1862,2377,2407,2441
1252,2216
2523
1158,2389
2526
2527
2530
111,379,1269,1465,1809
2535
2539
2541
1438,2434
2542
2543
11,13,28,55,140,143,200,212,243,279,340,351,405,435,481,542,546,674,791,828,899,928,987,1127,1133,1184,1207,1210,1249,1294,1335,1349,1389,1460,1486,1493,1569,1652,1670,1703,1726,1758,1826,2182,2296,2301,2339,2340,2371,2379,2392,2423,2511
2546
2548
2550
2551
758,1330
300,328,495,633,2065,2103,2480
528,1736
