483,512,1.0
893,39,1.0
216,285,-1.0
1368,653,-1.0
928,625,1.0
928,561,-1.0
845,518,-1.0
1445,297,1.0
1368,508,-1.0
905,305,1.0
555,628,1.0
1011,370,1.0
289,223,1.0
306,243,1.0
114,452,-1.0
998,507,-1.0
11,461,-1.0
350,626,1.0
1451,457,-1.0
1014,78,-1.0
621,238,-1.0
928,555,1.0
661,719,-1.0
1308,109,-1.0
366,494,-1.0
1085,725,-1.0
844,229,1.0
750,414,1.0
406,619,1.0
1114,479,-1.0
675,48,1.0
1099,229,1.0
619,234,-1.0
1486,274,-1.0
244,428,1.0
1114,669,-1.0
794,183,-1.0
290,412,1.0
1357,456,-1.0
482,479,1.0
1368,208,-1.0
1435,418,-1.0
1386,387,1.0
343,485,-1.0
844,87,-1.0
956,69,-1.0
1465,545,1.0
659,613,1.0
216,60,-1.0
941,372,-1.0
1059,145,-1.0
708,96,-1.0
345,464,1.0
928,547,1.0
429,388,-1.0
287,282,1.0
1415,151,-1.0
426,574,-1.0
893,409,1.0
845,503,-1.0
1114,594,-1.0
61,429,1.0
962,670,-1.0
767,418,1.0
922,14,-1.0
928,447,1.0
263,53,1.0
304,239,1.0
928,86,1.0
640,110,1.0
213,217,-1.0
998,431,-1.0
450,369,1.0
1355,604,1.0
1152,95,1.0
998,464,-1.0
1114,70,-1.0
389,296,1.0
91,474,1.0
38,287,-1.0
998,193,-1.0
977,214,-1.0
868,33,-1.0
1114,707,-1.0
733,12,-1.0
1059,324,1.0
406,692,1.0
1016,723,-1.0
406,102,1.0
426,303,-1.0
578,314,-1.0
95,445,1.0
761,471,-1.0
1008,400,1.0
1315,37,-1.0
987,678,-1.0
1217,443,-1.0
1252,144,1.0
893,192,1.0
1341,434,-1.0
916,510,-1.0
484,177,-1.0
367,196,1.0
831,257,1.0
853,283,-1.0
1114,362,-1.0
1089,415,1.0
1346,530,-1.0
409,609,1.0
1114,19,-1.0
426,495,-1.0
1258,286,1.0
114,43,-1.0
1046,1,1.0
943,71,1.0
557,580,1.0
725,159,-1.0
390,409,1.0
1443,699,-1.0
232,477,-1.0
928,475,1.0
944,169,1.0
325,609,-1.0
718,208,1.0
1260,267,1.0
1251,604,-1.0
351,382,1.0
253,295,-1.0
1083,147,1.0
1383,123,1.0
329,171,-1.0
725,287,-1.0
1373,725,1.0
1357,632,-1.0
1425,651,-1.0
341,269,-1.0
1470,288,-1.0
928,244,1.0
1058,378,1.0
1325,638,1.0
437,506,-1.0
109,446,-1.0
447,494,1.0
139,188,-1.0
928,375,1.0
1488,373,-1.0
716,492,1.0
1119,28,-1.0
872,642,1.0
1110,323,-1.0
61,273,-1.0
725,222,-1.0
1292,29,-1.0
737,452,-1.0
658,295,1.0
1475,498,-1.0
438,31,1.0
1073,618,-1.0
80,354,-1.0
523,609,-1.0
1368,163,-1.0
703,402,-1.0
682,243,-1.0
255,218,1.0
510,225,1.0
819,585,-1.0
1378,585,1.0
731,58,-1.0
1136,440,-1.0
1310,353,-1.0
776,541,-1.0
579,671,-1.0
529,580,1.0
403,269,-1.0
640,203,1.0
1346,255,-1.0
989,359,1.0
974,416,1.0
1440,56,-1.0
324,462,1.0
1184,608,1.0
1406,419,-1.0
1478,84,1.0
941,406,-1.0
1326,266,-1.0
203,27,-1.0
1114,411,-1.0
928,199,1.0
858,175,-1.0
219,151,1.0
760,373,1.0
1325,318,-1.0
813,702,1.0
1161,204,1.0
928,238,1.0
573,276,-1.0
658,356,1.0
222,119,1.0
232,538,-1.0
928,228,1.0
989,656,-1.0
586,38,-1.0
1204,296,-1.0
962,0,-1.0
394,7,1.0
97,63,-1.0
161,7,1.0
913,181,-1.0
928,352,1.0
633,714,-1.0
998,52,-1.0
232,706,-1.0
120,192,-1.0
1462,694,-1.0
726,300,-1.0
355,34,1.0
1097,595,-1.0
869,441,-1.0
1431,488,-1.0
928,676,1.0
406,47,1.0
928,178,1.0
1327,433,-1.0
1229,401,1.0
1085,17,1.0
1114,152,-1.0
993,379,-1.0
725,16,-1.0
833,123,-1.0
42,606,1.0
1193,121,1.0
307,92,-1.0
400,39,1.0
718,163,1.0
36,197,-1.0
928,335,1.0
925,601,1.0
926,677,1.0
659,514,1.0
658,207,1.0
539,229,-1.0
136,390,-1.0
519,140,-1.0
406,717,1.0
1368,494,-1.0
778,366,-1.0
135,620,1.0
460,491,1.0
138,473,1.0
232,639,-1.0
733,646,-1.0
1186,9,-1.0
673,313,-1.0
1484,544,-1.0
1028,248,1.0
1054,571,-1.0
1400,309,1.0
941,303,-1.0
216,24,-1.0
111,508,1.0
946,8,1.0
602,133,-1.0
713,488,-1.0
143,241,1.0
556,18,-1.0
417,662,1.0
726,308,-1.0
816,136,-1.0
815,586,-1.0
1045,311,1.0
1111,431,-1.0
402,160,-1.0
1008,584,-1.0
119,309,-1.0
450,364,-1.0
380,623,1.0
61,296,1.0
578,220,-1.0
928,69,1.0
77,164,-1.0
725,203,-1.0
737,221,-1.0
842,616,1.0
1106,449,1.0
1339,230,-1.0
486,476,-1.0
787,364,-1.0
385,542,-1.0
998,237,-1.0
1087,641,-1.0
319,439,1.0
880,226,-1.0
229,503,-1.0
962,509,-1.0
1319,147,1.0
439,359,-1.0
725,705,-1.0
456,634,-1.0
1114,56,-1.0
1053,99,-1.0
877,520,-1.0
1368,234,-1.0
293,36,-1.0
1088,167,1.0
1339,432,-1.0
30,598,1.0
1339,129,-1.0
62,484,-1.0
1114,143,-1.0
590,379,-1.0
837,145,-1.0
1020,183,1.0
1323,290,1.0
796,718,1.0
577,98,-1.0
1219,172,1.0
1154,202,-1.0
1114,374,-1.0
285,305,-1.0
894,573,1.0
940,101,-1.0
998,180,-1.0
1322,39,-1.0
198,182,-1.0
601,256,1.0
928,331,1.0
923,404,1.0
1114,266,-1.0
863,532,-1.0
1386,636,-1.0
733,674,-1.0
1346,154,-1.0
161,347,1.0
120,41,1.0
1191,284,-1.0
935,670,1.0
555,709,1.0
409,202,-1.0
1181,628,1.0
1432,34,-1.0
61,383,-1.0
154,222,1.0
771,227,1.0
865,539,1.0
1355,112,-1.0
327,112,-1.0
289,329,1.0
1114,614,-1.0
1434,0,-1.0
161,151,1.0
807,508,1.0
1378,125,1.0
766,249,-1.0
640,638,1.0
49,209,-1.0
352,166,1.0
1052,338,-1.0
1257,573,1.0
992,5,-1.0
1312,36,1.0
1043,700,1.0
718,714,1.0
928,19,1.0
658,43,1.0
289,94,1.0
1225,254,-1.0
527,292,-1.0
725,249,-1.0
1452,330,-1.0
785,462,1.0
326,130,1.0
928,115,1.0
1393,200,1.0
1186,253,-1.0
1339,497,-1.0
797,594,-1.0
1239,106,1.0
181,499,-1.0
968,6,-1.0
316,503,1.0
812,491,-1.0
1281,609,1.0
1259,501,-1.0
136,410,-1.0
1100,412,-1.0
928,492,1.0
1416,245,1.0
268,563,1.0
799,244,-1.0
1439,661,-1.0
1155,322,-1.0
61,64,1.0
1231,545,1.0
1152,272,1.0
1322,453,1.0
161,318,1.0
1354,637,-1.0
1260,633,1.0
1330,514,1.0
525,208,1.0
325,397,1.0
27,573,-1.0
1114,578,-1.0
152,456,-1.0
74,665,-1.0
50,12,-1.0
1114,55,-1.0
631,440,1.0
1393,334,-1.0
1393,506,1.0
413,400,1.0
1367,164,-1.0
1337,495,1.0
908,510,-1.0
549,551,-1.0
1114,555,-1.0
771,5,1.0
1393,406,1.0
928,246,-1.0
467,658,1.0
514,125,-1.0
1259,667,-1.0
1456,85,1.0
1230,66,-1.0
1070,200,1.0
1253,540,1.0
1017,569,-1.0
1147,332,-1.0
834,206,1.0
928,336,1.0
671,69,1.0
82,143,-1.0
1449,724,1.0
928,176,1.0
34,385,1.0
1281,397,-1.0
998,202,1.0
135,550,1.0
1114,547,-1.0
770,505,1.0
73,36,1.0
275,472,1.0
1065,632,-1.0
920,713,1.0
1354,165,1.0
928,294,1.0
1038,638,-1.0
1221,334,-1.0
1173,258,1.0
290,561,-1.0
1347,298,-1.0
148,574,1.0
1114,86,-1.0
971,568,1.0
928,427,1.0
1408,456,1.0
1216,523,1.0
309,272,-1.0
998,256,-1.0
289,721,1.0
692,148,-1.0
333,536,1.0
395,74,1.0
1440,230,-1.0
424,268,1.0
1294,5,1.0
545,27,-1.0
830,298,-1.0
678,691,1.0
225,313,1.0
153,502,1.0
396,604,1.0
914,600,1.0
282,4,1.0
1397,265,1.0
1369,605,-1.0
928,326,1.0
726,538,-1.0
806,55,-1.0
426,200,-1.0
745,25,-1.0
670,455,-1.0
1127,722,1.0
383,384,-1.0
817,158,1.0
998,532,-1.0
1285,15,-1.0
13,712,-1.0
807,98,1.0
998,80,-1.0
803,681,1.0
1241,718,-1.0
82,282,-1.0
759,388,-1.0
1420,526,-1.0
576,105,1.0
243,339,-1.0
144,481,1.0
846,296,1.0
569,563,1.0
245,685,1.0
726,680,1.0
1357,312,-1.0
573,231,-1.0
1238,641,-1.0
725,522,-1.0
431,715,-1.0
509,333,1.0
319,323,1.0
358,366,1.0
136,61,-1.0
998,46,-1.0
542,73,1.0
768,357,-1.0
534,707,1.0
71,392,-1.0
140,421,-1.0
1291,704,-1.0
725,185,-1.0
829,626,-1.0
254,479,-1.0
640,407,1.0
855,159,-1.0
1322,471,-1.0
781,550,-1.0
928,322,1.0
134,324,-1.0
1114,375,-1.0
1114,23,-1.0
630,403,-1.0
668,42,-1.0
856,240,-1.0
624,14,-1.0
1339,31,-1.0
1255,323,1.0
1333,564,-1.0
230,506,1.0
348,688,-1.0
1089,486,1.0
862,403,-1.0
46,441,1.0
232,20,-1.0
383,59,-1.0
1327,146,-1.0
649,227,1.0
1471,289,1.0
886,727,1.0
289,118,1.0
819,94,-1.0
228,258,-1.0
928,56,1.0
592,698,1.0
535,505,-1.0
673,547,-1.0
1188,101,-1.0
725,560,-1.0
928,82,1.0
1345,354,1.0
657,533,-1.0
348,525,1.0
1392,75,1.0
188,519,-1.0
742,572,1.0
1468,551,1.0
928,623,1.0
998,26,-1.0
1222,4,1.0
293,299,1.0
608,254,1.0
511,472,-1.0
640,436,1.0
1490,717,1.0
949,237,1.0
1410,298,1.0
319,310,1.0
928,650,1.0
345,123,1.0
1312,435,1.0
24,357,1.0
1191,260,-1.0
1114,2,-1.0
421,396,-1.0
241,461,-1.0
998,258,-1.0
611,317,-1.0
1028,553,-1.0
1116,586,1.0
1073,115,-1.0
134,620,-1.0
55,46,-1.0
529,182,1.0
773,201,-1.0
726,301,-1.0
1248,664,-1.0
151,285,1.0
682,262,-1.0
320,726,-1.0
1213,178,-1.0
947,515,-1.0
46,574,1.0
1114,238,-1.0
1196,190,-1.0
1386,368,1.0
893,50,1.0
641,350,-1.0
928,66,1.0
231,508,-1.0
1402,349,1.0
299,60,1.0
669,153,-1.0
1034,244,1.0
928,468,1.0
578,58,-1.0
928,655,1.0
1324,536,-1.0
1114,275,-1.0
101,498,1.0
628,280,-1.0
640,423,1.0
738,252,1.0
1281,202,-1.0
133,342,-1.0
564,408,1.0
1114,676,-1.0
1114,682,-1.0
655,64,1.0
603,299,-1.0
609,624,1.0
313,257,-1.0
1093,397,-1.0
161,377,1.0
846,64,1.0
825,685,-1.0
434,665,-1.0
864,470,-1.0
635,497,1.0
1114,474,-1.0
725,363,-1.0
877,186,-1.0
102,596,-1.0
982,679,-1.0
1333,146,1.0
21,621,1.0
282,726,1.0
443,513,-1.0
175,565,1.0
884,335,1.0
735,349,-1.0
969,566,1.0
490,378,-1.0
595,462,1.0
857,573,1.0
172,307,1.0
1059,324,-1.0
294,704,1.0
1356,101,1.0
928,385,1.0
683,693,-1.0
928,129,1.0
289,534,1.0
96,648,-1.0
1052,692,-1.0
941,200,-1.0
607,572,-1.0
1047,317,-1.0
1052,102,-1.0
426,441,-1.0
1316,315,-1.0
1376,30,1.0
554,186,1.0
19,196,1.0
1398,636,-1.0
1019,219,-1.0
1218,658,-1.0
938,407,1.0
928,578,1.0
872,581,1.0
599,83,-1.0
658,159,1.0
339,226,1.0
928,257,1.0
161,727,1.0
261,238,1.0
1210,611,-1.0
216,559,-1.0
1117,27,-1.0
46,506,1.0
328,538,1.0
1378,113,-1.0
37,169,1.0
1261,363,-1.0
282,715,1.0
928,184,1.0
1237,104,-1.0
418,462,1.0
998,484,-1.0
1206,17,-1.0
772,560,-1.0
823,289,-1.0
1482,614,-1.0
995,528,1.0
621,154,-1.0
784,162,1.0
1368,44,-1.0
1069,127,-1.0
733,625,-1.0
493,598,1.0
519,518,1.0
1302,133,1.0
283,687,-1.0
1172,251,1.0
7,416,-1.0
771,525,1.0
998,131,-1.0
1336,361,1.0
1368,640,-1.0
928,530,1.0
519,703,-1.0
1114,331,-1.0
382,344,-1.0
478,679,1.0
1082,3,1.0
565,458,-1.0
489,533,-1.0
893,634,1.0
1059,248,1.0
725,423,-1.0
526,376,-1.0
1381,493,-1.0
893,271,1.0
171,410,1.0
819,498,-1.0
96,506,-1.0
1378,498,1.0
715,509,-1.0
528,436,1.0
728,87,-1.0
1050,529,-1.0
229,444,1.0
150,150,1.0
310,570,1.0
1419,588,-1.0
489,133,-1.0
461,170,-1.0
1215,256,1.0
560,725,1.0
1297,236,-1.0
1224,633,1.0
725,471,-1.0
303,511,-1.0
711,127,1.0
555,560,-1.0
820,226,1.0
386,517,1.0
198,490,-1.0
893,363,1.0
1243,714,1.0
360,66,1.0
684,188,-1.0
1412,553,-1.0
425,74,-1.0
512,172,-1.0
63,535,1.0
998,135,-1.0
640,485,1.0
1094,45,-1.0
1227,664,-1.0
1081,437,-1.0
406,119,-1.0
1067,591,-1.0
83,355,1.0
774,26,-1.0
1450,45,1.0
107,492,-1.0
1019,558,1.0
49,596,1.0
198,552,-1.0
998,353,-1.0
718,44,1.0
573,165,-1.0
892,341,1.0
435,162,-1.0
528,132,-1.0
173,438,-1.0
725,17,-1.0
1423,547,1.0
640,500,1.0
1396,198,1.0
718,640,1.0
1379,13,-1.0
426,506,-1.0
733,115,-1.0
539,61,-1.0
588,146,-1.0
194,462,1.0
377,485,1.0
762,674,-1.0
224,135,1.0
1114,244,-1.0
980,572,-1.0
752,622,-1.0
781,111,1.0
232,680,-1.0
79,177,1.0
932,28,1.0
571,233,1.0
1134,91,1.0
1335,7,1.0
1170,447,1.0
1064,81,1.0
637,422,1.0
520,676,1.0
1413,696,-1.0
192,683,1.0
54,39,-1.0
181,434,1.0
165,50,-1.0
823,532,1.0
688,535,-1.0
289,280,1.0
797,475,-1.0
539,138,-1.0
928,543,1.0
791,682,1.0
852,226,1.0
749,441,1.0
414,281,-1.0
1132,290,-1.0
769,510,1.0
1368,622,-1.0
632,395,1.0
895,476,1.0
446,489,-1.0
609,566,-1.0
1378,418,1.0
58,657,1.0
928,380,1.0
1201,487,1.0
1249,416,1.0
1406,316,1.0
711,35,1.0
310,346,1.0
1144,240,1.0
272,307,-1.0
550,587,-1.0
984,1,-1.0
928,105,1.0
177,226,1.0
972,382,-1.0
928,53,1.0
1329,524,1.0
1059,226,1.0
1287,92,1.0
1212,612,1.0
622,411,-1.0
893,626,1.0
1346,184,-1.0
1281,499,1.0
216,433,-1.0
1114,239,-1.0
673,646,-1.0
1407,106,-1.0
311,654,1.0
316,224,1.0
1468,286,-1.0
1114,326,-1.0
902,367,-1.0
1352,594,1.0
1078,596,-1.0
639,205,-1.0
289,38,1.0
928,204,1.0
1230,463,-1.0
298,596,1.0
292,356,1.0
733,28,1.0
1130,330,-1.0
893,302,1.0
897,35,-1.0
1119,415,1.0
372,168,1.0
845,401,-1.0
1244,79,1.0
999,114,1.0
362,102,-1.0
161,46,1.0
46,303,1.0
618,376,-1.0
1198,320,-1.0
247,59,1.0
235,462,1.0
1344,590,1.0
1221,62,1.0
928,137,1.0
1114,712,-1.0
25,197,-1.0
615,286,-1.0
267,486,1.0
1268,118,-1.0
1378,187,1.0
1349,82,1.0
725,647,-1.0
474,531,-1.0
1029,49,1.0
1396,100,-1.0
928,463,1.0
825,399,-1.0
1302,445,-1.0
179,575,-1.0
1294,525,-1.0
1059,206,-1.0
289,194,1.0
527,253,1.0
1126,88,-1.0
280,343,1.0
485,433,1.0
201,337,-1.0
978,668,1.0
316,645,1.0
1411,242,1.0
316,189,1.0
1164,359,-1.0
444,583,1.0
1114,322,-1.0
1148,367,1.0
1343,436,-1.0
1350,268,-1.0
660,610,-1.0
365,274,-1.0
998,35,-1.0
870,489,1.0
923,144,-1.0
424,392,-1.0
124,14,1.0
928,487,1.0
1105,721,-1.0
217,331,-1.0
270,195,-1.0
983,608,-1.0
986,327,1.0
1280,400,-1.0
819,460,-1.0
845,570,-1.0
780,57,-1.0
22,636,1.0
1162,642,-1.0
658,647,1.0
928,489,1.0
1042,329,-1.0
846,545,1.0
301,678,1.0
1234,564,1.0
96,495,-1.0
476,21,1.0
883,349,-1.0
1114,623,-1.0
1194,193,-1.0
1103,18,-1.0
573,442,1.0
1191,306,-1.0
658,398,1.0
1047,188,1.0
190,287,1.0
805,381,1.0
41,625,-1.0
66,699,-1.0
640,222,1.0
798,228,1.0
623,595,-1.0
998,299,-1.0
446,176,-1.0
1248,279,-1.0
319,663,1.0
991,179,-1.0
531,159,1.0
930,544,1.0
1339,713,-1.0
383,192,1.0
663,360,1.0
733,82,-1.0
893,459,-1.0
1174,105,-1.0
900,25,1.0
758,228,-1.0
210,110,-1.0
156,590,-1.0
1114,565,-1.0
1019,694,-1.0
819,191,-1.0
1275,50,1.0
174,206,-1.0
441,255,1.0
1378,191,1.0
30,325,1.0
61,701,-1.0
567,247,1.0
658,219,1.0
912,128,-1.0
277,297,-1.0
31,721,1.0
483,396,-1.0
506,203,-1.0
651,116,-1.0
1094,365,1.0
1269,565,-1.0
1446,501,1.0
277,271,-1.0
804,402,1.0
402,488,1.0
328,482,1.0
836,207,-1.0
932,246,1.0
1114,655,-1.0
727,363,1.0
859,465,-1.0
80,691,-1.0
51,253,1.0
780,603,1.0
335,43,-1.0
1108,231,1.0
104,38,1.0
561,127,1.0
985,727,-1.0
803,240,1.0
415,175,1.0
851,284,1.0
86,137,1.0
852,553,-1.0
659,354,1.0
559,625,1.0
998,605,-1.0
204,281,-1.0
1313,630,1.0
578,151,1.0
1114,475,-1.0
893,647,1.0
723,79,-1.0
1361,178,1.0
289,699,1.0
1263,398,-1.0
1445,271,-1.0
45,650,1.0
819,21,-1.0
1173,225,-1.0
64,79,-1.0
952,495,-1.0
1400,579,1.0
1466,695,-1.0
529,552,1.0
928,293,1.0
1025,195,1.0
871,355,-1.0
1062,496,1.0
725,295,-1.0
893,398,1.0
729,134,1.0
928,556,1.0
1114,385,-1.0
928,70,1.0
1114,542,-1.0
302,18,1.0
880,324,1.0
466,1,-1.0
592,379,-1.0
629,194,-1.0
646,46,1.0
30,371,-1.0
529,390,1.0
184,504,1.0
246,168,-1.0
555,431,1.0
911,219,-1.0
591,12,1.0
724,215,1.0
940,515,-1.0
1378,534,1.0
878,364,1.0
205,549,-1.0
1493,125,1.0
1232,649,-1.0
1248,577,1.0
893,219,1.0
928,362,1.0
1480,475,1.0
454,38,-1.0
1466,87,1.0
487,509,1.0
1331,709,1.0
1063,190,1.0
208,491,-1.0
168,277,1.0
423,161,1.0
1410,206,-1.0
1203,124,-1.0
867,289,1.0
289,418,1.0
922,317,1.0
376,19,-1.0
808,156,-1.0
276,628,1.0
725,393,-1.0
658,185,1.0
1123,707,-1.0
809,30,1.0
226,296,1.0
541,566,1.0
936,118,-1.0
937,207,1.0
839,567,1.0
551,266,1.0
1442,445,1.0
585,135,-1.0
928,242,1.0
928,679,1.0
581,684,1.0
813,229,-1.0
928,602,1.0
90,418,-1.0
1224,149,-1.0
1197,643,1.0
696,686,-1.0
1035,349,1.0
1135,290,-1.0
347,402,1.0
99,540,-1.0
121,295,1.0
334,701,-1.0
928,93,1.0
640,705,1.0
646,554,1.0
265,651,1.0
816,248,1.0
293,493,1.0
1023,205,-1.0
1115,615,1.0
393,94,-1.0
928,239,1.0
917,343,1.0
710,637,1.0
1002,591,1.0
1206,469,1.0
1483,111,-1.0
928,519,1.0
317,73,-1.0
765,548,1.0
218,591,1.0
1010,611,1.0
214,140,1.0
183,219,1.0
725,207,-1.0
484,589,-1.0
1152,42,1.0
987,641,-1.0
1270,462,1.0
928,243,1.0
634,551,1.0
689,427,-1.0
1150,487,-1.0
1437,530,1.0
1011,666,-1.0
589,311,-1.0
1114,618,-1.0
1061,379,1.0
202,121,1.0
819,223,-1.0
1378,223,1.0
480,294,-1.0
1068,203,1.0
740,490,1.0
693,164,1.0
284,297,-1.0
930,213,1.0
690,531,-1.0
308,326,1.0
289,187,1.0
1334,279,1.0
328,212,1.0
827,395,-1.0
1089,412,1.0
126,551,-1.0
1114,588,-1.0
1055,85,-1.0
375,461,1.0
893,295,1.0
314,541,1.0
725,573,-1.0
998,272,-1.0
928,712,1.0
893,193,1.0
658,634,1.0
243,458,-1.0
741,425,-1.0
242,277,-1.0
614,531,-1.0
1342,372,-1.0
793,558,1.0
241,40,1.0
186,276,1.0
545,181,1.0
779,221,1.0
658,50,1.0
957,574,-1.0
698,53,-1.0
540,181,-1.0
779,32,-1.0
340,62,-1.0
562,308,1.0
928,690,1.0
51,443,1.0
1350,392,1.0
1394,111,-1.0
877,24,-1.0
319,348,1.0
408,603,-1.0
973,380,1.0
18,161,1.0
1212,657,-1.0
796,172,1.0
529,410,1.0
1223,104,-1.0
893,560,1.0
615,171,1.0
500,65,-1.0
300,81,-1.0
866,90,1.0
1169,343,1.0
237,22,-1.0
316,401,1.0
1114,480,-1.0
1075,573,1.0
69,493,-1.0
725,141,-1.0
1258,161,-1.0
502,144,1.0
3,455,1.0
161,141,1.0
4,184,1.0
573,654,-1.0
75,149,1.0
202,716,-1.0
547,659,-1.0
293,59,-1.0
874,394,-1.0
945,6,-1.0
845,426,1.0
928,37,1.0
725,74,-1.0
879,430,1.0
572,546,-1.0
1224,302,1.0
1333,310,-1.0
585,408,1.0
928,466,1.0
430,499,-1.0
822,569,-1.0
844,61,1.0
339,226,-1.0
87,49,1.0
92,208,-1.0
1327,345,1.0
75,147,-1.0
1491,719,1.0
893,207,1.0
928,565,1.0
1041,672,-1.0
1015,652,-1.0
1247,157,-1.0
413,171,-1.0
77,536,-1.0
1131,249,1.0
1466,144,-1.0
1204,64,-1.0
1368,241,-1.0
998,419,-1.0
950,321,1.0
423,198,-1.0
606,283,1.0
851,260,1.0
1278,399,1.0
369,108,1.0
285,460,1.0
221,347,-1.0
313,578,-1.0
1059,206,1.0
88,689,-1.0
156,268,1.0
1378,38,1.0
1114,606,-1.0
419,630,1.0
773,344,-1.0
238,84,-1.0
1114,76,-1.0
1054,513,1.0
1019,527,1.0
763,393,1.0
491,351,-1.0
1266,462,1.0
1346,313,-1.0
1059,248,-1.0
46,200,1.0
236,662,-1.0
672,394,-1.0
1114,137,-1.0
141,386,-1.0
733,539,-1.0
893,442,1.0
928,374,1.0
322,543,-1.0
658,297,1.0
1472,117,-1.0
1010,391,-1.0
735,107,1.0
928,266,1.0
130,417,-1.0
974,177,-1.0
658,271,1.0
181,360,1.0
1358,497,-1.0
395,68,-1.0
1179,521,-1.0
140,364,1.0
928,542,1.0
998,704,-1.0
202,142,1.0
1002,368,1.0
819,22,-1.0
216,89,-1.0
59,157,-1.0
1309,403,-1.0
356,460,-1.0
921,641,-1.0
1152,131,1.0
1093,202,-1.0
458,296,1.0
1193,420,-1.0
161,485,1.0
928,614,1.0
443,337,1.0
50,669,-1.0
743,446,1.0
167,88,1.0
1052,47,-1.0
26,209,-1.0
69,267,1.0
845,346,-1.0
532,442,-1.0
788,291,-1.0
640,522,1.0
155,544,-1.0
702,571,-1.0
725,592,-1.0
185,617,1.0
75,186,-1.0
802,194,1.0
79,416,-1.0
718,241,1.0
277,470,1.0
1346,561,1.0
293,253,-1.0
339,324,1.0
46,406,1.0
580,645,1.0
830,136,1.0
314,139,-1.0
807,566,-1.0
291,42,1.0
941,648,-1.0
469,304,-1.0
161,299,1.0
1040,97,1.0
695,200,-1.0
634,584,1.0
1363,536,-1.0
744,573,1.0
998,600,-1.0
1393,495,1.0
1447,599,-1.0
1348,88,-1.0
505,184,-1.0
127,93,1.0
40,15,-1.0
1370,646,1.0
981,305,-1.0
35,425,1.0
1241,172,-1.0
85,199,1.0
451,539,-1.0
200,429,1.0
1114,158,-1.0
717,261,1.0
658,251,1.0
928,55,1.0
725,626,-1.0
860,54,1.0
639,595,1.0
626,725,-1.0
959,233,-1.0
161,705,1.0
216,371,-1.0
14,322,1.0
819,118,-1.0
1378,118,1.0
221,659,1.0
316,488,1.0
761,377,-1.0
493,643,1.0
681,374,1.0
67,224,-1.0
705,655,1.0
893,249,1.0
824,665,1.0
800,411,1.0
1174,668,-1.0
141,346,1.0
941,506,-1.0
1311,606,-1.0
928,588,1.0
888,397,1.0
1299,223,-1.0
998,195,-1.0
355,367,-1.0
818,180,1.0
617,670,-1.0
422,422,-1.0
658,409,1.0
113,424,1.0
479,255,-1.0
145,320,1.0
1286,170,1.0
1156,690,1.0
1066,527,-1.0
964,703,1.0
96,574,-1.0
807,622,1.0
1037,645,-1.0
381,468,-1.0
399,252,1.0
1192,226,1.0
18,584,-1.0
964,386,1.0
28,220,-1.0
1114,556,-1.0
640,377,1.0
232,308,-1.0
353,669,1.0
998,720,-1.0
227,546,1.0
323,173,-1.0
930,348,-1.0
408,57,1.0
84,75,-1.0
1098,312,-1.0
407,460,-1.0
116,549,1.0
1410,145,-1.0
404,54,-1.0
928,586,1.0
1189,693,1.0
73,426,-1.0
969,681,1.0
1368,714,-1.0
463,336,1.0
1389,656,-1.0
102,603,1.0
1,214,-1.0
426,406,-1.0
502,612,1.0
23,332,-1.0
1357,358,-1.0
326,486,-1.0
1417,627,1.0
1485,267,-1.0
319,213,1.0
819,329,-1.0
1378,329,1.0
1114,69,-1.0
658,516,1.0
1226,409,-1.0
1378,460,1.0
928,480,1.0
783,726,-1.0
1368,117,-1.0
942,16,-1.0
564,577,-1.0
1162,581,-1.0
545,169,-1.0
529,391,1.0
1399,72,1.0
232,212,-1.0
686,649,1.0
1384,476,-1.0
232,90,-1.0
1322,452,1.0
47,317,-1.0
1006,365,1.0
873,602,-1.0
180,524,1.0
587,588,1.0
1489,610,1.0
524,325,-1.0
719,121,1.0
32,369,-1.0
206,371,1.0
55,78,1.0
1114,602,-1.0
198,580,-1.0
278,363,-1.0
847,351,1.0
881,351,-1.0
1000,271,1.0
163,403,1.0
1031,114,-1.0
725,332,-1.0
133,599,-1.0
726,122,-1.0
445,62,1.0
1393,630,-1.0
1044,424,-1.0
555,83,-1.0
271,493,1.0
1152,575,1.0
412,72,-1.0
1348,145,1.0
1104,174,-1.0
363,210,-1.0
1114,53,-1.0
1190,401,-1.0
583,394,1.0
932,561,1.0
1339,282,-1.0
1357,629,1.0
1114,519,-1.0
1118,536,-1.0
211,578,1.0
1281,443,1.0
289,125,1.0
1375,317,-1.0
928,65,1.0
725,263,-1.0
37,181,-1.0
845,645,-1.0
805,703,1.0
582,233,1.0
1365,701,1.0
161,222,1.0
810,653,1.0
371,214,-1.0
1128,339,-1.0
409,397,-1.0
1463,647,-1.0
1036,65,1.0
1353,31,-1.0
51,496,1.0
725,356,-1.0
359,454,-1.0
899,656,1.0
142,102,1.0
805,381,-1.0
1002,160,1.0
1276,316,-1.0
108,249,-1.0
5,406,-1.0
893,516,1.0
748,194,-1.0
928,12,1.0
312,70,1.0
915,389,-1.0
1137,554,1.0
27,652,1.0
1207,99,-1.0
969,486,1.0
673,556,-1.0
555,11,1.0
504,365,1.0
1157,640,-1.0
733,243,-1.0
137,457,1.0
1364,232,-1.0
555,150,1.0
361,329,1.0
640,471,1.0
782,591,1.0
1449,446,1.0
323,639,-1.0
193,641,1.0
539,318,-1.0
792,720,1.0
998,677,1.0
725,398,-1.0
896,481,-1.0
1114,690,-1.0
6,525,-1.0
962,288,-1.0
667,388,1.0
1312,635,1.0
662,128,-1.0
1366,424,1.0
700,457,1.0
154,471,1.0
819,721,-1.0
448,34,1.0
845,444,-1.0
1032,22,1.0
1027,131,-1.0
699,577,-1.0
726,482,-1.0
721,314,-1.0
406,548,1.0
1390,73,-1.0
379,216,-1.0
1344,635,-1.0
732,504,1.0
208,473,1.0
488,467,-1.0
928,474,1.0
22,428,-1.0
990,352,-1.0
690,451,1.0
928,526,1.0
658,287,1.0
880,324,-1.0
893,332,1.0
187,354,-1.0
1114,37,-1.0
345,254,1.0
240,315,1.0
1100,415,-1.0
1489,634,-1.0
232,687,-1.0
1114,336,-1.0
1282,396,-1.0
998,694,1.0
257,405,-1.0
1283,601,1.0
492,462,1.0
880,141,1.0
905,421,-1.0
1114,466,-1.0
889,47,1.0
820,513,-1.0
998,127,-1.0
52,399,-1.0
1290,86,-1.0
16,705,1.0
1114,294,-1.0
928,362,-1.0
998,254,-1.0
1365,71,-1.0
928,158,1.0
928,134,1.0
1091,450,1.0
281,329,-1.0
1339,608,-1.0
1074,719,1.0
941,495,-1.0
283,301,1.0
32,473,1.0
616,715,1.0
1312,138,1.0
887,375,1.0
1013,317,-1.0
1126,500,1.0
846,429,1.0
789,621,-1.0
138,113,1.0
584,167,-1.0
1052,119,1.0
998,485,-1.0
96,406,-1.0
1397,567,-1.0
251,389,1.0
1272,661,1.0
533,264,1.0
885,340,1.0
405,37,1.0
154,453,-1.0
1018,396,-1.0
998,107,-1.0
305,498,-1.0
98,270,1.0
893,159,1.0
1125,466,1.0
676,324,-1.0
191,457,1.0
725,659,-1.0
743,689,-1.0
1338,29,-1.0
1401,456,-1.0
783,328,-1.0
539,635,-1.0
332,44,1.0
515,80,1.0
0,677,-1.0
709,126,-1.0
107,432,-1.0
893,287,1.0
1117,7,1.0
1424,409,-1.0
310,518,1.0
472,345,-1.0
452,666,1.0
1114,270,-1.0
928,304,1.0
1100,681,-1.0
893,17,1.0
1457,396,-1.0
1152,631,-1.0
34,467,1.0
139,405,1.0
1114,293,-1.0
119,579,-1.0
1152,258,1.0
471,331,1.0
636,332,1.0
457,156,-1.0
1142,540,1.0
388,356,-1.0
488,385,-1.0
677,182,-1.0
819,125,-1.0
1393,648,1.0
1028,103,-1.0
110,231,-1.0
189,462,-1.0
198,390,-1.0
928,646,1.0
928,255,1.0
364,400,-1.0
1149,466,-1.0
664,463,1.0
1432,100,1.0
994,521,-1.0
578,649,1.0
245,688,1.0
1114,449,-1.0
903,483,-1.0
1024,702,-1.0
1460,295,-1.0
1077,542,1.0
248,11,-1.0
431,4,-1.0
164,1,-1.0
778,205,1.0
1076,103,1.0
950,412,-1.0
103,90,-1.0
1467,514,-1.0
394,590,-1.0
726,212,-1.0
1377,264,-1.0
846,273,-1.0
1202,183,1.0
477,370,-1.0
726,477,-1.0
1474,372,1.0
654,191,-1.0
286,97,-1.0
289,13,1.0
646,26,1.0
998,95,-1.0
928,557,1.0
1114,650,-1.0
1114,679,-1.0
1,132,1.0
232,301,-1.0
1213,555,-1.0
589,553,1.0
1164,54,-1.0
176,480,-1.0
1401,632,-1.0
903,139,1.0
147,524,1.0
431,448,1.0
600,709,-1.0
1312,276,1.0
56,285,-1.0
319,285,1.0
1403,133,-1.0
845,189,-1.0
1444,598,-1.0
449,226,1.0
1307,563,-1.0
998,9,-1.0
539,620,-1.0
1423,556,1.0
384,115,1.0
755,74,1.0
661,250,1.0
1233,185,-1.0
610,52,1.0
1291,443,1.0
429,517,-1.0
753,319,-1.0
1264,242,-1.0
725,454,-1.0
1114,166,-1.0
620,674,1.0
1086,685,1.0
1187,218,1.0
536,503,1.0
666,726,1.0
1343,6,1.0
1340,587,1.0
648,716,1.0
198,8,-1.0
1460,237,1.0
928,674,1.0
967,675,1.0
1324,164,-1.0
1031,142,-1.0
513,562,1.0
1001,345,-1.0
1227,405,1.0
1479,699,1.0
1114,153,-1.0
845,140,-1.0
998,320,-1.0
1449,120,-1.0
1035,41,-1.0
150,576,-1.0
532,32,1.0
691,176,1.0
1321,98,1.0
547,314,1.0
1152,484,1.0
370,417,-1.0
1280,367,-1.0
965,558,-1.0
718,117,1.0
538,562,-1.0
485,559,-1.0
0,694,1.0
1441,386,1.0
89,294,1.0
1334,408,-1.0
764,450,-1.0
186,478,-1.0
555,644,1.0
1298,67,1.0
998,123,-1.0
1063,368,-1.0
898,663,-1.0
58,144,-1.0
998,575,-1.0
910,421,-1.0
1338,580,-1.0
849,16,-1.0
1378,22,1.0
834,141,-1.0
125,153,1.0
1039,484,1.0
1448,344,1.0
1056,630,-1.0
1339,489,-1.0
1178,380,-1.0
998,628,-1.0
677,404,-1.0
555,414,-1.0
1114,586,-1.0
269,211,-1.0
841,236,-1.0
1166,267,-1.0
1333,619,-1.0
658,249,1.0
9,124,-1.0
1196,368,1.0
74,97,1.0
998,211,-1.0
754,413,-1.0
948,724,1.0
442,658,1.0
988,72,1.0
1246,439,1.0
928,511,1.0
274,397,-1.0
216,439,-1.0
675,510,1.0
1415,110,1.0
775,142,-1.0
198,410,-1.0
345,549,1.0
928,282,1.0
455,273,-1.0
604,364,1.0
289,585,1.0
584,96,1.0
67,339,1.0
1007,470,1.0
1195,663,1.0
598,427,1.0
1385,689,1.0
659,691,1.0
612,187,-1.0
1449,327,1.0
1192,513,-1.0
814,360,-1.0
1090,375,-1.0
573,36,-1.0
1339,447,-1.0
336,2,1.0
875,595,-1.0
1151,718,-1.0
1185,447,-1.0
885,716,-1.0
998,549,-1.0
1314,683,-1.0
337,179,1.0
647,700,-1.0
1492,220,1.0
451,93,-1.0
1174,293,-1.0
464,9,1.0
316,339,1.0
1204,273,1.0
1256,319,-1.0
232,218,-1.0
523,397,1.0
345,693,1.0
1320,48,-1.0
725,39,-1.0
568,533,-1.0
951,109,-1.0
431,328,-1.0
28,148,1.0
232,315,-1.0
1288,507,-1.0
339,324,-1.0
316,444,1.0
756,108,-1.0
928,467,1.0
1327,47,-1.0
1003,535,-1.0
61,684,1.0
428,696,1.0
725,408,-1.0
998,693,-1.0
648,121,-1.0
893,356,1.0
303,676,-1.0
998,384,-1.0
1177,163,1.0
122,192,-1.0
1362,0,1.0
434,347,1.0
283,300,1.0
928,143,1.0
1009,519,1.0
70,264,1.0
555,507,1.0
638,590,-1.0
1426,437,1.0
665,40,-1.0
801,124,1.0
562,660,1.0
1372,464,-1.0
1390,218,-1.0
275,341,-1.0
704,613,1.0
1368,116,-1.0
328,477,1.0
730,191,-1.0
979,562,1.0
1080,187,1.0
273,334,1.0
266,7,-1.0
929,413,1.0
83,708,1.0
1113,601,-1.0
928,437,1.0
718,402,1.0
882,635,1.0
196,420,-1.0
928,607,1.0
65,342,-1.0
521,15,1.0
549,421,1.0
232,482,-1.0
539,550,-1.0
580,444,-1.0
1304,40,-1.0
233,554,-1.0
1351,103,1.0
1114,661,-1.0
319,91,1.0
863,697,1.0
928,713,1.0
996,702,-1.0
465,607,-1.0
295,545,1.0
1382,490,-1.0
998,78,-1.0
319,371,1.0
105,279,-1.0
1204,684,-1.0
720,615,-1.0
711,225,-1.0
30,232,1.0
61,71,1.0
758,82,-1.0
259,403,-1.0
877,306,-1.0
102,77,-1.0
543,52,-1.0
826,655,-1.0
20,223,-1.0
806,713,-1.0
539,442,-1.0
570,265,-1.0
1378,94,1.0
80,613,-1.0
1109,75,1.0
1317,216,1.0
1114,722,-1.0
1165,19,1.0
1093,609,1.0
43,128,1.0
268,96,-1.0
117,230,1.0
924,278,-1.0
93,51,1.0
669,530,-1.0
861,190,-1.0
161,144,1.0
1114,543,-1.0
970,318,1.0
76,512,-1.0
350,216,1.0
1320,236,1.0
1152,180,-1.0
953,227,-1.0
1030,597,-1.0
686,10,-1.0
969,415,1.0
989,537,-1.0
433,117,1.0
325,202,1.0
370,652,-1.0
555,340,-1.0
640,141,1.0
1373,560,1.0
1120,601,-1.0
644,76,-1.0
676,324,1.0
733,526,-1.0
1102,641,-1.0
928,617,1.0
819,194,-1.0
1114,199,-1.0
96,441,-1.0
1378,194,1.0
555,114,-1.0
928,313,1.0
1318,119,-1.0
1464,414,-1.0
928,166,1.0
398,464,1.0
640,74,1.0
643,350,-1.0
1124,214,-1.0
344,711,-1.0
1022,168,-1.0
757,148,-1.0
998,658,-1.0
741,80,1.0
529,8,1.0
401,23,-1.0
535,92,1.0
1267,201,1.0
249,214,-1.0
1455,377,1.0
123,681,-1.0
1052,619,-1.0
658,332,1.0
725,110,-1.0
807,675,1.0
576,293,1.0
1121,10,-1.0
725,377,-1.0
1114,178,-1.0
1139,476,-1.0
1048,529,1.0
597,690,-1.0
674,628,-1.0
1180,533,1.0
1459,640,1.0
1114,710,-1.0
877,284,-1.0
725,516,-1.0
1394,550,1.0
212,234,1.0
479,583,-1.0
1445,629,1.0
105,577,1.0
951,541,-1.0
1456,133,-1.0
725,481,-1.0
540,138,1.0
1051,428,-1.0
2,80,-1.0
713,458,1.0
319,60,1.0
57,362,1.0
1000,120,-1.0
499,24,1.0
319,544,1.0
17,21,-1.0
893,185,1.0
260,438,1.0
1236,408,1.0
1114,304,-1.0
132,621,1.0
735,452,1.0
1021,512,-1.0
426,648,-1.0
840,575,1.0
354,537,-1.0
193,343,-1.0
26,77,-1.0
319,433,1.0
1378,721,1.0
1133,407,-1.0
725,485,-1.0
391,320,1.0
198,700,-1.0
198,502,-1.0
928,28,-1.0
1114,583,-1.0
161,471,1.0
1429,152,-1.0
1052,564,-1.0
658,363,1.0
1078,209,1.0
638,408,1.0
941,574,-1.0
927,113,-1.0
1130,666,1.0
747,672,1.0
1234,717,-1.0
370,573,1.0
320,328,1.0
129,13,-1.0
684,317,1.0
46,372,1.0
726,173,1.0
96,200,-1.0
161,603,1.0
835,33,1.0
960,515,1.0
697,697,-1.0
1004,429,1.0
928,152,1.0
203,7,1.0
625,361,-1.0
198,391,-1.0
1166,633,-1.0
33,202,1.0
234,420,1.0
890,511,1.0
342,216,-1.0
216,310,-1.0
368,50,-1.0
94,517,-1.0
786,35,1.0
1068,78,-1.0
1428,63,1.0
389,429,1.0
846,684,1.0
155,213,-1.0
928,450,1.0
1152,605,1.0
906,337,1.0
944,138,-1.0
928,593,1.0
232,122,-1.0
998,709,-1.0
162,27,1.0
807,681,-1.0
1341,360,-1.0
971,57,-1.0
966,507,1.0
969,412,1.0
694,395,-1.0
658,592,1.0
928,497,1.0
112,162,-1.0
345,419,1.0
206,643,-1.0
613,143,1.0
96,372,-1.0
1052,548,-1.0
1259,698,-1.0
725,297,-1.0
928,479,1.0
1199,83,1.0
216,520,-1.0
877,245,-1.0
1114,65,-1.0
166,358,-1.0
15,449,-1.0
80,514,-1.0
1274,333,-1.0
1254,602,1.0
232,660,-1.0
596,722,-1.0
357,382,1.0
7,603,1.0
1361,555,1.0
178,557,1.0
1316,20,1.0
819,418,-1.0
1238,343,1.0
565,224,1.0
893,481,1.0
516,30,-1.0
652,365,-1.0
928,373,1.0
933,22,-1.0
267,246,-1.0
928,230,1.0
998,67,-1.0
158,673,-1.0
383,443,-1.0
508,239,-1.0
998,165,1.0
1114,262,-1.0
733,204,-1.0
364,584,1.0
1290,129,-1.0
1220,303,-1.0
871,708,-1.0
315,537,1.0
1114,492,-1.0
1249,568,-1.0
850,723,1.0
930,91,-1.0
473,134,-1.0
81,107,-1.0
1351,500,-1.0
928,661,1.0
298,77,1.0
893,592,1.0
426,372,-1.0
739,145,-1.0
529,490,1.0
776,109,1.0
1172,263,-1.0
928,682,1.0
553,405,1.0
726,639,1.0
246,576,1.0
578,318,1.0
928,606,1.0
1360,607,1.0
594,334,1.0
197,671,-1.0
161,612,1.0
722,387,-1.0
928,76,1.0
392,516,-1.0
1346,134,-1.0
330,341,1.0
1454,376,1.0
928,722,1.0
861,160,1.0
916,156,1.0
1409,330,-1.0
1483,226,1.0
660,391,1.0
39,49,-1.0
819,187,-1.0
440,593,-1.0
1163,118,1.0
51,384,1.0
558,502,-1.0
1153,662,1.0
697,552,1.0
138,161,1.0
1052,717,-1.0
1339,427,-1.0
1141,56,1.0
84,106,-1.0
1114,242,-1.0
1114,176,-1.0
733,511,-1.0
1245,604,-1.0
544,54,-1.0
530,343,1.0
605,137,-1.0
250,617,-1.0
548,483,1.0
733,487,-1.0
1204,429,-1.0
61,719,1.0
243,224,-1.0
279,281,1.0
72,398,1.0
223,68,-1.0
1194,68,1.0
1114,93,-1.0
1059,145,1.0
653,653,-1.0
345,52,1.0
1458,67,1.0
893,297,1.0
919,480,1.0
443,226,1.0
790,211,1.0
258,8,-1.0
522,374,-1.0
1395,58,1.0
495,247,-1.0
8,684,1.0
1114,467,-1.0
851,306,1.0
761,222,-1.0
161,532,1.0
243,292,1.0
566,570,1.0
493,325,1.0
462,685,-1.0
588,245,-1.0
1247,389,-1.0
1328,95,-1.0
725,219,-1.0
928,154,1.0
975,235,1.0
592,259,1.0
411,227,-1.0
877,260,-1.0
161,459,1.0
1336,415,-1.0
220,432,1.0
296,378,1.0
928,51,1.0
1252,697,-1.0
345,195,1.0
1167,600,-1.0
1339,437,-1.0
169,622,1.0
656,304,1.0
578,672,-1.0
1100,566,-1.0
954,614,1.0
928,710,1.0
1136,330,1.0
345,353,1.0
725,43,-1.0
541,240,-1.0
832,305,1.0
641,576,1.0
725,638,-1.0
1380,152,1.0
1245,112,1.0
539,404,-1.0
588,323,-1.0
1168,155,1.0
951,139,-1.0
904,662,-1.0
1277,526,1.0
658,469,1.0
555,600,1.0
289,22,1.0
328,122,1.0
373,248,-1.0
1175,126,1.0
995,522,-1.0
1095,25,1.0
998,683,-1.0
963,353,1.0
207,398,-1.0
161,78,1.0
1114,607,-1.0
994,704,1.0
1402,521,1.0
1256,445,1.0
387,55,1.0
1062,435,-1.0
1205,383,-1.0
945,405,1.0
529,700,1.0
1405,94,-1.0
1228,468,1.0
811,417,-1.0
529,502,1.0
1281,633,-1.0
918,158,-1.0
928,583,1.0
1339,668,-1.0
1296,703,-1.0
1374,350,1.0
1339,380,-1.0
209,559,1.0
1049,696,-1.0
1296,386,-1.0
663,434,1.0
96,303,-1.0
1017,307,-1.0
1368,675,-1.0
162,104,-1.0
1402,79,1.0
146,465,1.0
493,232,1.0
808,261,-1.0
1071,406,1.0
1449,235,1.0
1371,592,1.0
1015,577,1.0
410,155,1.0
277,425,1.0
503,16,1.0
795,644,-1.0
838,666,-1.0
470,89,1.0
939,175,1.0
1033,29,1.0
712,390,1.0
734,582,-1.0
1446,667,1.0
483,523,-1.0
177,136,-1.0
432,11,1.0
345,3,-1.0
578,567,1.0
12,695,1.0
338,94,1.0
1339,66,-1.0
436,597,1.0
1059,136,-1.0
645,166,-1.0
330,472,-1.0
257,214,1.0
555,17,-1.0
453,496,-1.0
420,191,1.0
289,498,1.0
1097,569,1.0
1339,468,-1.0
232,173,-1.0
631,252,-1.0
319,146,1.0
1441,570,-1.0
128,440,1.0
819,534,-1.0
1114,617,-1.0
288,712,1.0
893,263,1.0
1158,527,-1.0
133,615,-1.0
29,474,-1.0
1460,705,-1.0
1060,623,-1.0
160,592,-1.0
459,185,1.0
658,16,1.0
783,715,-1.0
1393,441,1.0
161,169,1.0
60,688,1.0
998,11,-1.0
1484,213,-1.0
676,226,-1.0
1433,348,-1.0
1453,417,1.0
502,229,-1.0
1368,413,-1.0
1305,673,-1.0
131,571,1.0
642,157,1.0
1374,150,-1.0
331,631,1.0
928,669,1.0
1373,469,-1.0
1279,274,1.0
467,481,-1.0
913,169,1.0
692,220,1.0
1462,677,-1.0
406,564,1.0
566,518,-1.0
182,48,1.0
411,291,1.0
928,31,1.0
751,21,-1.0
777,226,1.0
1414,23,1.0
1122,710,-1.0
928,594,1.0
593,356,-1.0
215,618,1.0
1378,21,1.0
928,262,1.0
153,627,-1.0
1284,338,-1.0
687,326,-1.0
1339,257,-1.0
239,269,1.0
754,599,1.0
907,632,1.0
616,183,-1.0
1393,574,1.0
725,634,-1.0
1259,259,-1.0
907,724,-1.0
345,211,1.0
1281,393,1.0
1107,403,-1.0
846,71,1.0
1098,170,-1.0
1088,563,-1.0
1289,605,1.0
888,609,-1.0
1229,5,-1.0
706,155,-1.0
640,659,1.0
928,707,1.0
803,624,-1.0
264,139,1.0
555,626,-1.0
725,50,-1.0
1408,235,-1.0
489,281,-1.0
427,516,1.0
109,358,1.0
786,272,1.0
539,302,-1.0
452,370,-1.0
1387,529,1.0
825,688,-1.0
170,534,-1.0
928,275,1.0
307,531,1.0
138,551,1.0
1312,654,1.0
677,634,1.0
1145,312,1.0
877,89,-1.0
1473,10,1.0
319,345,1.0
506,384,1.0
1084,675,-1.0
893,16,1.0
1140,49,1.0
496,727,-1.0
1209,207,-1.0
12,612,-1.0
1045,695,-1.0
725,407,-1.0
1051,591,1.0
1072,592,-1.0
1473,711,-1.0
376,204,-1.0
74,454,1.0
157,585,-1.0
1128,189,1.0
1306,473,1.0
342,263,1.0
1422,721,-1.0
1445,451,1.0
483,455,-1.0
198,611,-1.0
78,577,1.0
161,573,1.0
1089,624,1.0
159,673,1.0
1368,402,-1.0
321,431,1.0
932,415,-1.0
1391,534,-1.0
718,234,1.0
627,223,1.0
374,423,1.0
1363,164,-1.0
497,720,1.0
1418,342,1.0
1223,408,1.0
1114,593,-1.0
1244,678,-1.0
48,702,-1.0
266,104,1.0
773,108,-1.0
680,15,-1.0
10,116,1.0
770,451,-1.0
1134,348,1.0
640,393,1.0
383,496,-1.0
316,458,1.0
1112,247,-1.0
337,393,-1.0
976,182,1.0
71,664,-1.0
725,436,-1.0
1026,691,-1.0
138,34,1.0
262,653,1.0
7,589,-1.0
350,251,-1.0
1040,265,-1.0
546,129,1.0
1393,372,1.0
234,340,-1.0
893,366,1.0
931,3,-1.0
949,705,-1.0
1057,551,1.0
406,338,1.0
115,522,1.0
811,652,-1.0
1433,91,-1.0
1183,147,-1.0
161,135,1.0
736,611,1.0
846,701,-1.0
135,278,-1.0
1143,280,-1.0
1100,486,-1.0
1000,505,-1.0
1182,650,-1.0
126,473,1.0
407,34,1.0
710,633,-1.0
1469,174,-1.0
819,280,-1.0
909,593,1.0
468,44,-1.0
1378,280,1.0
252,396,1.0
1293,528,-1.0
553,214,-1.0
604,473,-1.0
241,597,-1.0
819,13,-1.0
1250,270,-1.0
1114,373,-1.0
550,563,1.0
1378,13,1.0
161,74,1.0
106,85,-1.0
44,585,-1.0
1176,648,1.0
640,454,1.0
1388,534,1.0
1197,60,-1.0
901,548,-1.0
793,527,1.0
115,302,-1.0
928,411,1.0
61,545,1.0
701,275,1.0
1129,647,-1.0
1471,67,-1.0
998,453,-1.0
814,434,-1.0
61,651,-1.0
1160,26,1.0
349,413,1.0
725,271,-1.0
843,71,1.0
536,189,-1.0
328,706,-1.0
714,366,1.0
821,720,-1.0
323,680,-1.0
850,346,-1.0
378,613,-1.0
555,263,-1.0
46,648,1.0
969,351,1.0
1101,210,1.0
1214,616,-1.0
1109,524,-1.0
289,460,1.0
812,551,1.0
1301,13,1.0
658,481,1.0
1339,557,-1.0
819,38,-1.0
507,159,-1.0
928,608,1.0
16,237,-1.0
1300,423,-1.0
161,311,1.0
876,210,1.0
283,660,-1.0
1368,438,-1.0
453,59,1.0
1332,619,1.0
998,459,-1.0
518,336,-1.0
1341,504,-1.0
1235,280,1.0
707,275,-1.0
764,557,-1.0
1016,521,1.0
928,270,1.0
958,647,1.0
932,412,-1.0
1079,2,-1.0
1319,186,1.0
1031,261,-1.0
811,573,1.0
245,399,1.0
1242,214,-1.0
934,154,1.0
1204,545,-1.0
289,191,1.0
1114,105,-1.0
1359,369,-1.0
460,421,-1.0
328,20,-1.0
805,62,-1.0
679,520,1.0
928,23,1.0
498,321,-1.0
397,196,-1.0
1249,589,1.0
1005,338,1.0
298,568,-1.0
1438,686,1.0
961,254,1.0
517,70,-1.0
481,64,1.0
256,552,-1.0
1082,316,-1.0
1368,98,-1.0
1467,310,1.0
928,449,1.0
475,287,-1.0
1037,478,1.0
1477,43,1.0
319,559,1.0
997,250,-1.0
1404,711,1.0
932,486,-1.0
828,718,1.0
1303,352,1.0
1467,439,-1.0
1138,100,-1.0
1487,671,1.0
1114,51,-1.0
474,312,-1.0
928,668,1.0
858,365,-1.0
100,603,1.0
274,609,1.0
1312,231,1.0
928,2,1.0
1012,144,1.0
289,21,1.0
941,441,-1.0
1271,163,-1.0
893,43,1.0
537,174,1.0
1096,543,1.0
968,664,1.0
1159,49,-1.0
718,438,1.0
891,448,-1.0
998,554,-1.0
1108,654,-1.0
1265,131,1.0
1436,283,-1.0
1295,185,-1.0
746,585,1.0
1417,582,1.0
1476,90,1.0
282,328,1.0
1171,587,1.0
646,499,1.0
658,39,1.0
640,408,1.0
199,187,-1.0
110,435,1.0
807,494,1.0
685,30,-1.0
552,197,1.0
563,130,-1.0
1485,193,1.0
1200,311,1.0
573,435,-1.0
1347,278,1.0
725,409,-1.0
1240,277,1.0
928,432,1.0
1114,463,-1.0
783,4,-1.0
1322,222,-1.0
810,116,1.0
1403,319,1.0
71,408,1.0
1239,430,-1.0
1427,95,1.0
641,217,-1.0
61,546,-1.0
1211,241,-1.0
1421,419,1.0
928,539,1.0
1114,228,-1.0
1208,107,1.0
928,618,1.0
232,300,-1.0
372,215,-1.0
1114,246,1.0
761,453,1.0
195,683,1.0
574,710,1.0
1430,84,-1.0
575,51,-1.0
331,180,1.0
118,132,-1.0
1114,352,-1.0
53,504,-1.0
641,709,1.0
1145,327,-1.0
297,383,1.0
134,324,1.0
161,226,1.0
928,153,1.0
562,706,1.0
600,217,1.0
247,9,1.0
882,279,-1.0
1273,175,-1.0
1481,648,-1.0
68,125,-1.0
569,167,-1.0
725,500,-1.0
1393,303,1.0
931,201,-1.0
955,76,1.0
74,711,1.0
1284,692,-1.0
1092,199,-1.0
501,86,1.0
1146,335,-1.0
311,276,-1.0
854,377,-1.0
650,692,1.0
1114,335,-1.0
1262,99,1.0
1312,550,1.0
46,495,1.0
623,366,-1.0
819,699,-1.0
1378,699,1.0
416,303,1.0
1314,256,-1.0
346,465,-1.0
1066,558,-1.0
494,629,-1.0
494,120,1.0
1461,262,1.0
848,682,-1.0
61,250,-1.0
854,516,-1.0
149,288,1.0
588,663,-1.0
562,687,1.0
318,524,1.0
1114,450,-1.0
