1
1580
3937,3397
560
3125
4
1247
571
10
1794,1418
1439,39
2982
2508,2453
19
23
1990
22
3804
25
28
1363
4098,4323,3672,202,384,1447,3925,4237,2361
3842
1335,2485
2631
3807
1552,4010,146,4341,173
1708,3412
3697,1558
333
3992,2407,3440,3064
3255,1752
2209
42
16,2582
46
47
50
172,2813
3075,2837
52
56
2478
59
3851,1163
62
2228
736,3450
3477,2951
3952
2241,1148
1536,529
69
4339,255,2342
72
1303,1003
4174
75
800,1752,1223
1534
81
3956,77
3744,2511,2254
3010
1774
1190
3078
91
1260
2653,2456
2348
1191
3461,3120
3834,1988
1003
3033
96
97
4176
125
3827
101
2981
2407,19
3989
104
4348,4078
106
1231
576
2209
727,671
1627,2078,8,3079,178,3014,3699,2815,2359,3411,3614,925
4060,1577
120
121
2037
1837
123
4356
3975
2929,3295
127
129
2653,4403
428
683
4333,2905
2380,4145
2954
136
137
2655
624,4377
547
2920
3983,3626
1273
151
3141
153
4121
154
157
261
341,572
1655
789
164
3116
161
1301
2636
888,47
2545,388,4043,293
69,476
172
3469,1126
3531
464
3722
4143
177
910
3404,4365
417
3719,266
3559,2397
3655
184
2905
916,4299
192
191
197
195
1449
1522
2837
2875
198
2302
3536,3015,4388,4361,3634
2680,4163,3604
1321,2400
2128
199,2999
4177
828,4423
209
210
2054,113
1970
1982
2861
2283
1348
3112,2690,1917,3717,1248,3266,34,1430
215
2016,145,3421,3679,3993,1292
2560,1105
2375,4502
224
297
2024,2143,1769,1542,1936
1969
2053
2826
233
232
2045
2655
1490
3410
4356
239
1109
1840
4101
3143,1410
244
245
3975
1374,935
248
1008,639
252
3813,4277
2000
3785
256
4381,2814,2094
412,1313
258
259
2570,710
1972,2633
4376
1895,1810
268
269
4191
3432
273
1058,1642,3449
275
277
3148
2718
278
1120
276
2415
3794
3590
2036,3122,2505
183
2373,156
4250
2887,3381
2121,4148
2654
290
3177,2123,369
200,2580,373,843,3164,58,739,3863,2028,3400,3093,2539,4233,3957,3747,2363,400,799,2782,1061,1714,670,1450,2717,4160,3832,4222,918,1950,4053,933,3910,3407,1379,4402,2486,3704,2959,2366,1324,141,117,2664
2527,3850
295
2485
3524
4213,321
2927
502,831,2435
783
300
1219
1660,826
102,1157
306
355,3945
307
3217,680
1588
3377,1254
1783,3462,3816
313
3772,3505
316
2938,2730,4051,381,4235,283
351,3477,297
2631
3987
314
320
2708
981,804,4068
1665
322
732,3208
1498
1333,3431,392
352
325
218
530
331
3381
152,3906
333
202,4002,1871,3925,4237,2013,4478,4457,1132,2810,3672
764,3425
1610,32,658,55,2059,1326,2584,4164
2955,2847
2886
321
340
343
2946,195
2246
348
349
3282
351
352
2920,1059,2887
2641,1082
4298,2485
354
4185
355
357
879
360
364
1923
964
363
3799
4073
2593
3735
68,2485
2382,3612
4174
2438
3880,1564,1930,4496
372
3246
666
377
1080,912
1748
3884,3428
3469
382
1498
1338,2052
2485,1347
2210,3498
884,4138,3998,1047,3532,4203,391,3203,2800,4429,4136,3062,4278,2995,2358,1284,3779,438,4140,2487,3345,4132,4245,1937,4367,110,3888,1557,2119,3662,873,416,3913,4173,757,2418,2659,2176,2749,2388,3864,723,3584,3570,0
471,2302,690
751
2195,2469
148
1187
396
3394,3942
394
402
403
3808,989
3417
408
409
3449
1996
415
419
1305,2018,1646
422
635
556,88
2666
3086
428
430
2611
144
432
155,526
433
3242
1311,234,2438,2100
436
442
1703
2083
1411,1927,344,4182,3941,225,2137,2135,17,3531
451
2485
3776
2887,410
453
2459,1099
3108
3989
3858
2382,3381
3258,3533
463
4050
3522,805
2549
466
3530,3342,2989
468
467
3033
223,3226
470
471
3579
2558
478
477
4404
2403
2612
3542,245
2920
4423
483
484
701
1897,1065
1325,2477
488
541,3603
698
3906
4373
491
2084
494
2132
1912
501
1343
506
1481
4189
509
3080
511
1752,3930
514
2316,3873,2832
2678,490
517
520
1476,987
502
1509
941
2485
301
4095,1202,147
528
2917
1499
3835,2105
26
537
539
453,1929
4302,3325
867
1661,1210
3448,2053,3586
546
817
285
2354,4264
1815
1333
4375,4412
1682
125
682,1754,1641,2839,2430,2110,1314,1964,3572,740
2669
552
408,1752
555
557
2812
560
561
1108
1949,1977
567
1498
569
2499,1550,3516
2460
2513
770
3917
885
2343
2552
3467
798,4142
3985,3483
580
706
3108
1405,2708
582
4287
1755
2159
1191
3194,414
637,3906
3677
2209,1376
600
597
2432
598
115
4292,4287
604
3812
3824,643
2311
605
606
3220
2353
992
610
2834
3892,2996,974,574
611
800,1752
612
224,3253
2407
1226,514,774
397,3692,505,2173,198,2921
319
616
502,831,440
615
2920
620
3670
4109,756
599,1425
626
845
3168
630
1152,3459
2424,951
634
635
3021
1653,104
4285,38
1087,1448
636
73
3388,1262
2109,379
417
1959,330,2305
3547,1498
2498,3132
2422
645
646
649
3946
399,1192
2483,2647
3906
763,1003
326
106
653
3334,212
4374,1946,359,4424
3810,3694
1723,2206,2447
2620
4017
1194
662
3410
14,3088,3934,1761,1968
1043,1287
3203,975,161,566,2180,2000
1153
1466,2631
358
3306,1341
2151
667
668
669
2914,2588,297
671
673
3928,3006,3994,2274
676
3291
987,4208
1821,2042,989
680
4038
683
989
685
2940
550,1645
691
368,1800,1704
692
582,3377
4236
2754,2683
800,1752,4337
697
2521
699
700
701
297,2678,4310
2215
825,1752,244
3826,3298,1477,2427,2892
1553,3503
2578,2626
706
2332,542
3214,696,3308
605
2755
3425
718
720
721
1353,3637
863
729
730
409,2001
1522,2270
2942,4064,2778,2281,1081
3671,2111
3518
1500
1188
1158
2446,595
2296,4085,3117
1622
254
741
674
743
745
747
748
26
1889,4183
753
1600
1871
755
758
4137,4397
760
595,1282,2019
1333,1153
3024,1360,742
2960
764
767
3560,3096
987
769
4287,84
2534,346
27
1744
770
2485
775
4395
1301
781
779
800,1752,2569
783
780
785
1869
1727,2267,1891
788
3283
790
4024,47,1190
792
793
794
2860
2670,3989
2429,1715,4015
745
1945,1933,83,2463,726,3327,3594
2825,503
4284
2840
1457,205,3109,1049
1565,3344
1888
809
814
4440,1567,2964
816
817
908,818,229
2591
822
1686
824
3058
825
823
1535
2928,1428
828
2485,4240
4079
4091,3906
2790,1901
839
3716
841
4387
3592
1003
3040,3101,1602,4453,677,347,3605,1925,2581,2897,3622,3151,447,1151,54,4220,2479,892,1832,1417,3525,324,2679,4286,1155,4414,2149,2314,868,553,4061,236,1701,66,2890,2737,1471,4294,2835,1228,3435,3646,4321,4279,2986,3624,3496,3418,334,2564,3003,4413,3688,1106,271,1385,3146,4212,4477,3721,1166,4088,3891
274
850
851
3058,2587
3033
1271
855
4348
858
3494
1208
4131,2015
4097
2797,3686
2242
867
4118
1017,2823
3083
2434
876
877
2260
3829,128,4416
297,1811
881
883
887
4162,2387
889
2507
235
891
3281,3619
3949
2674
895
3477,1381
896
897
1741
2672
4383,2230
3670
1457,205
1458,3821,4126
1261,838,4190,1216
906
333
911
4122,774
2223
913
2829,2393,662
915
938
917
919
280,2762
811,2485
2003
1555,2541
923
927
928
929
930
1137,2966,235
4019
1303,1870
942
3552,942
4192
1059
2894,2047
948
797,4008,250,2883,1852,2663,1998,367
3213
2555,350
954
4000
956
957
958
1814,3655
2151
190,2967,893
4273
418,2442
711
3530,1559
182,1354
966
1096,3542
968
967
1211,2609
1600
1312
973
4376
885,3157
2958,3321
3580,98
633
975
2742,3743
2125
1293,4446
1535
986
3139,2162
988
989
3905
991
2831
2163
994
1036,1427
998
2235,2407
1498,360
3017,2271,3012
2792
1006
4021,720
3923
2084,3184
1009
246
4469,286
1012
1013
1165,1200
1523,959,1004,441
1483,3811,1847
1015
1018
2693,874,36
2627,4255
3378
1928,3631,832,812,2773
4101
3202,208
1343
3300,4166
3406
1030
652,111,2831
878,820
1033
1474
4344
2259,221
1037
3116
2496,2337,801,2990,2442
4227
2065,807
3635
3251,1683
1045
1046
956,160
1048
1049
3513
1619
3796,1844
3318
1055
3526
2528
2165
1059
4066,1304
879,3058,2203
439
1258
3663
2651,644
2073
529
1067
1068
3084,898
1074
609
1570
1301
1077
1912
1779,3752
3523,708
1080
1078
1065
3263,3754
1685
1178,3843
3337
1535
1090
2708,3602
1092
326,720
1318,560,3964
1154
2186,2565
2907
1314,1964,682,2039,2839,2430
1098
1100
4483,1684
1502,1915
188,4054
3811
3788,2502
1108
1110
1115
439
1118
864
1121
1120
2386,3751
1123
4337,1752
1122
4494
1124
3276
915
1070
3520
1131
3990
4211,899
3464
1749,4372
1137
4069,1325
1145
3827
1148
1594
1153
3405,2515
4338,2184
2376
1154
2929
1163
1157
3610,4255,143,3342
947,2441
729
2946
1169
1171
1172
2125
2129
3542,3827,2596
1175
3064,3992,2407,3440,4012
3514,1454
1118,4258,3339
2031,1590
3800,3504
3607,2374
1182
2931
3020,4131
3822
3664
1872
2066,2014
1189
1191
1429,240
2920,704
2069,4112
2263
993
1198
4046,3285,3157
1201
2394,119,2882,4266,3061,4099,4268,3138,3,362,3165,1935,4144,1962,126,2428,1986,2075,2017,746,1181,3643
620
921,2546,2548,3434,1193,1756
3189
4095,1081
3546,2536
1204
1191
1207
3222,912
4100,3765
1035,4103
1211
1210
3613
153
3219
659
2608,3392
648
1222
544,1446,1460,1563
686,3031,625,1643
1224
1226
1227
22
1230
4084
1904,4028
1237
1872
4358,2803
1238
1663
1242
2126,2042,1970,678
1297
3671
1518,1540
1249
1251
1254
1255
1258
1257
170,2156
2067,3105
3030
1259
2619,390
2618,3642
2151
1264
1288
1266
835
1269
1270
1638,4350
291,2356,697
2042
1273
1310
2443,65,3452,1674
1278
1277
1340
1315
1281
4407
573,3609,3789,2294,3953,3978
1283
3097
2984,4134
1361,4068
1867
3909,2325
1290
657,1110
4410,2441
2723,3413
1298
1299
3752
297,1102
1302
3727,469
1805
1306
1305
4050,497
1311
1599,603,93,939,2181,3161,559,404,717,583,1738,1652,1185,1530,1642,3471,1616,607,3382,870,138,1094,3130,2728,1880,1832,3525,3350,4286,1423,4086,1027,2850,4294,2476,3591,2481
201
3108,880
3499,4197,4307
1315
1816,4229
1317
1318
1320
2116
370,3254
1970,1307,4247
3566,2146
4076
975,566,915,161
3912
4314,519,3403,2805,2088,1389,194,504
4238,3095
1469,1276
1333
1334
1587
1336
3000,1622
133,1014,3124
4501,487,1492,2141,1720
2256
303,1970
3369,3011
977
3696,941
3185,577
3512,3944,579
3440,4012,3064
2170
3827,3126,2866,3542
2655,850
3190,752
378,47,3846
24
1348
1485,1112,1444,492,1906,1413,3437,4386
1357
1358
282
800,2253,244
1362
1363
1364
3782
1366
1367
1369
2527
2595
1378
2533
1372
429
3441
1751,1678
2503
1242,800,1752
3071,728,1729
2168
701
3380,1126
2474,1622
4472,1522
1394
1077,2655,1608
3097
964
1396
3975
95
1525,3406
733
3539
2175,2607
3960,2134
1420,4056
13,945
1407
2843
2698
3916
4221
3971,720
3860,2936,2747
4351
4460
2726,679,1547
3695
2485
1420
2509
1429
1421
523
1424
3254,2849
4037,3542
1404,3886
4165
4176
1433
1431
1435
1436
1395,4470,1838
297
1440
4360
1026,2887,1665
2097
1443
2157,3982
1442
2551,2233
1072
1446
4004
1448
1451
2635,3746
1452
3311,1021,3305
1459
2287
1456
560,2915
1463
1466
443
1465
1467
1402,2756
1480,4394
1722,3877,3414
1470
3870
1437,1616
4094,3276
3344,292
1476
1173,2855
3706
883
1482
2050
1483
462
318,4385
3094,1504
1488
1490
1491
2734,2288
849,1249,1717,3722
2853
3493,971
3344
3448,3586,3946
3612
2318
3612
2407,4007
2708
1502
1342
1770,3682,2341,3582,1066,3564
2382
326,2340
2879
3368,944,3282,891,2983,418,921,778,262,125,2262,3121,2416,2442,2059,2040,1442,514
281
1442,880,1526,658,4485,2546,262,2179,63,3415,4479,1922,171,1735,2059,1414,207,921,4357,264,3282,875,3951,1600,3121,3250,4366
3526
3593,540,2240,4465
4244
1191,3955,4490
2656
1733
4290,3349
4438,681,534,2896
1498,2974
1514
2627
1519
1521
1520
4433,4217
4091
588
1525
2034,2255
4206,446,2738
1527
964
4031,4319
1675,2033,953,4207,1782
1668,3193
1532
4348
2655
4119
800
383
101,297
3127
2629
203,1861
652,3483,3070,3210
1538
1496,1343
1478
1541
2086,4444
4454,461
1544
590,2630
3612
1622,2862,3169
2524,1296
511
2158
1265
1526
1963
1556
376
2731
1562
680
725,680
1663,694
785,3862
1919
1824
1570
1571
1635
952,521
3502
1576
3917,929
2112
191
1582
3736,665
1586
2347
1587
1588
1834
1593
1594
1595
52
1913,1732
2924
4119
1383,821
1952,3303
2148
4151,394
3158
326
1443
46
3299,926
2412
75
1611
1610
2818
3748
941
1617
2991,3855,946
196,3441
3708
1619
1620
1621
1751
1623
4487,985
669
2768
2512
3787,3520
2035,2654
49,150
2891,1673
1734,1797
1632
1634
1633
2579,503
349,160
1200
1767
1866
202,4457,2361
2604
1644
1924,493
2006
62
1648
3449
1651
2480
79
1174
1157
2828
4445
1771
3996,4313
1657
886
2381,459,4484,3491
576,930
1855,3280
1662
1060,2214
593,3752
1665
2702
4202,1592,3476,3142
2193,1011,1322
2136,1345,3029,1388
2150
1670
2037
2661
4000
1672
2617
1679
3927
1680
3543,1580,3483
1685
398,1681,3336
4328,3906
1583
1687
1740,1227
2655
3074
3477,1003
2490
246
4204
63
1728,3167
1697
2614
2956
3600
2910,887
2489
1110
1705
815
305,243
3635,3249
211,2631
1707
3711,1301
1709
1710
1711
2010,3777
958,3189
1750
1716
1097,4349,47
333
1470,2950
2199,526
2777
709,3767
1687
3451
423
940
424
1726
1728
4101,1415
2760,1802,2733,3317,156,4201
1732
3973,495,122,754,1606,3588
3575
1359,1107
2678,3231,297,2914
1737
189
1741
3196
1745
2407
1747
153
3715,2050
4331,4400
1301
2058
4342,2227
1751
2155
3465
994
1713
4376
2057,2169
1443
1805,3272
1759
4156,2662
1762
1765
1024,4167,1416,4016,3625
767
1926,1650
3819
1772
1943
4379
1775
53
1776
1522,423
4001,299
2594
2821,660
1507
2649
4089
3169,1622
2716
1580
4065,2670
1786
661,1579,3353,4168,1806,1184
1788
63,486
309
1790
3268
1384
3108,3703
3264,1690
2250
1391,1909,329,3581,4108
125,4117,3632
2665,2485
1805
3297
1807
1808
3446
440
2142
2081,511
1028
1813
4456,2104
3085,1560
3718
4405
1815
1817
1896
496
1821
3657
4093,1970
4430,4045
1827
1826
834,4487
1829
1621,4155
3488
2940
1834
1790
1835
3144,2806
1838
399,1612,551
3530
3356
502,831,3979
1126,437
1841
4378
1689,2494
1843
1938,1796
4434
1809,621,1569
4123
1849
2678,712
4105,609
1254,3557
3769
149,3825
1856
1231,1448
1021
1486,511,2409
673
2247
2425,3444,1164
2185
1863
1150
3013
4376
1867
1870
1873
2102,85
3932
767
3819
1921,3058
1878
2669,941
2645
1488
2763
1881
1203,1697
1893
1884
1889
1891
2802
1890
1896
1897
1387,3133
160
1242,2417
1784
831
204,70,3443,345,3182,860,2201,4455,2196
1667,510
1719,4332
1822
1904
1905
1907
1908
877,3616,1845,2919,1255,2076
1159,2408
2859
663,602
454
1911
1915
3041
1914
1916
1638
3844,1905
2248,2956,1951,1271
4013,3733,1857,3426,2444,3783,813,4039,3643,3740,1700,3,4452,2009,3699,2815,2055,3561,2320,1676,2882,3595,1957,1785,4382,925,3042,618,3563,1291,4144,4354,1627,3037,3656,795,4198,1946,1986,3933,3149,3806,4074
1041,993
1920
1923
4104,3684,2346,656,1965,4409
71
1751,419
3145,2263,1580,1498
2182
512,2992
1390
1939
1942
2322
1943
1944
1995,802
1948
3106,4180,713,961
4076
2933
2108
4312
3761
1958
1960
1959
687,4425
2708
423
4111
1974
1970
1972
1973
1731,1953,2712
2300
1983
1985
196
780,3548
1479
1987
3358
1991
1362,2138
1409
1996
1696,2365
473,1566,4355
2001
2002
3201
568
1340
800,1752
21,658,2546,2179,3373,2059,3466,207,3573,1298,245,921,875,4479,889,2912,4435,3250,4366,3856,3658,1610
1771
2011
1833,1113,311
2015
2016
3135,995
2020
4386,1184,1112,492,3302
4044
829,2179
2407,2757
1301
2027
3633,2380,3341,3659
2785
89,538
2283
689,302
2436
4196,2215
3340
2485,2665
4032,2589
539,100
2039
537
3567
449
2041
2042
2043
3742
2044
2907
2178
979
2049
2052
2973
2056
4456,3839
2060
3936
1804,3316
326
3890,4075
2811
2920
86,1685
2066
1537,1850
3753
3455,2949
331
919
3718
2073
2076
4297
1597,427,3005,140,434,2367,1773,2077
1401
1959
2083
1085
3058,3830
2944,844,458
705
511
3749
4033,26
2093
2095
3148
2096
2097
527
3797
4364
2416,418,1442,514,262,3282,891
4022,3725
3174,333,622
2606,2707
2107,4129,3675
2601,2625
2111
1712,633
1062
964
964
709
4447,3039,1220,3187,2719,2901,1295,178,3205,3320,222,3948,1330,2751,1399,385,773
1130,2559,3673,3221
2117
1807,511,3970,1336
2122
2407
2124
2433
4444
684
522
3110,2210
2132
1931,2611
234,2438,2100
1057
1680,619
963
2138
4463,1682
920,1823
3374
502,1575
2485
4275,92,1140,508
426,890
2599,3136
4486
2832,2316,2385,740
2145
4343,475
1497
2508,3283
2656
2946,2288,1578
2155
2156
437
3056,4023,4302
1406,1250
2163
2164
3859
2166
1790,1302,2241,3233,3432,2703,3640,3207,2360,3488,4306,3641,2968,636,1269,1960,2884,1849,3540,4338,1465,764,2515,4441,1386,1948,2011,2780,1587,2817,3926,2674,542,2657,2355,118,3788,729,2083,159,1074,3199,3660,3600,1513,2052,2478,911,3360,1772,4026,905,2177,352,1364,415,1874,2980,1289,2338
716,3181
3017
2591
2786
1195
3691,3215,2760,1089
3358
2750
2895,4243,2529,169,325,1139,3131,731,3965
1561,3629
2090,445
2799
3544,895
992
187,1355
2184
685
2186
4106
806
4232
2188
4410,2441,1897
2190
2191
2019
2192
2194
2774
2198
2200
1213,1447,4237,2013,4098,4323,2810,384,4478,761,167,202,4457,4002,1918
3469,1126
1868
3137,2637
759,1125
2210
2212
3439,2315,3429
3313
2887
2216
4392
4334
2219
2421
976,4146,3066,1373
655
2226
2225
3876,2971
3288
875,1135,880,2336
4,474
1146
2686,2979
2238
2308,383
2241
1083,2064
2242
3676,3104
2646,680,4134
1007
2245
3976,2042
2285,3939
1419,1029,2272
3962,4263
571,3058
1688,2042,2788,1970,2224,678,4352,2126,3551
4389,3972,3475
2227
2252
2905,19
2948
1979,468
2257
2258
1293
2261
2262
1376,3273
4121
1582
4230
630
18,4305
9,4401
1333,3300
1615,4398,1963
4121,2085
531
103,965
2283
2286
582
2407
2288
2289
63
1141
2164,3458
2236,1462,2645
2294
3835
2293
1730
2297
4041,2748
2299
2300
2301
4246
2306
3796
2307
2887,383
1506,774
3492,1414,4357,875,2546,3416,4172
1718
3097
3243,2413
2884
3503,1617
2414
2317
2492,3176,924,3129,629,3903,3364
1580
297,4259
297,4257
1143,1455
3992,3440,1609,4012
741,2171
1739
2331
2225,3324
2333
4253,3319,3773,3427,3468
2335
3954
1237
3116
4234
3875,1849
914,4375
2342
3814,1001,854
1124
1649
1510,2153,3234
2347
1473
2349
4366,406,3108
2339
3375,217
2355
690
2084,2872,1829
1294,1177
472,3726,1976,3667
4137,2946,847
2364
1377
4392,2550,22,3389,4118,3841,220,4315,2669,1983,157,1198,12,4488,1148,1834,4067,1182,2184,2246,851,718,614,1873,1672,1025,2697,3405,4318,315,3291,3870,3197,760,3344,1598,268,4087,3158,2333,354,340,3695,3228,2503,628,71,1621,275,1143,3425,2634,941
1851,196
3322
1882
2371
4176
307,2379
3850,2814
1915,3831,867
2373
4091,956
2484
320
1128,558
1093,1528
2383
1706,2990,2886,2437,582,3545,2496,99
511
2386
2389
4176
2395,4262,3450
2391
1303
4444,747
730
3102
3419
2399
4170
642,181
3441
2405
3023
3051,4295,2352,1138,3343,213,2639,1980,536,1392,1103,3515,1757,4096
1218,784
2268,2409
1828,1692
4421
1293,1059
1920
2414
3904,827
695,4442
2419
3283
3705
44
2074,2091
2530
2781,2885,592,2741,3827
3206
4325
2655,2471,2625
1486,511,2169,3309,4219
727
2434
2437
2439
3984,3290,2422
2244,4242
1293
3529
4192
2448
2449
2452
2454
879
2457
2026,2816,2822,1000,2357
2056
2456
1501,1301
792
2468
794,2289,4320
1188
2471
2473
2195,2384
4
3702
2477
2478
1686
1874
3869
2485
2488
3116
3444
2126,1846
2491
3833,533
3002,2038,47
631,1323
1371
1432,1829,2872
2501
3256,3479
3201
3665
549,2898
2503
2507
1209
3519,489
2510
2962
3498,4174
2515
1622
2512
2721,1180
4041,2667,2645
2519
2520
4139,1101,4308
2523
3691
3423
2525
2528
2530
3574
2534
288
2537
3058
2540
1467,3520
1215,219
1238
1897,3096,63
658,4485,921
1308,1352
4464,532
2828
3395
2335,3651
1129,3517,1056,4368,524
2232
3123,3929,272
978,3719
2557
2501
2558
4046
2789,1071,842,1118
2827,2191
2780
2186,90
3758,2151
4283,4117,2886,582,2845,3722,2337,801
4324
2569
206,2457
3261,1996
2665
2576
633
4044
3542
1315,4392
982
796,1270
2583
220,4009
513
2813
883
2292
3970
1503
2592
1468
594
3698,1903
2595
2598
3885,4487
1126
94
2602
2603
1837,2087
2609
3756
2606
2607
1472
1582
501
900,909
2132
1316,2875
3635,1236
1286,1350,1955
2881,2518
2617
2619
2796,3763
2942,4249
3253,4293,2516,2223
226
284
2622
2623
3762
1975,2022
2625
3946
2087
1601,3077
2629
2631
109,2760
2632
4149,4371
4030
2807,3558,4437,1484,1162,1375,3617,2369,2303,777,1129,3517,2532,1116
744,1252,872,1272,1992,386,596,4110
2770
1768,2098,810
2470,1910,943,3920,3589,1382
3872
2642
591,1899,774,3351,2696
2640
1839
1268,3344
2648
2767
2650
1697
2652
2932,2668
983
2422,3823
4346,4411
3542
1993,1894
3220,2100
730
2657
2658
2659
2801
2661
4052,3878
1032
1207
2669
2670
1089
4444
4072
2247,1157,3706
2900,1886,3274
2475,3230
1812
2678
2338
2684
2685
3103
2687
1778
1069,4171
1257
4027,907,1781,3565,3868,3720,4311
1954,3906
2071,704
296,260
4005
2700
2697
2977
4487,4082
3961,3227,1493,2766
2695
2700
2701
2021,515,4058
1098,2706,4057
2704
2703
2290,3707,48,2221
2708
1531
3426,746,2745,2009,142,287,323,2882,2976,3366,3535,3211,3614,1725,3643,3,3042,2359,457,4144,1627,3411,2544,1989,1986,3149,4382,925
2887
1126
1126
64,3377
2720
3984
420,247,3025,3054,3752,2163,906,2179
3316
4080,1457
2108
2732
396
2735
3233
1707,3300
2741
2743
3397,153,3160
2527
2746
1301
2750
2887
2611,3798
3148
2754
2758
1872,1640
2759
4081
2761
2765
2764
2768
3376,776
1301,326
666
1367
2772
3339
2777
1144,2586
2780
2781
3415
175,702,2957
1059
4289
1217
1791,1038
1658
2791
2793
2794
4224,680
779
627,3750,1984,2172,1211,2843,2830,1365
149
3804,2516
1089,4449,3691,2760
2331
2485,1724
2616,1876
2307,2829
2806
922,1620
1273,3681
2566,2089,4223,421,3262,2222,2167,444,4458
1515,2237
3896,917
3323,2324
3381
4040,395
2906
3420,3811,2329,2384
640
2814
2817
2611,3267
3034,503
1758,2694,4301,2462,1053,949
650,1459
361,693,2205
2824
904,129
2827
3869,643,1154,3848,851,1710,1672,2592,3552,4319,471,2197,3091,2875,268,3417,3158,3155,3463,1942,72,883,1488,136,1573,531,1260,2823,4131,4486,2954,1143,3425,941,895
2829
980
2828
3745,859
2831
393
2752,4282
333,3748
4228,2743
760,1702
2837
2968
2838
2841
2840
2542
2063
418,902,2326
1568
2840,3330
1183
3275,4047
2848
380,1512,3995,2681
1137,3463
2922,297,375
676,4392,3587
3635,3127
74
1611
4362
212
4467,1432,2872
2673,3774
2856
2857
2377
4106
245
2859
3911,3981,4291,3016
2862
2864
2867
2868
36
1293
1625
2873
3344,567,937,3862
3764
2876
2760,2339
2485,3596
276,2282
2120,3162
3081
2884
3752,2183,1789
2886
2887
4498,2803
1640,1188
628
1580,578
3670
2177
4347,193,1240
2497,3730
2902
3999
2905
1301,3346
1552
1273
3935
2907
904,2525
4272,1356
2913
2908
134
2404,249
3883
1593
3200,3635
3988,734
3178,3991
1147,2775
1654
2925
2744,1005
3153
1818,2211,3935,3396
3862,2729
2930
968
714
2577,3212
4174
1498,3627
3338,2186
2940
2941
2942
1335
310
920,3718,2568
2945
2946
2947
3292
774,3368
2952
2953
633
2678,1516
3111
2954
2299
2960
1170,2585
2963
2115,3795
2965
235,2966
1580,3483,3731
2079,2161
1314,1641,2039,3572,682,4251,1972,2839,740,2430,2110
921,264,3951,63
2973
2970
2977
771,3370
3551,4417
4089
2980
3348
2282
3660
2987
1301
3509,1134
2989
1206,4011
2994
541,3035
1483,3713,1836
2998,4443
885
1233
1205
612
1179,1003
837,289,1665
3001
1591,297
3008
2504,3408
143
682,4251,2316,2385
3000
1533
2217,415
1125,43
2347,3424
2631,3693
3017
3019
1434,2563
3021
3020
3751,2030
3022
1626,1075
3288
1126,2323
3031
3232
852
3033
481,1077
3248
3038
1873,4441
3043
3044
3046
3047
3050
3052
2210,3362
3053
3055
3058
3059
3060
737,1104
857,1339
3377,1551
1197
800,923
1253
3067
3069
1752,1843,244
2202,2787
3072
750
1397
3082
2407,332
2879,4448,3918
3267
1346,2610
3497,3644,3508
1319
575,1133
3092
1934,846
1461
992,633
2407,1789
3058
2422,3569
3734,1630
1402
3096
1571
1301,3628
1327,511
340
2590,1885
1309
1657
1787,2714
4014,2820
2970,969
2220
3107
30
1631,4062
3110
3111
3113
3116
2438,166
1408
3857,3081
3599
4127,139
3118
3119
175,702,4461
4184,3198
1584
4064,4476,2778,2942
1446,2321
3752,3236,1332
1971
2888,3538,4363
3751
3481
3127
3700,3091
3134
3213
3478
2643
1620
3137
3140
477,3510
1900
2605,1734
1604
3344,1246
4026,4315
1981,1300,2692
3858,1065
3148
2438,1454,1311
3261,1249
3150
636,614
3152
4187
4200,3180,3487
3154
3156
3157
3158
3160
3159
136
3163
2878
4495,1259,1422
3166
1398,2061,1994
3169
4153
214,4210
3171
833,3304
1487,1301
1922,2887
3116,1897
1508
3183
1083
1595
4239,1434
3184
3689
1611,151
2037
295
3188
3606
936
1505
3197
2546,207,875
1311,2493,1967
724,2884
1605
3204
2019,1636
1254,1293
456,134,78,2526,2740
29,338
3208
3207
962
3206
3674
3209
2334,2485
3210
516,1199,1160,2326,1548,4107,3453,2229,2147
1050,2401,2893
3215
3218
1766,830,2345,2909,4391
747
1628
1517,2269
2284,2739,1693,613
3905
2904,31
2819,2407
747
3228
2939
401
2756,1777,2916,1402
3231
1225,4000
2656
3233
327
3239
3238
3241
277
2686,151
3244
3245
3246
964
3248
1117,1554
2961,2368
3913,2265
2792
3722
26,585
1149,35,3007
3608
3058
3255
3353,1016,1806,661,3437,1485
3819
3252
2876,2920
1543
3815,2186
1576,586,638,1666,2567,1691,3128,1574,2842,2464,1695,3247
3265
563
2151
3927
3269
135
3270
1003
298
3691
3272
582
305,1751
4011
3271
131,498
4427,1842
2972
1076,3058
1031
3307,1793
4499,1546
2025,4451,1753,3068,2691,2877,1412,4497,1073,3688,1385,1589,749,3398,866,617,4102,2406,3836,2295,130,2330,4418,654,2688,1156,2969,61,179,3803,3828,2070,165,3036,3648,1441,2897,1280,3115,2833,2479,2571,3409,562,2985,3963,2410,2679,425,3063,4414,3384,4006,1862,1831,4420,1051,3854,4061,871,3714,3240,1624,2426,581,3678,1453,3757,1380,4161
2189
392,1127,2417
312,1825
3285
3289
3286
3287
3812
3290
3291
3293
3295
3297
1631,4399
125,245,921,3282,891,3121,2416,418,1442,514,262
3300
2510
3301
3784,82
675
517,3651
2266,1393
1119,1902
3309
3312
3311
3456
3314
711,984,1947,3257
2708
358
2048
452
133,3279
2923,1010,1614
2152
1204
2407
955,1966
371,1941
3332
2183,2781,3893,2741
3333
3831,867,3460
4296
3447
3562,307,4329
3342
2411
3344
2318
95
1161,1763
1997
3349
941
3352
3076
3483
4078
3360
990,1887
3356
2942,928
3358
774,514
3355
3359
836
1892,2708
422,1126
3367
2619,358
3254
3370
3371
3372
51,2820
2874,2106
3445
1331
2820,803
1882,2485
2764
3380
265,2975
2592,2794
1780,40
2144,1524,4473,2130
861,2759,2618
105,2485
337,317
3970,511,1807,1336,2169
3386
3175
4336,2724,3057
3390
1092
609,903
3393
1746
3026
3394
2182
3397
3924,294
3399
1860,1445
3568,1539
439,356
3401
3402
1959,1659
253
272
132,2844
3405
3879,3635,1760
3408
3385
1071
2485
3329,20,3294
3416
1256,2926,1337
1328,511
800,1752,244
2813
3841
2714
1083
3422
3425
3473
3489,1369
3121
3431
3432
1961
2333
3436
3438
3440
4185,3790
3442
1077
3386,1596
3687,4431,4025
3531
1347
3964
3483,1084
3484,460,47
3760
3542
586,1695,3128,638,1574,1666,2567,1691,2464,1368,2842
3752
3871,2699
3460
1308
3463
76,1157
944,125,2262
3467
841
3469
3470
1710
3961
3472
3474
3476
3477
2946
3485
511,2467
3482
3483
3572,3873,2316
3486
3488
3378
3490
1301,3347
1600
3556
905,2615
2792
2657
2125
3498
3500
3501
2485
853,2275,2547,3759,564,1344,4147,465,2776
3507
4480,1972,25,47
3379,502
2132
4474,2160,651,1853,4188
1805,3422
3511
3513
3514
3527,2423
2709,2760
2677
2654
4271,934
2,2485
2082,3391
3521
3523
3360
2169
1340
3847,3224
3531
1245,3808
4024,1097
3680
3537
4311,525
1765
3540
2713,3341
2764,2485
3541
326
3544
435
3546
267
4199
3823,263,2422
1301,1400
3550
3549
2174
163,1232,932
3554
1789,3752,218
4466
2839,740,2110,1641,1964,2039,3572,682,1754,4251
1279,2575
3562
3365
2506,541
2118
3361
2953,4322
1897,3235
3577
3578
2468
3630
3583
2911,2500
2553,3992
4400
374
3250,875
3898
124,2831
3597
1858
3600
3601
3602
970,4042
3635,3902
3611
220
3277,2012,3654,3840,3845,4390,3495
2027
3609
3454,3534,791
3615
1443
1792,3440
719,228,3853
3618
3635
4020,3399
1074
1176,3805
2634,3926
4218,2988
2318
3630
3632
1403
1765
735,389
3818,3147
3637
3638
1434
3639
3636
3641
786
3640
3645
4306
3650
2870
3649
3651
4154,251
720
4166
3661
1764,2092,2535,1464,149
3468
3668
3669
1940,4252
116
3520,793
800
3677
1776,3436
703,268
2113
3685
11,4340
3683
3689
1948
3690
2485
3907,2781,1789,218,1472,2741,2440
3284,4353
582
3695
3700
1034
2907
3817,3528,1548
774
2165,112
3889
1581
646
4256
180
3292,114,3073,697,4077
2080
3712
3158
1772
333
3186,2574
500
2715
4088
3722
3099,4253,3468,554,4422
3723
4423
1638,1916,1426
3197,2362
3732
2656
2407
3766
1734,1848,1807,60
1039,353
3738
5,3940
2711,3028,3980
2485
1545,366
2998,2264
1897
3749
3326,4345
1083
3751
3752
3753
800
1491
278
3755
275,707
537
3542,2005
2865,865
3762
3764
3943
3767
3768
3770
3929
3771
4316
411,2048
2678
4090,3192
3819,885
3553
2675
3574,2930
4127
1043,1721
1826,4166,2407
3371
4071
3784
1511
2062
1712
3786
162,1694,1243,2522,1235,3877,3576,4179,2461
862
2392,1433,1915,2678
2291,3098
3791
351
4018,2344
4090,2407
3612,582
3792
4267
906
3793
3781
4292,4287
1932,3058
1613
230
1827,2686
2113
3799
4489,1052
1054
3801
1864
237,518
3807
3808
3666,1002,3938
3810
3811
1973
1629,2370
3882
4127
3296,4089
57,1229,2563,3383
800
3033
3820
2298,2328
2382
3824
3827
2624,2954
2131,3315
1491,3751
3216,2653,2618
308
570,632
2956
3598
1020,325
2984,2595,3172
3837
2920
4366,2887,3108,2804
1698,238
439,297
3841
2753,1041
2110
738
3849
3771,701
1438
407
3728,4231
2133
3852
4066
1999,4135
1189
4459
3858
2769,1949,1977
3861
3862
2099
1303
3866
1201
3869
3406
3872
3870
1434,4493
3874
2485,2789
2920
680
2984
1125,960
2023
3710,4159
3881
557
3174
108,186
382
1535
3887
2984
3207
2710,4230
218,1789
788
793
2451,1498
2871
3894
2736,2431
3898
3899
3901
1254
1799,3992,3440,4012
3058
3127
2151
227,37
2164
2207,1752
3905
3906
3908
3453,4128,405
535,3737
4432
2194
270,3179
3913
3915
3977
3741
3919
2946,2965
3921
2361,3925,4457
3922
3923
1585,1639,589,641,2280,2051,3237,3335,2943,3653,80,2279,3724,1607,1820,1142,185,2208,41,1677,664,1475,4265,1830,1879
4050
3926
2234
4130
3930
3457
856,3225
3887
3469
793
3942
3943
1143
365
1136,1244
2676
342,2795,1044
1489
2637,1077,3900
3950
986,2678,1231
3952
2151
2937,2186
4094
3905
3953
722,161
2049,3363
383
333
1332,420
1275,1343
3960
3959
3961
2997
3966
765
3968
3506,4152
4487,1088
3970
1285
2318
3974
3331,2608
114
3978
4330
3100
688,3045
452
45,3090
2299
3986
3987
3989
2686,4304
869
3997
2548
894,1111
4000
680,2402
3242
3195,158,4181
159,2613
3032,2771
2798
3683,1303
4005
3027,3259,2231,1877
3004,882,2372,2678
1083,3739
2880,2903,1875,4194
4009
584
4012
297,1801,2313
2056,1114
3089
4019
281
3058
3191,768
4481,1495,883,499
4029
716
4031
2653,2618,2987
4034
4035
33
2327,715,2273
944
3328
2002
3709,1742
4359,1189
2277,840,1494
4049
2139,3387
1921,2485
4046
2420,2450,3173
2561
1351
4055
4056
1665
4059
1025,3640
1664
1329
4064
3260
3344
702,3897
4063
3555
4070
1343
4077
4067
4074
4041,4186
2543,2656
1370
3480
1716
4081
1498,4120
2213,3802,3621
4083
3158,2156
2390
2784,1795,3049,1212
941
2485
3844,2878,2101
2062,439,2495
1214
2887,3947
4064,2942
2628
1435
3612
231,3865
4101
2414,412
455
4106
3467
1656
19
4111
4113
3344,3862,1898
4114
2667
2631
431,823
4116
15
3134
2173,198,2921,397
1571
2094
800
2262
1022,816
3503
3482,1191
1603
4131
3459,3955
1826,1687
4133
3065,4193
3196
1611,372,164
2351,2869,413,2218
1426
4137
4141
3810,2803
3655
1663
2813,3958
1301
4151
4150
1343,1301
3775,4491
762,4205,2931
2132,2941
4155
4157
4158
4159
4124,808
1424,2396
2485
432,1798
4164
304,1023
2466,3484
4475,1196,2689,4048
4169
4178
2852
1457,205,7
4170
1669,1063
4175
2114,3518
2475,2837
975,566,2180,915,161,3203
4178
1186,2319
4183
1040
4369
2934,2320,2514,359,3701,2007,901,2851,3895,3433,3571,3867,2725,2531,2682,587,2993,480,4374
4191
4192
2304
4195
1340
1042
2151,502
2597,1057
2276,1301
4036
4205
1234
2978
3300
4209
4208
1349,2350,3838
1451
2703
4214
1985
4215
4216
1790,950
4219
1465
4225
1571
2445
4226
647,766,4500,2808,4419
3612,4003
2538,2046,2779
4230
2572
3967
4232
601
3585,448,2127
3430
4240
997
1821,2042,1572
4241
3087,2887
1059
3780,667
4248
2907
1911,2631
4254
4255
4260
2458
4261
4263
279,2705
2671,3691
3652
1552,2836
2140
4269
4270
3170
2398,1241
2665,335
4276
4277
2184,2355
4280
4281
328
972,2439
4392,1302
4287
4288
333
3009,3310
543,2722,2783
4292
2339
1672
339,3171
2288
4298
4302
4300
2918
3931,3623,3618,2353,2856,3898,2108,2156,2310,3620,1302,2138,2032,1017,3360,4031,1100,3824,1634,3549,3700,3544,4292,2517,3020,942,1239,2794,1647,2812,3488,4101,3702,1137,4287,1541,79,2945
3108
4306
2239
3729
2238
1168,2695
2068
3691,450
4310
1883,2154
257,4420
4317
4318
3969,3778,4462,4115
2655
3908
3223
798,1079
998,1854
2407
1267
439
4303
326,95
609
4326
4327
2660,4285,2472
996
580
2378
1736,1339
3048
1221,2249
4335
4338
4337
4339
2886
3278,785,3521
1618
67,3114
3984
4174
1086
3103
2829
2803,1803
4356
1743,1549
4113
1019,2455,2600
4360
4393
3354
4362
2846
3015,3634,4388
2863,787,2809,2644,2187
4366
2008,336,1071
966
4370
794,2289,930,3229
2103
772,2907
4376
2573,3635
4379
4380
4281
2465
3210
4384
1321,1143,1498,2400
1059
1637
3357
4392
485,2482
479,2935
3651
2243,2562
4396
507,2004,1263
931,467
4404
4403
4406
2072,2858
4408
1274
1928,1699,2312
4125,3647
4348,241
121
1513
268
4415
800
645
2778,1819
1562
2053
660
2920
2204,174
297,1865
1867
4426
829
4428
819,1956,999,2554
4434
4436
4439
1529,387
87,1167
3018,176,168
2638
4133
4219,2655
4444
4
1351,2422
4381,2814,2094,2854,1978
4450
3022
3907,3827,2741
1983
548
4456
3477,297
3751,104
1064
2309,2727
4309
4463
1098,2020
1368,1671,216,2251,2278,672,2889,3809,6,848,782,2029,3759,4274
1095
4092
2708,3047
623
2885
4334
2556
800,1752,1544
4468
2263
867
107,471,690
4471
1859
4476
1467,4335
1006
157,118
161,3209
4480
4482
3914,1091
451
74,545,242
2621
4487
4335
3881
4488
1467,3318
3253,224,2516
4490
4492
2002
608
4495
482
3389
565
2215,2899
