30,62
99,138
101,133
43,143
42,103
52,153
155
9
25,62
40
20,129
30
25
0,4,28,31,38,47,79,93,115,121,123,137,144,179
27,156
205
183
141
69,184,193,196
194
117
11,194
89
69
168
120,122
127,185,208
55
22,156
156
22,159
58,94,172,201
51,70
111
173,188
41
59,134
13,207
96
139,157
139,162
39,125
7,161
16,84,97,150
44
23
30,81,117,155,200
27,64
80
84,97,106,150
108
191
139,153
200
72,74
133
9,194
129,198
95,131
16,84,97,174
180,187
85,184,193,196
35,75
66,135
185,203
22,77
29,91,170,202
140,198
65,142
61,99
50,168
90,203
1
24
98
39
6,175
88,156
5,48,82,113,139,162
74,192
59
15,161
24,159
8,138
13,56
171
68
49,199,209
81
118,163
15,71
7,180
37,53
26,40
139
108,197
43
61
19,156
175,204
58,151
112,190
64,80
101
36,175
138
2,105
54
166
34,177,181,182
127
116,190
145,188
153
46,167
6,141
60,194
36,148
78
32,134
43,60
64,107
33,57,110,114,130,169
67,206
6
178
43,125
74,83
175
189
10,14,92,119
152,164
76
