0,1
5
977,2296
1172
1172
10
214,24
11
13
14
15
16
17
445,2566
129,500
801,2366,2412,2590,2569
2406,701,2594,2571,2339
2574,1042
2575,1062
1062,1433,2579,2575
2574,2566,2396,676,2570,2312,2593,1042
445,2566,676,2570
129,500,2571,701
754,2349,2568,1090,2410,2576,2595,2572
2412,2590
21
22
24
26
27
30
31
32
33
34
35
36
37
30,224
41
42
44
45
46
47
48
54
55
56
57
58
59
60
64,65
67
71
73
74
76
78
79
80
83
85,86
88,89,90
92,103,118
93
94
95
96
40,6
98
99
383,100
106
107
108
109
111,2,112
113
114
110,114
115
115,116,117
116
117
119
120
122
123
124
125
127
129
133
134
135
136
138
139
141
142
143
144
145
147
148
155
156
157
159
160
161
162
164
165
166
167
168
170
171
172
173
175
176
181
182
183
184
185
186
188
189
190
191
193
194
197
199
202
203
485,1323,2056
2215,1661
1661
207
208
209
213
215
216
217
218
219
220
221
222
225
226
228
230
231
232
235
236
237
239
240
241
242
243
244
246
247
248
249
253
254
256
257
258
260
261
263
265
267
268
269
270
271
273
277
279
280
282
283
284
285
286
290
291
292
293
294
296
297
299
303
304
305
306
307
308
311
312
313
316
317
320
322
323
324
328
329
330
331
332
333
334
335
336
337
338
339
340
341
342
343
344
345
346
347
348
349
350
351
355
356
357
358
359
360,361
780,1471,2457
364
365
367
368
369
370
373
374
375
377
378
379
380
381
387
388
389
390
2282,2199,393
2284,2199,393
1673,325,1672
2457,490
2089,490,2457
1831,984,394
396
399
400
402
403
1867,1786,403
404
405
1481,1727
1481,2264
410
412
413
414
415
416
417
419
420
421
427
1572,427
416,627
434
438
440,439
441,442,443
444
445
1432,445,2396,676,1042
676,1432,445,2396,2312,1042
446
448
449,1776
453,451
450,452
454
455
456
457
458
463
469
463,469
470,464
472,466
467,473
2056,480,485,1323
480,2307
481,2307
535,482
483
483,535
484
486
491
492
2024,492,1870
493
2517,493
493,2646
2711,2689,2835,2798,2510
496,497
1596,2729,498
500
2339,1062,1433,2406,701,500
501
503
508
513
518
519
528
536,534
542,540,537,546,543,539,544,2261,545,541,547
548
549
551
552,2486
2487,2488
555
1464,754,555,2410,1090
2101,935,445
935,555
563
2060,2649,1886
564
567
568
569
572
573
574
574,2564
575
576
577,1729
1012,576
581
582
590
591
594
594,1566
1463,192,1455
597
598
600
601
602
603
605
606
607
608
609
493,609
1089,609
611
598,611
615
616
617
621
622
626
1730,628
629
633
634
635
648,638
647
654,651,652,649,653,656,650
657
658
659,780
662
663
666
674,669
670
671
1042,1432,2396,676
2396,1042,676
677
678
679
680
681
681,2031
683
684
685
688
689
692
828,836
2600,819
693
699
700
701
2339,2406,701
701,2406
701,1062,1433,2406
702
703
704
705
710
712,711
713
714
715
2274,1590,2190,2189,2295
722,719,720,717,718
721
724
725,726,728,727
1995,729
730
731
732
733
734,2498
738
2418,846,1779,749,750,604,595
645,747,655
752
753
754
754,1090,2410
755
755,165
755,1027,165
761
760,1887
764
765
767
2664,2828,2832,2703,2561,2784
768,767
997,770
770,998
778
780
782
783
784
1654,1653
785
786
787
788
789
790
791
792
2204,2203,1214,1784,1785
796
797
799
799,2358
2412,801,2366
2412,801
2569,801
759,2628
2629,759
802,704
803
804
805
806
807
809
812
818,813,821,817,815,814,816
825,829,824,822,826,823,827
830,835,832,831,834,837,833
838
839
840
842
843,1630
844
1955,844
848
849
850
851
852
853
855
856
857
858
859
860
861
863
864
865
866
867
868
870,869
2607,2693,2763,2827,2743
871
873,871
873
2810,2665
876,979
877,878
879
881
882
884
885
886
887
888
890
892
893
894
895
896
897
1708,1711
898
97,39,72
836,2600
2555,645
820,828,836
899
901
902
904
905
906
907
909
1042,911
912
913
915
916
917
918,2033,2642,1729,1093
918,1094,2033,2643,1729
1729,1093,2761,918,2033
1729,918,1094,2033,2762
920
921
922
923
924
925
949,927,926,500
926,500,927,950
928
929
930
931
1759,624,675
933
872
934
992,2395
991,2395
936
937
938
1935,1580,1899,2260
948
949
950
953
955
956
956
957
958
959
961
967,963
968,964
949,969
969,950
970
2140,847,1930,2091,1898
971,970
972
978,976
979
981
983
1832,1793,1805,1841,1838,1840,1830,1826
987
989
991
992
997
1000
1001
1002
1063,1090
578,1005
1186,2573
1012,1007
1090,1003
1012,1008
1009,1011
1011,1010
1017,1016
1014,1015
1004,1013
1020
1021
1022
1023
1024
1025
1026
1027
1027,165
2419,1027
2305,1028
1030
779,1030
1035
1035,1036
1036
1037
874,1037
1059,1040
1061,1041
1042
1043
1045
1046
1012,1005,1052
1004,1052,1012
2792,2621,2680,2612,2682
1054,1055
1053,1004,1012
1056
1057
187,1057
1058
1059
1060
1060,1059
1061
1062
1064
1066
1067
1077,1074
1075
1076
1078
1079
1082
1083
1084
1085
1087
1088,937
1090
1730,1091
1091,1729,1093
1091,1729,2720
1092,1730
1094,1092,1729
1092,2721,1729
1095
1096
1107,1103,1105,1106,1098,1115,1114,1112,1097,1108,1100,1113,1099,1109,1111,1101,1104,1102,1110
1116
1117
1130,1123,1120,1125,1119,1134,1136,1118,1132,1124,1131,1135,1126,1127,1122,1129,1128,1121,1133
1142,1141,1143,1137,1140,1139,1138
1145
1146
1147
1148
1149
1150
1151
1167,1161,1163,1162,1160,1168,1158,1166,1164,1152,1159,1169
1158,1153,1170,1152,1159,1165,1155,1167,1162,1164,1169,1168,1161,1163,1157,1154,1160,1166,1156
1171
1172
1174
1175
1176
1177
1181
1182
2301,1182
1183
1184
2577,1469,2573,1186
1185
1190
1191
1192
1193
1194
1195
1196
1197
1171
1198,1335,1203
2209,1199
1202
1205
1206
1207
1208
1210
1211
1215
1217
1219
2672,1219
1222
1223
1225
1226
1227
1228
1232
1797,1813,1821,1798,1791,1812,1823,1818,1803,1799,1824,1817,1820,1796,1790,1800,1815,1792,1794,1822,1816,1814,1795
1235
1237
1238
2195,1073,1324,476,1069,2192,1071,2194,1068,1072,2193,1070
1241,1245,1242,1246,1252,1250,1240,1249,1247,1244,1243,1251
1262,1263,1258,1259,1256,1254,1265,1264,1255,1260,1253,1257
1293,1297,1304,1296,1292,1299,1298,1301,1295,1302,1294,1303
1314,1313,1309,1306,1305,1315,1310,1307,1312,1308,1311,1316
1318
1319
1320
2672,1320
1322
1261,1248,1287,1300,1317,1274
1327
1329
1330
1330,1332
1331
1333
1334
1336
1337
1338
1339
1340
1342
1343
1344
1345
1354,1350,1352,1346,1357,1347,1348,1351,1353,1349,1355,1356
1364,1359,1358,1369,1367,1365,1366,1362,1360,1368,1363,1361
1397,1405,1400,1401,1404,1399,1395,1403,1394,1402,1398,1396
1406
1408
1410
1411
1412
1413
1414
1415
1416
1417
1418
1419
1420
1421
1422
1423
1424,1426
1425
1427
1433
1434,1435
1438
1439
1442,1441
2715,1440
1445
1451
1452
1453
1458,1456
1457,287
1459
1460
1464
1416,1465
1468
1488,2122
2017,2034,2016
2577,1469
1470
301,200
2329,1807,1806,1444
1472,1234
1475
1476
408,1480
1482,407
1485,1486,1487
1485,1486,1487
422,1600,1896,1902,1484,2041,980
1494,1492,1491,1490,1489,1495,1493
1502,1500,1496,1501,1499,1497,1498
1503
1506,1505,1508,1510,1509,1507,1504
1515,1514,1517,1516,1511,1513,1512
1522,1521,1523,1524,1518,1520,1519
1529,1525,1528,1527,1531,1530,1526
1532
1533
1535
1536
1537
1539
1540
1541
1542
1543
1546
1549
1550
1551
1552
1553
1554
1555
1556
1558
1559
1561
1563
1565
1566
1567
1569
1570
1571
1572
1573
1575
1578
1581
1582,1929
1583
1587
1576,1588
2310,1589
1591
1592
1593
1594
1595
1599
1602,1601
1605
1606
1609
1610
1545,1560,1548
1611
2276,2789,2788,1607,2611,1609,1608,1610
1615
1617
839,1617
1618
2818,2826,2662,2754,2516,2699,2791
1619,949
1620,1621
2791,2774,2826,2699,2790
1622,949
1624,1623
1570,1628
1572,1629
1632
1633
1634
1635
1636
1640
1641
1642
1643
1643,2326
1647
1648
1649
1650
1651
1652
1654
1655
1657,1656
1655,2559
2560,1655
1657
1658
1660
1665
1666
1667
1668
1676,1225
1677
1679,1677
1678
1679
1680
1680
1678,1680
2179,1680
1681,2181
1682
1682,1685
1683
1685,1683
1684
1684,1685
1685
1690
1691,1686
1691,1687
1691,1688
2560,1692
1693
1694
1698
1699
1702
1704
1705
1706
1710,1707
1711
1712
1714
1705,70,1704,66
376,1709,1706
1716
1719
1721
1722
1724
2698,2702,2776
1729
1729,445
1730
1731
1732
567,692
1733
1740
1741
1742
1743
1755
1756
1757
1759
1762,1760
1761,1763
1760
1761
1762
1763
1764
1765
1766
1767
1768
1769
1772
1776
2783,2741,2473,2836,2660,2697
1778
2150,1781,1869,1780
1788
1789
1835,1825,1833,1827
1826,1836,1828,1834
1803
1831
1845,1846,1847
1844
1848
1849
1850
1851
1852
1854
1855
1856
1857
1858
1860
1865
1872
1877
1877,286
1878
1879
1884
1887
1888
1889
1890
1900
1901
1903
1904
1905
1906,1908,1907
1909
1912
1913
1925
1926
1927
1928
1929
1930
1933
1934
1936
1937
1938
1941
1942
1991,1942
1944
1944,1942
1945
1946
1947
1948
1951
1955
1956
1957
1959
1961
1962
1965
1966
1967
1970
1972,1970,1971
1971
1973
1974
1975
1976
1977
1978
1982
1983
1984
1985
1986
1984,1986
1987
1989
1990
1991,1982
2047,2048,2046
2520,1993
1995
1996
2000
2001,1987
2003
2004
2005
2008,2007
2009
2010
2011
2012
2015
2017,2034,2016
2018
2020
570,2302,2303,793
2092,2150,2020
794,2302,2022,2303
997,2162,2025
2026
2027
2028
2416,2030
1729,1093,2642,2033
1729,2761,1093,2033
2033,1729,1094,2762
2037
2038
2039
2043
2051
2052
2053
2054
2060,2649
2062,2061
2063
2067
2069
2070
2074
2083
500,2077
2077
2079,500
2082
2079
2084
2085
2086
2088
2089
2090
2092
2093
2094
2096
2099
2100
2101
2103
1483,1477,1478,1479
1477,1479,1483,1478
2104
2105
2106
445,1042,555,1090
2109
2113
2586,2113
2114
1090,2121
2124,2520
2125
2520,2125
2126
2499,2126
2127
2127,2497
2499,2127
2499,2128
2135
2136
2137
2141
2143
2144,914,731
2149
2150
2151,2496
2152
2153
2778,2780,2155,2777,2779,2153
2156,2154
2160,2161,2159,2158
2164
2165
2166
2167
2169
2170
2171
2172
2178
2179
2180
2182
2183
2184
2188
2191
2202
2208,2718
2212
2212,2262,2415,780,2275
2213
2214
2216
2217
2218
2219
2221,2220
2222
2223
2224
2228
2243,2236,2235
2240
2238
2245,913
2245,1488
1843,2245,961
1843,2245,1228
1843,2216,959,2245
2185,2237
2177,2246
2185,1443,2237
2186,2237,1440
2244,415
2244,2216,417
1843,1066,2244
2216,957,2244,1843
2188,2244
2239
1592,2247
2247,1699
1843,2247,1225
2183,2247,1843
1843,863,2247,2216
1046,2247,1843,2216
2216,1843,2010,2247
2248
2250
2252
2531,2252
2253
1587,1942,2253
1942,2253
2254
2255,689
2257
2257,1942
2258
2259
2262,2263
2263
2816,2636,2637,2639,2529,2817,2638
2266
2267
2269
2270
2272
2273,2391
2275
2277
2278
2281
2282
2285
2286
2287
2292
2293
2296
2302
2303
2307
2308,2135
2309,2135
671,2309,2135
2311
2313
2314
2315
2316
2317
2319
2320
2321
2322
2323
2326
2327
2328
2332
2333
2337
2376,2375,2406,2594,2591,2339
2342
2343
2345
2346
2348
2479,2350
2351
2129,2352
2353
2354
2355
2358
2359
2360
2361
2362
2363
2364
2411,2365
2412,2590,2366
2366,2590
682,2347
2367
2367,2368
2369
1200,1201
2370
2373
2374
2390
2393
2394
2396
2397
2398
2399
2400
2401
2397,2401
2403
2404
2405
2406
2407
2409
2410
2384,2382,2380,2387,2388,2379,2146,2389,2386,2377,2383,2385,2381,2378
2411
2413
2415
2417
2419
2420
2422
2605,2464,2833,2745,2744
2423,2424
2425
2426
2427
2428
2431
2432
2434
2454
2455
2457
2458
2459
2462
2463
1916,1924,2467,1920,1919,1915,1921,1917,1922,1918,1923
2469
2470
2472
2477
2481
2484
2485
2491
2494
2496
2497
2492,2493,2494,2495
2499
2501
2502
2503
2504
2505
2506
2507
2509
2511
2514
1029,674,2306,2305,1028,669
2520
2520,1992
2523
2526,2031
2640,2805
2528
2530
2806,2641
2533
2528,2533
2537,2540,2536,2539,2535,2534,2538
2545,2547,2544,2541,2542,2543,2546
2553,2548,2552,2550,2551,2549,2554
2557
2560
2564,2573
2577,2573,2564
2567
2575,129
129,131,2580
2568
2571
2575
2578
2579
2581
2582
2584
2585
2586
2312,2593
2594
2594,2339
2595
2597
2598
2599
2601
2608
2611
2614
1322,660,2740
2736,2615
2740,666
2616,660
2616,1322,660
1861,2616
1861,890,666,2740
2430,890,666,1861,2740
1759,469,932
423,2163,584
2625
2634
1730,2642
1729,2642,1093
2643,1729,1094
2642,1730
2643,1730
2644
2645
300,363,362
2646
962
1777,2651
2655
2656
2657
2670,2668
2667,1730
1730,2669
2296,688,1995
2460,2518,2676
1954,1953,2674,2460
2679
2681
520,524,2297,523,519,516,2498,587,689,525,688
588,1051
2695
2696
616,2084,637,685,1778,1565
688,520,517,519,689,587,2296
2701,2498
2706
1803,2705
2707
2708
1093,2709,1729
2709,1729,2720
1729,2710,1094
1729,2710,2721
2713
2714
104,377,62
2676,2751,2460
2725,2457
2719,2031
661,2736,606,1322,2722
2723,608
2724
2726
2730
2733
2734
2736
2737
2738
2738,1987
2752,2460,1954,2674,1953
2739
949,2457,207,2646,979
410,2003
2746
2748
2731
2733
2753
2759,2757
1730,2756
1730,2758
1729,2756,1093
1729,2756,2720
1729,1094,2758
2760
2766
2768
2769
2772
2773
2775
2781
2793
689,516,688,1995,2297
523,2795,525,524
2799
2801
2802
2804
2809
2812
2821
2822
2823
2824
2825
2829
2834
2440,2444,2443,2450,2438,2442,2437,2439,2445,2451,2435,2447,2449,2446,2452,2441,2436,2448,2453
2837