0,0,-1
1054,0,1
2271,0,1
20,1,1
540,1,-1
560,1,-1
24,2,1
443,2,1
540,2,-1
763,2,-1
219,4,-1
266,4,1
1459,4,-1
1460,4,1
4,5,-1
1549,5,-1
2316,5,1
9,6,-1
54,6,1
1082,6,-1
1738,6,1
192,9,-1
197,9,1
748,9,0
899,9,-1
1433,9,0
2062,9,0
192,10,-1
197,10,1
1093,10,1
1909,10,-1
193,11,1
237,11,-1
1239,11,1
1723,11,-1
192,12,-1
197,12,1
899,12,-1
900,12,1
13,15,-1
225,15,1
1459,15,-1
1460,15,1
243,16,-1
413,16,1
1080,16,1
1459,16,-1
1460,16,1
15,17,-1
220,17,1
1459,17,-1
1460,17,1
1082,21,1
1316,21,-1
31,23,-1
443,23,-1
540,23,1
19,24,1
20,24,-1
443,24,1
540,24,-1
30,34,-1
443,34,1
540,34,-1
30,35,-1
33,35,1
540,35,-1
30,36,1
33,36,-1
443,36,-1
540,36,1
30,37,1
33,37,-1
443,37,-1
540,37,1
34,39,-1
1738,39,-1
2038,39,1
749,41,1
781,41,-1
898,41,-1
1934,41,1
36,43,-1
37,43,1
2044,43,-1
36,44,-1
36,44,1
38,46,-1
970,46,1
1080,46,-1
1459,46,1
1460,46,-1
1738,46,1
39,47,1
44,47,-1
443,47,1
540,47,-1
48,53,-1
1022,53,1
1082,53,-1
1276,53,1
48,54,-1
1022,54,1
1082,54,-1
1276,54,1
49,56,-1
1023,56,1
1082,56,-1
1276,56,1
50,57,-1
749,57,1
1607,57,1
2072,57,-1
51,59,-1
749,59,1
1624,59,1
2072,59,-1
46,61,-1
1017,61,1
1150,61,-1
1574,61,1
54,62,-1
1082,62,-1
1204,62,1
58,65,-1
58,65,1
66,66,1
67,66,-1
1028,66,-1
1030,66,1
1082,66,1
85,69,1
87,69,-1
1457,69,-1
1458,69,1
96,72,-1
1080,72,-1
1462,72,-1
2157,72,1
112,73,-1
1080,73,1
1459,73,-1
547,78,-1
749,78,1
138,80,-1
869,80,1
1082,80,-1
2232,80,1
142,81,-1
781,81,-1
1934,81,1
200,84,-1
258,84,1
200,85,-1
1082,85,1
1602,85,1
146,86,-1
749,86,1
2072,86,-1
147,90,-1
1023,90,1
1082,90,-1
1276,90,1
150,94,-1
749,94,1
1693,94,1
2072,94,-1
434,96,-1
669,96,1
260,98,-1
930,98,1
1744,98,1
192,99,1
197,99,-1
1093,99,-1
197,100,-1
197,100,1
2064,100,-1
2064,100,1
168,108,-1
168,108,1
170,111,-1
170,111,1
171,112,-1
171,112,1
172,113,-1
219,113,1
1082,113,-1
173,114,-1
1083,114,1
1549,114,-1
174,115,-1
1083,115,1
1549,115,-1
1956,115,1
176,117,-1
1080,117,-1
1082,117,1
1461,117,1
1462,117,-1
1480,117,0
1549,117,-1
899,118,-1
926,118,1
1082,118,-1
540,120,-1
1597,120,-1
1598,120,1
1083,123,1
1549,123,-1
1598,123,-1
1712,123,1
540,126,-1
1959,126,-1
1996,126,1
218,130,-1
219,130,1
540,130,-1
749,130,-1
1082,130,1
1684,130,1
218,131,-1
219,131,1
497,131,1
540,131,-1
749,131,-1
1082,131,1
1684,131,1
218,132,-1
218,132,1
219,133,-1
219,133,1
221,135,-1
749,135,-1
790,135,1
222,136,-1
547,136,1
749,136,-1
223,137,-1
749,137,-1
1145,137,1
200,140,1
258,140,-1
242,141,-1
434,141,1
1549,141,-1
242,142,1
245,142,-1
1082,142,-1
1239,142,1
229,143,-1
1080,143,1
1459,143,-1
1460,143,1
230,144,-1
749,144,-1
2311,144,1
231,145,-1
271,145,1
749,145,-1
232,146,-1
1080,146,-1
1461,146,1
1462,146,-1
1838,146,1
267,147,-1
802,147,1
1080,147,-1
1082,147,1
1461,147,1
1462,147,-1
1549,147,-1
262,148,-1
1080,148,-1
1082,148,1
1462,148,-1
1549,148,-1
264,150,-1
1080,150,-1
1082,150,1
1461,150,1
1462,150,-1
1549,150,-1
1955,150,1
669,152,1
1672,152,-1
270,156,-1
1080,156,-1
1461,156,1
1462,156,-1
1549,156,-1
272,158,-1
273,158,1
626,158,-1
749,158,1
279,163,-1
344,163,1
1080,163,-1
1461,163,1
1462,163,-1
280,164,-1
345,164,1
1080,164,-1
1462,164,-1
283,166,-1
347,166,1
1080,166,-1
1461,166,1
1462,166,-1
284,167,-1
348,167,1
1080,167,-1
1462,167,-1
278,169,-1
669,169,1
1080,169,1
1459,169,-1
1460,169,1
1080,170,-1
1461,170,1
1462,170,-1
2155,170,-1
285,171,1
293,171,-1
1080,171,-1
1082,171,1
1461,171,1
1462,171,-1
1549,171,-1
299,173,-1
2285,173,1
308,176,-1
1071,176,-1
1261,176,1
309,177,-1
1082,177,-1
2029,177,1
310,178,-1
1080,178,1
1082,178,-1
2032,178,1
118,179,1
303,179,-1
1462,179,-1
312,181,-1
321,181,1
1461,181,-1
316,186,-1
1082,186,-1
1204,186,1
1738,186,1
40,187,1
316,187,-1
443,187,1
540,187,-1
316,188,-1
317,188,1
443,188,1
540,188,-1
322,197,1
331,197,-1
1080,197,1
1461,197,-1
1462,197,1
332,198,-1
1293,198,1
331,199,1
332,199,-1
1028,199,-1
1030,199,1
1082,199,1
336,202,-1
342,202,1
1080,202,-1
1082,202,1
1461,202,1
1462,202,-1
1549,202,-1
336,203,1
343,203,-1
262,204,1
337,204,-1
1080,204,-1
1082,204,1
1461,204,1
1462,204,-1
1549,204,-1
338,206,-1
338,206,1
264,207,1
333,207,-1
1080,207,1
1461,207,-1
1462,207,1
333,208,1
339,208,-1
341,212,1
346,212,-1
1080,212,-1
1461,212,1
1462,212,-1
364,216,-1
1080,216,1
1459,216,-1
1460,216,1
908,218,1
1082,218,-1
2090,218,-1
2091,218,1
412,219,-1
413,219,1
497,219,1
540,219,-1
749,219,-1
277,220,1
1082,220,-1
1623,220,-1
2068,220,1
443,221,1
540,221,-1
1082,221,-1
2103,221,-1
2103,221,1
443,224,1
540,224,-1
598,224,-1
598,224,1
1082,224,-1
540,225,-1
1738,225,1
2104,225,-1
443,226,1
540,226,-1
1082,226,-1
1779,226,-1
1779,226,1
443,227,1
540,227,-1
1082,227,-1
1738,227,1
1779,227,-1
1779,227,1
443,228,1
540,228,-1
598,228,-1
598,228,1
1082,228,-1
602,231,1
1082,231,-1
1655,231,1
1656,231,-1
133,232,1
1082,232,-1
1287,232,-1
1775,232,1
424,240,1
425,240,-1
1327,240,-1
443,242,1
540,242,-1
547,242,1
660,242,-1
749,242,-1
1362,242,0
1551,242,1
43,245,1
1082,245,-1
1406,245,-1
497,247,1
540,247,-1
749,247,-1
1684,247,1
2051,247,-1
2052,247,1
497,249,1
540,249,-1
749,249,-1
2051,249,-1
2052,249,1
399,251,-1
400,251,1
540,251,-1
749,251,-1
1082,251,1
1684,251,1
466,256,1
468,256,-1
1082,256,-1
468,257,-1
648,257,1
1082,257,-1
1080,260,-1
1082,260,-1
1440,260,-1
2139,260,1
2217,260,1
457,269,-1
458,269,1
1082,269,-1
1082,270,-1
1252,270,1
1513,270,-1
464,271,-1
470,271,1
831,271,-1
457,272,1
464,272,-1
1082,272,-1
466,274,-1
466,274,1
469,275,-1
469,275,1
443,276,1
540,276,-1
1283,276,1
1315,276,-1
559,278,1
568,278,-1
1082,278,-1
476,279,-1
478,279,1
1941,279,-1
478,282,-1
478,282,1
480,283,-1
481,283,1
530,283,-1
32,287,-1
443,287,1
540,287,-1
31,288,1
32,288,-1
443,288,1
540,288,-1
774,292,1
1054,292,-1
1080,292,-1
1461,292,1
1462,292,-1
852,293,1
871,293,-1
1080,293,1
1461,293,-1
1462,293,1
1080,294,-1
1461,294,1
1462,294,-1
1771,294,-1
393,297,-1
394,297,1
1728,297,-1
2062,297,1
489,300,-1
491,300,1
2190,300,-1
647,303,-1
648,303,1
1080,303,1
1082,303,-1
1459,303,-1
1460,303,1
1080,307,1
1459,307,-1
1460,307,1
1744,307,-1
2281,307,1
1080,308,1
1082,308,-1
1148,308,-1
1459,308,-1
1460,308,1
1574,308,1
274,310,1
275,310,-1
1080,310,1
1459,310,-1
1460,310,1
586,312,1
587,312,-1
1082,312,-1
1459,312,-1
1460,312,1
1293,315,-1
1300,315,1
1549,315,-1
83,319,1
839,319,-1
1549,319,-1
101,321,-1
111,321,1
1461,321,-1
99,322,1
104,322,-1
1461,322,-1
119,325,-1
125,325,1
1549,325,-1
104,326,1
797,326,-1
1549,326,-1
105,327,1
839,327,-1
1549,327,-1
368,333,-1
378,333,1
1461,333,-1
1462,333,1
496,336,-1
540,336,-1
2247,336,1
83,339,-1
1412,339,1
1549,339,-1
86,340,-1
93,340,1
1549,340,-1
88,341,-1
1300,341,1
1549,341,-1
102,344,-1
269,344,1
1549,344,-1
105,346,-1
369,346,1
1549,346,-1
114,347,-1
303,347,1
1549,347,-1
119,348,-1
304,348,1
1549,348,-1
371,351,1
797,351,-1
1549,351,-1
67,354,-1
1146,354,1
497,357,-1
1082,357,-1
1515,357,1
443,358,0
497,358,-1
559,358,1
1082,358,-1
307,360,1
988,360,-1
1514,360,1
1957,360,-1
604,363,1
605,363,-1
1082,363,-1
1083,363,1
1514,363,1
1549,363,-1
1082,364,-1
1549,364,-1
1599,364,1
1711,364,-1
521,366,-1
522,366,1
2291,366,-1
497,367,1
558,367,-1
1684,367,1
1692,367,-1
524,368,-1
540,368,-1
1582,368,1
619,369,-1
745,369,1
1082,369,-1
1835,369,1
651,371,-1
651,371,1
533,374,-1
548,374,1
1697,374,-1
1888,374,1
533,375,-1
549,375,1
1699,375,-1
497,379,1
532,379,1
540,379,-1
1242,379,-1
1243,379,-1
1684,379,1
543,382,-1
544,382,1
1082,382,1
101,387,1
797,387,-1
1549,387,-1
107,388,1
797,388,-1
1549,388,-1
108,389,1
839,389,-1
1549,389,-1
121,390,1
862,390,-1
1549,390,-1
554,392,-1
1081,392,-1
1082,392,1
1456,392,1
1461,392,-1
1549,392,-1
553,394,-1
654,394,-1
1436,394,1
540,399,-1
1684,399,1
1082,400,-1
1178,400,1
1628,400,-1
484,402,-1
485,402,1
540,402,-1
749,402,-1
1684,402,1
2074,402,1
562,405,-1
1082,405,-1
1919,405,1
497,406,1
1082,406,-1
1580,406,-1
1738,406,1
562,407,1
570,407,-1
1168,407,-1
1422,407,1
471,408,-1
1082,408,-1
1749,408,1
2039,408,1
453,409,0
952,409,-1
954,409,1
993,409,1
1035,409,-1
451,410,-1
452,410,-1
453,410,1
1042,411,1
1052,411,-1
1082,411,-1
1302,411,1
593,412,-1
771,412,1
2063,412,-1
2082,412,1
2188,413,-1
2188,413,1
582,417,1
612,417,-1
582,418,1
2189,418,-1
545,421,-1
546,421,1
1556,421,-1
399,422,-1
399,422,1
63,423,1
399,423,-1
311,425,1
399,425,-1
1080,425,-1
1082,425,1
1461,425,1
1462,425,-1
1549,425,-1
98,427,1
399,427,-1
1080,427,-1
1082,427,1
1461,427,1
1462,427,-1
1549,427,-1
130,428,1
399,428,-1
1080,428,-1
1082,428,1
1461,428,1
1462,428,-1
1549,428,-1
158,429,1
399,429,-1
1080,429,-1
1462,429,-1
1549,429,-1
67,430,1
399,430,-1
1549,430,-1
70,431,1
399,431,-1
1549,431,-1
86,432,1
399,432,-1
1080,432,-1
1082,432,1
1461,432,1
1462,432,-1
1549,432,-1
399,435,-1
1549,435,-1
1615,435,1
399,436,-1
1549,436,-1
1615,436,1
669,437,1
1240,437,-1
1038,442,-1
2018,442,1
2020,442,-1
1040,443,-1
2020,443,-1
2230,443,1
1041,444,-1
2018,444,1
2020,444,-1
2231,444,1
1047,446,-1
2018,446,1
2021,446,-1
1044,448,-1
1059,448,1
2018,448,1
2023,448,-1
1048,450,-1
1235,450,1
2024,450,-1
991,451,1
992,451,-1
2022,451,-1
1917,452,1
2012,452,-1
2018,452,1
2022,452,-1
579,453,-1
580,453,1
1271,453,-1
1433,453,0
2021,453,0
1236,456,-1
1237,456,1
2018,456,1
2021,456,-1
1048,457,1
1450,457,-1
2021,457,-1
581,460,1
669,460,1
749,460,-1
1228,460,-1
1459,460,-1
1460,460,1
540,461,-1
2207,461,-1
2237,461,1
582,464,-1
582,464,1
586,466,-1
586,466,1
586,469,-1
828,469,1
1100,469,-1
1080,470,1
1100,470,-1
1256,470,1
1831,470,-1
595,473,-1
1034,473,1
489,475,1
593,475,1
594,475,-1
603,476,-1
1461,476,1
1462,476,-1
540,478,-1
1791,478,-1
2255,478,1
38,479,-1
141,479,1
1080,481,-1
1080,481,1
1270,481,-1
1080,482,-1
1270,482,-1
1270,482,1
449,483,1
1082,483,-1
1459,483,-1
1463,483,1
620,485,-1
1080,485,-1
1082,485,1
1461,485,1
1462,485,-1
1549,485,-1
1732,485,1
1042,486,1
1082,486,-1
1302,486,-1
489,488,-1
490,488,1
2104,488,-1
489,489,1
490,489,-1
894,492,1
2105,492,-1
443,495,1
540,495,-1
547,495,-1
660,495,0
1096,495,-1
1340,495,0
1413,495,1
1738,495,1
601,496,-1
755,496,1
899,496,-1
14,497,1
1080,497,-1
1446,497,-1
625,498,-1
1080,498,1
1242,498,-1
1446,498,1
443,499,1
540,499,-1
625,499,1
1080,499,1
1082,499,-1
1096,499,-1
1248,499,-1
1249,499,1
1738,499,1
540,500,-1
623,500,-1
1242,500,-1
1738,500,1
1811,500,1
626,501,-1
626,501,1
630,505,-1
631,505,1
1779,505,-1
834,506,-1
835,506,1
1462,506,-1
635,508,-1
1946,508,-1
1947,508,1
635,509,1
1947,509,-1
1574,510,-1
1574,510,1
640,513,-1
662,513,1
781,513,-1
1586,513,1
640,514,-1
781,514,-1
1586,514,1
641,516,-1
662,516,1
1219,516,-1
1624,516,1
443,519,1
540,519,-1
615,519,1
643,519,-1
643,520,-1
645,520,-1
2110,520,1
756,525,1
1028,525,-1
1561,525,1
742,526,-1
2195,526,-1
2196,526,1
2018,529,1
2022,529,-1
2119,529,-1
2120,529,1
655,530,1
656,530,-1
1580,530,1
1581,530,-1
1232,531,1
1238,531,-1
1581,531,-1
621,532,1
1581,532,-1
2120,532,-1
2018,534,1
2023,534,-1
2118,534,-1
573,535,-1
1169,535,1
1537,535,1
1538,535,1
1539,535,-1
49,538,-1
1600,538,1
2109,538,-1
661,540,-1
2109,540,1
1082,541,-1
1558,541,1
1559,541,-1
2160,541,1
756,543,-1
1071,543,1
1082,543,-1
540,546,-1
836,546,1
1661,546,-1
1684,546,1
216,547,-1
239,547,1
568,547,1
569,547,-1
2191,550,1
2192,550,-1
673,552,-1
1549,552,-1
1674,552,1
626,553,-1
1258,553,1
1413,553,0
1577,553,-1
1793,553,0
80,554,-1
1080,554,-1
1407,554,1
1462,554,-1
1549,554,-1
227,556,1
1267,556,-1
1459,556,-1
1080,557,-1
1462,557,-1
1570,557,-1
1673,557,1
168,561,1
705,561,1
706,561,-1
631,562,-1
707,562,-1
708,562,1
711,565,-1
712,565,1
1080,565,-1
1459,565,1
1460,565,-1
713,566,-1
714,566,1
1549,566,-1
713,567,1
714,567,-1
1080,567,-1
1461,567,1
1462,567,-1
1521,567,-1
1522,567,1
8,569,-1
164,569,1
1080,569,-1
1082,569,1
1462,569,-1
1549,569,-1
127,572,1
676,572,-1
1080,572,-1
1462,572,-1
1549,572,-1
58,573,-1
1080,573,-1
1082,573,1
1461,573,1
1462,573,-1
1549,573,-1
127,574,-1
492,574,1
1080,574,-1
1461,574,1
1462,574,-1
1549,574,-1
112,576,1
1080,576,-1
1082,576,1
1461,576,1
1462,576,-1
1549,576,-1
1686,576,-1
112,577,-1
647,577,1
1080,577,-1
1082,577,1
1462,577,-1
1549,577,-1
1658,577,0
113,578,-1
504,578,1
647,578,1
1080,578,-1
1082,578,1
1461,578,1
1462,578,-1
1549,578,-1
504,580,-1
852,580,1
1080,580,-1
1082,580,1
1461,580,1
1462,580,-1
1549,580,-1
295,586,1
479,586,0
481,586,0
871,586,-1
1080,586,-1
1082,586,1
1461,586,1
1462,586,-1
1549,586,-1
58,587,1
1080,587,-1
1082,587,1
1461,587,1
1462,587,-1
1549,587,-1
1571,587,-1
57,588,1
113,588,-1
1080,588,-1
1082,588,1
1461,588,1
1462,588,-1
1549,588,-1
36,590,-1
700,590,1
946,590,0
1080,590,-1
1082,590,1
1461,590,1
1462,590,-1
1549,590,-1
296,591,1
1080,591,-1
1082,591,1
1461,591,1
1462,591,-1
1549,591,-1
2088,591,-1
294,592,1
396,592,-1
1080,592,-1
1082,592,1
1461,592,1
1462,592,-1
1549,592,-1
335,594,1
353,594,-1
1080,594,-1
1462,594,-1
1549,594,-1
178,595,1
651,595,-1
1080,595,-1
1462,595,-1
1549,595,-1
460,597,-1
461,597,1
1080,597,-1
1082,597,1
1461,597,1
1462,597,-1
1549,597,-1
1080,599,-1
1082,599,1
1121,599,1
1311,599,-1
1462,599,-1
1549,599,-1
1080,600,-1
1082,600,1
1127,600,1
1461,600,1
1462,600,-1
1549,600,-1
1706,600,-1
77,603,1
78,603,-1
1080,603,-1
1082,603,1
1461,603,1
1462,603,-1
1549,603,-1
248,605,1
1080,605,-1
1082,605,1
1342,605,-1
1461,605,1
1462,605,-1
1549,605,-1
167,611,-1
653,611,1
1080,611,-1
1082,611,1
1461,611,1
1462,611,-1
1549,611,-1
721,612,-1
722,612,-1
725,612,1
456,615,-1
463,615,1
1080,615,-1
1082,615,1
1461,615,1
1462,615,-1
1549,615,-1
354,617,1
1080,617,-1
1082,617,1
1461,617,1
1462,617,-1
1549,617,-1
1951,617,-1
1080,618,-1
1082,618,1
1461,618,1
1462,618,-1
1549,618,-1
1951,618,-1
159,625,1
1080,625,-1
1082,625,1
1294,625,-1
1461,625,1
1462,625,-1
1549,625,-1
160,626,1
1080,626,-1
1082,626,1
1461,626,1
1462,626,-1
1549,626,-1
2005,626,-1
132,628,1
1080,628,-1
1461,628,1
1462,628,-1
1549,628,-1
1616,628,-1
797,629,-1
1080,629,-1
1082,629,1
1461,629,1
1462,629,-1
1549,629,-1
2198,629,1
651,631,-1
1080,631,-1
1082,631,1
1461,631,1
1462,631,-1
1480,631,0
1549,631,-1
281,635,1
284,635,-1
1080,635,-1
1082,635,1
1461,635,1
1462,635,-1
1549,635,-1
78,636,1
797,636,-1
1080,636,-1
1461,636,1
1462,636,-1
1549,636,-1
737,637,-1
737,637,1
669,639,1
1080,639,-1
1082,639,1
1096,639,-1
1080,640,-1
1082,640,1
1096,640,-1
669,642,1
1080,642,-1
1096,642,-1
669,644,-1
1082,644,-1
1096,644,1
628,647,1
2164,647,1
2168,647,-1
643,648,-1
1070,648,1
2018,648,1
2020,648,-1
547,650,-1
553,650,1
742,650,-1
282,654,1
653,654,-1
1459,654,-1
1460,654,1
283,655,1
744,655,-1
1080,655,1
1459,655,-1
1460,655,1
379,656,-1
792,656,1
1080,656,-1
1461,656,1
1462,656,-1
379,657,1
657,657,-1
1080,657,-1
1082,657,1
1461,657,1
1462,657,-1
1549,657,-1
749,660,1
1072,660,-1
2114,660,1
2116,660,-1
674,664,0
750,664,-1
1080,664,-1
1080,664,1
1460,664,-1
1751,664,1
749,665,1
797,665,1
798,665,-1
1082,665,-1
1082,667,-1
1083,667,1
1549,667,-1
1567,667,1
2188,667,-1
629,668,1
754,668,-1
1825,668,-1
677,669,-1
677,669,1
678,670,-1
1080,670,-1
1098,670,1
1461,670,1
1462,670,-1
1549,670,-1
694,672,-1
1542,672,-1
1542,672,1
243,673,1
755,673,-1
1082,673,-1
569,674,-1
1035,674,-1
1082,674,-1
2128,674,1
756,676,-1
756,676,1
2189,679,-1
2189,679,1
1082,680,-1
1325,680,1
1327,680,-1
1588,680,0
673,682,-1
673,682,1
447,683,-1
497,683,1
1082,683,-1
1757,683,1
927,686,-1
927,686,1
968,687,-1
968,687,1
1738,687,-1
1738,687,1
443,691,0
497,691,0
540,691,-1
540,691,0
660,691,0
768,691,0
885,691,1
948,691,-1
443,692,1
540,692,-1
768,692,0
768,692,1
948,692,-1
948,694,-1
968,694,1
769,695,-1
1082,695,-1
1595,695,1
856,696,1
948,696,-1
970,696,-1
2058,696,1
38,697,1
970,697,-1
1459,697,-1
1460,697,1
1738,697,-1
970,698,-1
1826,698,-1
2058,698,1
799,699,1
970,699,-1
136,701,1
1431,701,0
1692,701,1
1738,701,0
1757,701,-1
2132,701,-1
497,702,1
540,702,-1
1692,702,1
1757,702,-1
781,704,-1
1934,704,1
2072,704,-1
781,705,-1
1082,705,-1
1276,705,1
443,706,1
540,706,-1
969,706,-1
970,706,1
786,708,-1
788,708,1
1596,708,-1
351,709,1
352,709,-1
1080,709,1
1082,709,-1
1080,710,-1
1268,710,-1
1462,710,-1
2322,710,1
47,712,1
1082,712,-1
1573,712,-1
1080,714,-1
1279,714,-1
1461,714,1
1462,714,-1
2305,714,1
647,715,1
2144,715,-1
749,717,1
799,717,-1
1017,717,1
2072,717,-1
799,718,-1
967,718,1
1080,718,-1
1459,718,1
1460,718,-1
800,719,-1
806,719,1
1080,719,-1
1082,719,1
1461,719,1
1462,719,-1
1549,719,-1
169,721,1
497,721,1
540,721,-1
749,721,-1
802,721,-1
1684,721,1
802,722,-1
802,722,1
166,723,1
1080,723,-1
1272,723,-1
1461,723,1
1462,723,-1
1858,723,0
1080,724,-1
1461,724,1
1462,724,-1
2059,724,-1
927,729,-1
1080,729,-1
1461,729,1
1462,729,-1
817,732,-1
1676,732,1
1702,732,1
1017,735,-1
1080,735,-1
1149,735,1
1461,735,1
1462,735,-1
749,737,1
824,737,-1
1346,737,1
2072,737,-1
824,738,-1
824,738,1
987,739,-1
1080,739,1
1459,739,-1
1460,739,1
2209,739,1
646,740,1
828,740,-1
1082,740,-1
1813,740,1
828,741,-1
828,741,1
187,743,1
1076,743,1
1082,743,-1
2136,743,-1
840,744,-1
840,744,1
1080,752,-1
1461,752,1
1462,752,-1
1549,752,-1
138,753,1
849,753,-1
1082,753,-1
849,754,-1
1082,754,-1
1083,754,-1
2232,754,1
2312,754,1
326,757,1
327,757,-1
669,757,1
139,760,1
1082,760,1
1391,760,-1
71,761,-1
76,761,1
1461,761,-1
74,762,-1
75,762,1
1461,762,-1
107,763,-1
109,763,1
1461,763,-1
1462,763,1
108,764,-1
110,764,1
1461,764,-1
1462,764,1
91,766,1
1082,766,1
2152,766,-1
1349,768,1
2249,768,-1
1082,770,-1
1606,770,1
1738,770,1
2267,770,-1
844,772,1
845,772,-1
863,776,1
873,776,-1
1082,776,1
1459,776,1
1460,776,-1
1549,776,-1
1459,777,1
1460,777,-1
1549,777,-1
1977,777,-1
1082,778,1
1459,778,1
1460,778,-1
1549,778,-1
1977,778,1
1981,778,-1
823,780,-1
1183,780,1
1264,780,1
1461,780,1
1462,780,-1
1670,781,1
1671,781,-1
1692,781,0
669,782,1
780,782,1
1246,782,-1
1082,783,1
1246,783,-1
1247,783,1
1549,783,-1
816,784,1
851,784,-1
780,787,-1
780,787,1
1298,790,1
2061,790,-1
1082,791,-1
1313,791,-1
2096,791,1
809,793,1
859,793,-1
1082,793,-1
228,794,-1
1080,794,1
1459,794,-1
255,797,1
669,797,1
1413,797,-1
1948,797,-1
1082,800,-1
1314,800,1
2213,800,-1
749,801,-1
1082,801,-1
1580,801,1
1661,801,1
864,805,-1
868,805,1
1681,805,-1
867,806,-1
1082,806,-1
1738,806,1
1028,809,1
1082,809,-1
1805,809,-1
2178,809,1
443,811,1
540,811,-1
872,811,-1
878,814,-1
879,814,1
879,815,-1
880,815,1
1071,815,1
1082,815,-1
1162,816,-1
1163,816,1
2018,816,1
2024,816,-1
178,822,-1
178,822,1
679,824,0
680,824,0
681,824,0
764,824,1
765,824,-1
766,824,0
1080,824,-1
1080,824,1
1082,824,1
1549,824,-1
669,827,1
749,827,1
838,827,-1
1082,827,1
1415,827,-1
1461,827,1
1462,827,-1
1977,827,1
749,828,1
848,828,-1
1082,828,1
1415,828,-1
1462,828,-1
1981,828,1
709,832,-1
709,832,1
72,834,-1
1082,834,-1
1409,834,1
73,835,-1
1082,835,-1
1410,835,1
370,837,-1
1082,837,-1
1798,837,1
1084,841,1
1100,841,-1
1100,841,0
1109,841,1
362,846,-1
737,846,-1
737,846,1
953,846,0
1199,846,-1
1199,846,1
1220,846,1
1740,846,0
1832,846,-1
1833,846,1
1903,846,-1
1904,846,1
1916,846,-1
2041,846,-1
2053,846,0
2062,846,1
1114,847,-1
1115,847,1
1372,847,0
1665,847,0
1879,847,0
473,854,1
474,854,-1
1665,854,0
486,855,1
487,855,-1
488,855,0
870,855,0
1665,855,0
514,858,-1
515,858,1
1665,858,0
516,859,-1
517,859,1
1665,859,0
414,861,1
415,861,-1
1871,861,0
1819,863,1
1820,863,-1
1875,863,0
686,865,1
687,865,-1
1665,865,0
1787,865,0
1401,870,1
1402,870,-1
1878,870,0
901,873,1
902,873,-1
1665,873,0
922,875,1
923,875,-1
1665,875,0
1026,881,1
1027,881,-1
1665,881,0
996,882,1
997,882,-1
1883,882,0
1118,884,1
1119,884,-1
1665,884,0
1116,885,1
1117,885,-1
1665,885,0
1864,885,0
1191,886,1
1192,886,-1
1884,886,0
1816,889,1
1817,889,-1
1880,889,0
1403,891,1
1404,891,-1
1885,891,0
1649,894,1
1650,894,-1
1665,894,0
1663,895,1
1664,895,-1
1665,895,0
2238,895,0
1665,897,0
1782,897,1
1783,897,-1
1848,899,1
1849,899,-1
1887,899,0
1665,900,0
1961,900,1
1962,900,-1
1866,901,0
1964,901,1
1965,901,-1
1665,903,0
1979,903,1
1980,903,-1
1665,905,0
2027,905,1
2028,905,-1
582,906,-1
1254,906,1
937,910,1
939,910,-1
1080,910,-1
936,911,1
937,911,-1
191,912,1
643,912,-1
1082,912,1
1549,912,-1
399,913,1
455,913,-1
872,913,1
1082,913,-1
895,915,-1
896,915,1
1276,915,-1
669,916,1
1552,916,-1
1723,916,1
903,917,-1
1082,917,1
1194,917,1
749,918,1
1080,918,-1
1150,918,1
1461,918,1
1462,918,-1
1577,918,-1
749,919,1
1080,919,-1
1462,919,-1
1577,919,-1
827,920,-1
1025,920,1
1205,920,-1
944,923,-1
1080,923,1
1689,923,-1
1728,923,0
443,927,1
483,927,1
540,927,-1
921,927,-1
1738,927,1
443,928,1
540,928,-1
921,928,1
1080,928,1
1082,928,-1
1248,928,-1
1249,928,1
1442,928,-1
1738,928,1
2190,931,-1
2190,931,1
2190,932,-1
2190,932,1
1080,933,-1
1082,933,1
1462,933,-1
1549,933,-1
1935,933,-1
1936,933,1
1080,934,-1
1082,934,1
1396,934,-1
1397,934,1
1461,934,1
1462,934,-1
1549,934,-1
1080,935,-1
1082,935,1
1461,935,1
1462,935,-1
1549,935,-1
1966,935,-1
1967,935,1
928,937,1
929,937,-1
443,939,1
540,939,-1
1249,939,-1
1738,939,1
1957,939,-1
932,940,-1
1205,940,-1
2077,940,1
993,941,1
994,941,-1
1078,941,1
2013,941,-1
994,942,-1
1303,942,-1
1304,942,1
993,943,1
994,943,-1
1305,943,-1
1306,943,1
993,944,1
994,944,-1
2011,944,-1
993,947,1
994,947,-1
2011,947,-1
591,952,-1
592,952,1
944,952,-1
945,952,1
42,955,-1
547,955,1
749,955,-1
798,955,1
905,958,-1
906,958,1
1232,963,-1
1233,963,1
1581,963,-1
564,964,-1
949,964,-1
950,964,1
563,966,-1
565,966,1
960,966,-1
749,967,1
967,967,-1
2072,967,-1
968,971,-1
1054,971,1
1082,971,-1
1738,971,1
2020,973,1
2021,973,-1
2182,978,1
2274,978,-1
190,982,1
981,982,-1
982,982,-1
443,983,1
540,983,-1
1244,983,-1
1249,983,-1
1738,983,1
2179,983,1
967,984,1
1074,984,-1
1082,984,-1
1219,984,1
749,985,1
993,985,-1
1035,985,1
1738,985,-1
1907,985,-1
1022,986,1
1082,986,-1
1276,986,1
1312,986,-1
1022,987,1
1082,987,-1
1312,987,-1
1244,989,1
2179,989,-1
756,992,1
1028,992,-1
1082,992,-1
1082,993,-1
1249,993,1
1329,993,-1
1330,993,1
1082,996,-1
1776,996,-1
1777,996,1
1046,1001,-1
1064,1001,1
1082,1001,-1
1129,1003,-1
1130,1003,1
1132,1004,-1
1133,1004,1
1003,1006,1
1006,1006,-1
2215,1006,-1
615,1010,-1
615,1010,1
749,1011,1
1071,1011,-1
1889,1011,-1
1906,1011,1
568,1014,1
569,1014,-1
1071,1014,-1
1813,1014,1
948,1015,1
1062,1015,-1
1082,1015,-1
197,1016,-1
1242,1016,-1
1249,1016,1
1552,1016,1
197,1017,-1
1244,1017,-1
1249,1017,1
872,1019,1
967,1019,1
1023,1019,-1
1082,1019,-1
100,1020,1
101,1020,-1
1028,1020,-1
1082,1020,1
1028,1024,-1
1028,1024,1
1031,1026,-1
1033,1026,1
2094,1026,-1
881,1030,-1
1028,1030,-1
2174,1030,1
1028,1031,-1
2173,1031,-1
2174,1031,1
72,1033,-1
1028,1033,-1
1329,1033,1
576,1034,1
849,1034,-1
1028,1034,-1
1028,1035,-1
1030,1035,1
1082,1035,1
2218,1035,-1
2219,1035,1
786,1036,-1
786,1036,0
1028,1036,0
1082,1036,-1
1101,1036,1
2188,1036,1
2018,1041,1
2020,1041,-1
2228,1041,-1
2018,1043,1
2020,1043,-1
2230,1043,-1
2276,1043,1
643,1044,1
1050,1044,-1
1054,1044,1
1082,1044,-1
1011,1045,-1
1012,1045,-1
1013,1045,1
1055,1047,-1
1187,1047,1
2079,1048,-1
2079,1048,1
1070,1052,-1
1082,1052,-1
1445,1052,1
643,1053,1
1054,1053,1
1070,1053,-1
1082,1053,-1
955,1055,-1
1643,1055,-1
1644,1055,1
956,1056,-1
959,1056,1
1076,1058,-1
1080,1058,-1
1082,1058,-1
2055,1058,1
568,1060,1
569,1060,-1
1085,1060,-1
1425,1060,1
1089,1062,-1
1090,1062,1
1830,1062,-1
10,1063,-1
1028,1063,1
1549,1064,-1
2187,1064,-1
2188,1064,1
199,1065,-1
201,1065,1
1083,1065,1
1549,1065,-1
1082,1067,-1
1707,1067,1
1708,1067,-1
1738,1067,1
738,1068,-1
1051,1068,1
1082,1068,-1
1215,1068,1
1051,1069,1
1065,1069,-1
1082,1069,-1
1061,1070,1
1063,1070,1
1066,1070,-1
1082,1070,-1
738,1071,-1
1082,1071,-1
1215,1071,1
1045,1072,1
1051,1072,1
1065,1072,-1
1082,1072,-1
1063,1073,1
1066,1073,-1
1082,1073,-1
540,1077,-1
1054,1077,-1
1080,1077,1
360,1078,1
361,1078,-1
497,1078,1
540,1078,-1
610,1078,-1
1082,1083,1
1110,1083,-1
603,1089,1
668,1089,1
1462,1089,-1
1549,1089,-1
2190,1089,-1
1120,1091,-1
1723,1091,1
2188,1091,1
1465,1095,1
1586,1095,-1
1600,1095,-1
1130,1098,-1
1131,1098,1
1581,1098,-1
1131,1099,-1
1580,1099,1
1581,1099,-1
1133,1101,-1
1134,1101,1
1580,1101,1
1581,1101,-1
2091,1102,-1
2091,1102,1
675,1103,1
677,1103,-1
1080,1103,1
1461,1103,-1
854,1108,-1
1080,1108,1
1461,1108,-1
246,1109,1
256,1109,-1
1080,1109,-1
1461,1109,1
1462,1109,-1
504,1110,-1
1080,1110,-1
1462,1110,-1
1658,1110,0
1952,1110,1
2180,1110,0
228,1111,-1
230,1111,1
1080,1111,1
1459,1111,-1
1460,1111,1
228,1112,1
1082,1112,-1
2315,1112,-1
504,1113,1
807,1113,-1
1080,1113,1
1459,1113,-1
1658,1113,0
1082,1117,-1
1147,1117,-1
2006,1117,1
696,1119,1
746,1119,-1
1082,1119,-1
958,1123,-1
960,1123,1
1012,1125,1
1013,1125,-1
1014,1125,1
1051,1125,1
1082,1125,-1
1082,1127,-1
1084,1127,1
1100,1127,-1
1514,1127,1
41,1129,1
1082,1129,-1
2153,1129,-1
1082,1130,-1
2113,1130,1
2116,1130,-1
1082,1131,-1
1285,1131,1
1586,1131,-1
80,1132,1
82,1132,-1
2287,1132,-1
368,1133,-1
2233,1133,1
2287,1133,-1
2288,1133,1
268,1134,-1
539,1134,1
2287,1134,-1
369,1138,-1
1800,1138,1
2233,1138,1
2287,1138,-1
1082,1139,-1
1172,1139,-1
1738,1139,1
1082,1140,-1
1172,1140,-1
1184,1140,1
1738,1140,1
540,1143,-1
1173,1143,-1
1174,1143,1
1082,1146,-1
1173,1146,1
1174,1146,-1
1082,1147,-1
1174,1147,-1
1738,1147,1
1082,1148,-1
1174,1148,-1
1738,1148,1
443,1149,1
540,1149,-1
1174,1149,-1
1175,1149,1
1174,1150,-1
1174,1150,1
1174,1151,-1
1174,1151,1
1082,1152,-1
1175,1152,-1
1738,1152,1
1082,1153,-1
1175,1153,-1
1181,1153,1
315,1155,1
443,1155,1
540,1155,-1
1175,1155,-1
1175,1158,-1
1175,1158,1
1175,1161,-1
1175,1161,1
1082,1163,-1
1176,1163,-1
1182,1163,1
1176,1165,-1
1176,1165,1
1082,1166,-1
1177,1166,-1
1189,1166,1
540,1170,-1
1174,1170,1
1178,1170,-1
1178,1171,-1
1178,1171,1
443,1173,1
540,1173,-1
1175,1173,1
1179,1173,-1
1179,1174,-1
1179,1174,1
443,1177,1
540,1177,-1
1176,1177,1
1182,1177,-1
1263,1181,-1
1513,1181,1
1549,1181,-1
1263,1182,-1
1513,1182,1
1549,1182,-1
738,1184,1
739,1184,-1
1082,1184,-1
1835,1184,1
1082,1185,-1
1155,1185,-1
1156,1185,1
1082,1186,-1
1160,1186,-1
1161,1186,1
2075,1186,1
649,1187,1
1082,1187,-1
1215,1187,-1
1082,1188,-1
1083,1188,1
1259,1188,-1
1514,1188,1
1549,1188,-1
2200,1188,1
454,1190,0
454,1190,1
885,1190,0
993,1190,0
993,1190,1
1015,1190,0
1035,1190,-1
1080,1190,1
1194,1190,-1
1242,1190,-1
1738,1190,1
1082,1191,-1
1310,1191,0
1580,1191,-1
1738,1191,1
2074,1191,1
1195,1192,-1
1196,1192,-1
1197,1192,1
1202,1193,-1
1221,1193,1
1492,1193,-1
1493,1193,-1
1963,1193,-1
1178,1194,-1
1203,1194,-1
1214,1194,1
475,1195,0
737,1195,-1
737,1195,1
1178,1195,0
316,1198,1
443,1198,1
540,1198,-1
1204,1198,-1
1080,1205,1
1082,1205,-1
1431,1205,0
1684,1205,1
2139,1205,1
2140,1205,-1
167,1206,-1
167,1206,1
176,1207,1
178,1207,-1
1122,1208,-1
1221,1208,-1
1222,1208,1
1080,1210,-1
1082,1210,1
1083,1210,-1
1183,1210,-1
1185,1210,1
1462,1210,-1
1183,1211,-1
1183,1211,1
1542,1211,-1
3,1212,-1
4,1212,1
169,1213,-1
173,1213,1
2,1215,1
171,1215,-1
219,1216,-1
219,1216,1
2121,1218,-1
2314,1218,1
827,1219,1
1205,1219,-1
227,1221,-1
1268,1221,1
443,1222,0
540,1222,-1
946,1222,-1
947,1222,1
1223,1222,0
1043,1224,1
1082,1224,-1
1231,1224,1
1233,1224,-1
134,1225,1
1250,1225,-1
960,1226,0
2053,1226,1
2054,1226,-1
1080,1227,1
1270,1227,-1
1459,1227,-1
1723,1227,1
1080,1229,-1
1459,1229,1
1460,1229,-1
1723,1229,-1
1082,1232,-1
1684,1232,-1
1738,1232,1
145,1234,1
1082,1234,-1
1276,1234,1
1573,1234,-1
986,1236,-1
1490,1236,1
2224,1236,1
2225,1236,-1
691,1238,1
1278,1238,1
2214,1238,-1
897,1240,-1
1770,1240,1
1772,1240,-1
2090,1240,1
1289,1242,1
1290,1242,-1
1946,1242,1
692,1244,-1
692,1244,1
1028,1246,-1
1293,1246,-1
1295,1246,1
8,1250,1
99,1250,-1
1082,1250,-1
111,1251,-1
534,1251,1
1082,1251,-1
297,1252,-1
537,1252,1
1082,1252,-1
378,1257,-1
1082,1257,-1
1796,1257,1
64,1258,1
1080,1258,1
1294,1258,-1
1461,1258,-1
1295,1259,-1
1295,1259,1
1071,1262,1
1082,1262,-1
1296,1262,-1
1297,1262,1
1300,1264,-1
1300,1264,1
104,1269,-1
366,1269,1
1549,1269,-1
1068,1272,1
1082,1272,-1
1416,1272,1
2080,1272,-1
1063,1274,1
1068,1274,-1
324,1276,1
326,1276,-1
1082,1276,-1
1083,1276,1
1514,1276,1
1549,1276,-1
540,1281,-1
1082,1281,-1
1256,1281,-1
1738,1281,1
1414,1283,1
1415,1283,-1
1662,1283,-1
669,1285,1
1080,1285,1
1316,1285,-1
1461,1285,-1
1462,1285,1
1723,1285,1
883,1289,-1
1080,1289,-1
1461,1289,1
1462,1289,-1
1549,1289,-1
465,1291,-1
469,1291,1
1028,1291,-1
829,1292,1
1338,1292,-1
1339,1293,-1
1340,1293,1
1960,1293,-1
1080,1294,1
1082,1294,1
1219,1294,-1
1549,1294,-1
48,1295,1
1346,1295,-1
1586,1295,-1
2109,1295,1
749,1297,1
1346,1297,-1
2072,1297,-1
2109,1297,1
824,1299,1
1082,1299,-1
1276,1299,1
1346,1299,-1
1346,1300,-1
1346,1300,1
207,1301,-1
208,1301,1
567,1301,-1
540,1302,-1
899,1302,1
900,1302,-1
1080,1302,1
1676,1302,1
2123,1302,-1
1028,1303,-1
1080,1303,1
1350,1303,-1
1352,1303,1
1753,1303,1
1779,1303,-1
1351,1305,1
1353,1305,-1
1354,1305,-1
182,1307,-1
749,1307,1
2072,1307,-1
1080,1308,-1
1080,1308,1
1723,1308,-1
1723,1308,1
249,1309,-1
1139,1309,-1
1723,1309,1
249,1310,-1
758,1310,1
1365,1310,-1
1723,1310,1
249,1311,-1
1095,1311,-1
1136,1311,1
1095,1312,-1
1136,1312,1
1723,1312,1
2300,1312,-1
55,1319,1
305,1319,-1
1082,1319,-1
305,1320,1
307,1320,-1
1459,1320,-1
308,1321,-1
320,1321,1
1080,1321,-1
1461,1321,1
1462,1321,-1
1376,1324,-1
1377,1324,-1
1380,1324,1
1375,1325,-1
1377,1325,-1
1379,1325,1
1378,1326,-1
1382,1326,1
1815,1326,-1
1377,1327,-1
1378,1327,1
1387,1330,-1
1388,1330,1
1389,1330,-1
319,1332,-1
1393,1332,1
1394,1332,-1
1957,1332,1
443,1335,1
540,1335,-1
669,1335,1
1400,1335,-1
1738,1335,1
1417,1336,-1
1417,1336,1
1080,1341,-1
1426,1341,-1
1427,1341,1
1461,1341,1
1462,1341,-1
582,1353,-1
610,1353,1
1254,1353,1
540,1354,-1
1249,1354,-1
1738,1354,1
1957,1354,-1
1958,1354,1
448,1355,-1
497,1355,1
1082,1355,-1
2129,1356,-1
2129,1356,1
1689,1357,-1
1689,1357,1
944,1360,-1
944,1360,1
540,1361,-1
1082,1361,-1
1366,1361,-1
1434,1361,1
1435,1361,-1
1684,1361,1
540,1365,-1
1249,1365,-1
1452,1365,-1
1454,1365,1
1468,1367,-1
1468,1367,1
1064,1369,-1
1065,1369,1
1082,1369,-1
1835,1369,1
411,1373,-1
1080,1373,-1
1082,1373,1
1461,1373,1
1462,1373,-1
1516,1373,1
1549,1373,-1
569,1375,-1
826,1375,1
1355,1375,-1
443,1378,1
540,1378,-1
1080,1378,1
1459,1378,-1
1461,1378,1
443,1379,1
540,1379,-1
1459,1379,-1
1461,1379,1
915,1382,-1
916,1382,1
1080,1382,-1
1462,1382,-1
1082,1384,-1
1158,1384,-1
1159,1384,1
696,1385,1
1063,1385,1
1082,1385,-1
1153,1385,-1
323,1391,-1
392,1391,1
1368,1391,-1
1369,1391,-1
1165,1393,-1
1580,1393,1
1581,1393,-1
1202,1395,1
1489,1395,-1
1497,1395,-1
1500,1395,-1
1504,1395,-1
1505,1395,-1
866,1396,-1
1224,1396,1
1225,1396,1
2037,1396,-1
2184,1396,1
865,1397,-1
1225,1397,1
2037,1397,-1
2182,1397,1
540,1398,-1
1485,1398,-1
1536,1398,1
540,1401,-1
1459,1401,1
1518,1401,-1
1684,1401,1
540,1404,-1
1080,1404,1
1530,1404,-1
540,1405,-1
1080,1405,1
1464,1405,1
1466,1405,-1
443,1406,1
540,1406,-1
1080,1406,1
1518,1406,1
1530,1406,-1
569,1407,-1
1363,1407,1
1714,1407,-1
568,1408,1
569,1408,-1
1357,1408,1
1463,1408,-1
1347,1412,0
1780,1412,-1
1781,1412,1
2197,1412,1
2286,1412,-1
2290,1412,0
787,1413,-1
1532,1413,-1
1533,1413,1
1479,1414,-1
1480,1414,1
1481,1414,-1
1533,1414,-1
1792,1414,-1
498,1417,-1
561,1417,1
1082,1417,-1
1082,1418,-1
1459,1418,-1
1518,1418,1
1738,1418,1
1080,1420,1
1082,1420,-1
1484,1420,-1
1520,1420,1
1738,1420,1
1080,1424,1
1082,1424,-1
1484,1424,1
1535,1424,-1
1738,1424,1
445,1427,-1
499,1427,1
1080,1427,1
1082,1427,-1
1738,1427,1
638,1428,-1
665,1428,1
1080,1428,1
1082,1428,-1
1738,1428,1
639,1429,1
704,1429,-1
1080,1429,1
1082,1429,-1
1738,1429,1
446,1430,-1
500,1430,1
1080,1430,1
1082,1430,-1
926,1434,-1
1506,1434,-1
1507,1434,1
1508,1434,-1
1509,1434,1
1540,1434,1
1541,1434,-1
152,1435,1
153,1435,-1
1080,1435,1
1082,1435,-1
1684,1435,1
154,1436,1
155,1436,-1
1080,1436,1
1082,1436,-1
1684,1436,1
1080,1439,1
1082,1439,-1
1438,1439,1
1439,1439,-1
1684,1439,1
1080,1441,1
1082,1441,-1
1544,1441,1
1545,1441,-1
1684,1441,1
497,1442,-1
1082,1442,-1
1460,1442,-1
1519,1442,1
510,1443,1
511,1443,-1
1082,1443,-1
1082,1446,-1
1193,1446,-1
1194,1446,1
1431,1446,0
1080,1447,1
1082,1447,-1
1431,1447,0
1738,1447,1
2138,1447,-1
2139,1447,1
383,1449,-1
384,1449,1
1082,1449,-1
1738,1449,1
643,1457,-1
1082,1457,-1
1775,1457,1
1840,1457,1
450,1459,1
568,1459,1
569,1459,-1
1080,1459,1
1476,1459,-1
793,1462,-1
794,1462,1
1080,1462,-1
1461,1462,1
1462,1462,-1
1549,1462,-1
791,1464,1
1082,1464,-1
2151,1464,-1
175,1466,-1
175,1466,1
1633,1466,-1
1633,1466,1
412,1469,-1
413,1469,1
1907,1469,-1
165,1473,1
651,1473,-1
1080,1473,-1
1082,1473,1
1461,1473,1
1462,1473,-1
1549,1473,-1
1083,1474,1
1549,1474,-1
1954,1474,-1
2153,1474,1
641,1476,1
703,1476,-1
1573,1476,-1
47,1479,1
1082,1479,-1
1276,1479,1
1573,1479,-1
47,1481,1
1082,1481,-1
1276,1481,1
1573,1481,-1
1642,1481,0
47,1482,1
1082,1482,-1
1573,1482,-1
1573,1483,-1
1573,1483,1
236,1488,1
1082,1488,-1
1083,1488,1
1468,1488,-1
1549,1488,-1
1845,1488,1
1080,1491,-1
1082,1491,1
1461,1491,1
1462,1491,-1
1580,1491,1
1582,1491,-1
1922,1491,1
1082,1494,-1
1276,1494,1
1586,1494,-1
1082,1497,-1
1276,1497,1
1586,1497,-1
48,1498,1
1082,1498,-1
1276,1498,1
1586,1498,-1
742,1501,1
1073,1501,-1
1586,1501,-1
703,1504,-1
1593,1504,-1
1684,1504,1
1594,1506,-1
1594,1506,1
1082,1508,-1
1431,1508,0
1738,1508,1
2208,1508,1
2258,1508,-1
1261,1509,-1
1600,1509,-1
1693,1509,1
147,1513,1
1082,1513,-1
1600,1513,-1
147,1514,1
1082,1514,-1
1276,1514,1
1600,1514,-1
641,1520,-1
662,1520,1
1607,1520,-1
2109,1520,1
599,1521,1
1607,1521,-1
148,1522,1
1082,1522,-1
1607,1522,-1
50,1525,1
1082,1525,-1
1276,1525,1
1607,1525,-1
1642,1525,0
50,1526,1
1082,1526,-1
1276,1526,1
1607,1526,-1
1609,1531,1
1610,1531,-1
61,1534,1
1080,1534,-1
1461,1534,1
1462,1534,-1
1611,1534,-1
1080,1536,-1
1461,1536,1
1462,1536,-1
1613,1536,-1
1616,1540,-1
1616,1540,1
69,1541,1
1332,1541,1
1616,1541,-1
1611,1542,1
1616,1542,-1
1611,1543,1
1616,1543,-1
1614,1546,1
1616,1546,-1
1989,1546,1
1990,1546,-1
1620,1550,-1
2324,1550,1
966,1551,-1
968,1551,1
966,1552,1
968,1552,-1
1755,1554,-1
1757,1554,1
258,1558,-1
259,1558,1
1459,1558,-1
1460,1558,1
1586,1559,-1
1587,1559,1
1636,1559,-1
51,1562,1
1082,1562,-1
1624,1562,-1
1642,1562,0
149,1563,1
1082,1563,-1
1276,1563,1
1624,1563,-1
443,1564,1
540,1564,-1
1624,1564,-1
1631,1564,1
443,1566,1
540,1566,-1
1624,1566,-1
540,1567,-1
1624,1567,-1
1633,1567,1
540,1568,-1
1624,1568,-1
1633,1568,1
443,1573,1
540,1573,-1
1624,1573,-1
1082,1574,-1
1625,1574,-1
1631,1574,1
1082,1580,-1
1626,1580,-1
1738,1580,1
1082,1581,-1
1627,1581,-1
1738,1581,1
1082,1582,-1
1627,1582,-1
1631,1582,1
1738,1582,1
1082,1586,-1
1627,1586,-1
1738,1586,1
1627,1591,-1
1627,1591,1
1082,1595,-1
1628,1595,-1
1738,1595,1
781,1596,1
1082,1596,-1
1628,1596,-1
781,1597,1
1082,1597,-1
1628,1597,-1
1082,1599,-1
1629,1599,-1
1635,1599,1
1738,1599,1
1082,1600,-1
1631,1600,-1
1738,1600,1
1082,1601,-1
1624,1601,1
1631,1601,-1
1738,1601,1
1082,1603,-1
1624,1603,1
1631,1603,-1
1082,1614,-1
1624,1614,1
1633,1614,-1
1738,1614,1
1624,1615,1
1633,1615,-1
1738,1615,1
1082,1616,-1
1624,1616,1
1633,1616,-1
443,1617,1
540,1617,-1
1633,1617,-1
443,1618,1
540,1618,-1
1625,1618,1
1633,1618,-1
443,1619,1
540,1619,-1
1625,1619,1
1633,1619,-1
443,1620,1
540,1620,-1
1633,1620,-1
443,1622,1
540,1622,-1
1628,1622,1
1634,1622,-1
1636,1624,-1
1636,1624,1
1573,1627,-1
1624,1627,-1
1624,1627,1
781,1629,1
1082,1629,-1
1178,1629,1
1628,1629,-1
1082,1632,-1
1574,1632,1
1789,1632,-1
2091,1632,1
1082,1633,-1
1341,1633,0
1607,1633,1
2109,1633,-1
526,1634,-1
529,1634,1
1633,1634,-1
1645,1634,-1
1631,1635,-1
1646,1635,-1
1647,1635,1
951,1640,-1
1076,1640,1
1738,1640,-1
1756,1640,1
1170,1641,1
1218,1641,-1
1738,1641,-1
1076,1642,-1
1738,1642,1
1756,1642,-1
1170,1643,-1
1218,1643,1
1756,1643,-1
781,1644,1
1082,1644,-1
1276,1644,1
1934,1644,-1
1082,1645,-1
1575,1645,1
1651,1645,0
2087,1645,-1
1082,1647,-1
1276,1647,1
1312,1647,-1
1022,1648,1
1082,1648,-1
1276,1648,1
1312,1648,-1
313,1649,1
314,1649,-1
1082,1649,-1
726,1650,1
727,1650,-1
1461,1650,1
1462,1650,-1
1082,1652,-1
1431,1652,0
1684,1652,-1
1738,1652,1
1661,1653,-1
1661,1653,1
1082,1657,-1
1738,1657,1
2207,1657,1
2237,1657,-1
1677,1660,-1
1679,1660,1
2184,1660,-1
1082,1661,-1
1574,1661,1
1579,1661,-1
2283,1661,1
134,1664,1
899,1664,-1
1080,1664,1
1260,1664,-1
134,1665,1
899,1665,-1
900,1665,1
1082,1665,1
1126,1665,-1
53,1666,1
1126,1666,-1
1082,1668,-1
1276,1668,1
1693,1668,-1
52,1669,1
1082,1669,-1
1642,1669,0
1693,1669,-1
52,1670,1
1082,1670,-1
1693,1670,-1
1616,1675,-1
1618,1675,1
1696,1676,-1
1697,1676,-1
1698,1676,1
1699,1677,-1
1700,1677,1
1701,1677,-1
862,1680,-1
1549,1680,-1
1617,1680,1
140,1682,1
1082,1682,1
2050,1682,-1
1625,1684,-1
1703,1684,-1
1704,1684,1
540,1685,-1
1705,1685,-1
2239,1685,1
226,1686,-1
1142,1686,1
179,1688,-1
540,1688,-1
547,1688,1
749,1688,-1
1071,1688,1
197,1689,1
259,1689,-1
1249,1689,-1
1546,1689,1
196,1690,1
1082,1690,-1
1244,1690,1
1245,1690,-1
1514,1690,1
197,1692,-1
1242,1692,-1
1551,1692,1
647,1693,1
1082,1693,-1
1514,1693,1
1603,1693,-1
185,1694,1
328,1694,-1
1082,1694,-1
1738,1694,1
197,1697,-1
1239,1697,-1
1723,1697,1
669,1700,1
972,1700,1
973,1700,-1
197,1701,-1
1239,1701,-1
1249,1701,1
1723,1701,1
197,1702,1
1239,1702,1
1249,1702,-1
1723,1702,-1
540,1703,0
770,1703,-1
1082,1703,1
1431,1703,0
1723,1703,1
2187,1708,-1
2187,1708,1
134,1711,-1
1080,1711,-1
1260,1711,1
1461,1711,1
1462,1711,-1
1715,1712,-1
1717,1712,1
497,1715,-1
540,1715,0
968,1715,0
1720,1715,1
1722,1715,-1
1768,1717,1
1769,1717,-1
2091,1717,1
749,1719,1
1082,1719,-1
1325,1719,1
1327,1719,-1
837,1720,1
1977,1720,-1
616,1721,-1
616,1721,1
591,1722,1
592,1722,-1
1731,1722,-1
757,1724,-1
1809,1724,1
1852,1724,1
2302,1724,-1
1082,1728,-1
1694,1728,-1
2280,1728,1
749,1729,-1
905,1729,-1
905,1729,1
968,1730,0
2018,1730,1
2020,1730,-1
2229,1730,-1
2275,1730,1
2268,1731,-1
2268,1731,1
1637,1737,0
1741,1737,1
1742,1737,-1
113,1739,1
2279,1739,-1
1686,1741,-1
1686,1741,1
1613,1743,1
1616,1743,-1
1080,1746,-1
1080,1746,1
1275,1746,0
1748,1746,0
443,1748,1
540,1748,-1
547,1748,0
669,1748,-1
1552,1748,1
1723,1748,-1
1738,1748,1
1773,1752,-1
1774,1752,1
2091,1752,-1
1080,1754,-1
1462,1754,-1
1771,1754,-1
1772,1754,1
1080,1755,1
1459,1755,-1
2086,1755,1
2091,1755,-1
443,1756,1
540,1756,-1
926,1756,1
1786,1756,-1
1080,1759,-1
1083,1759,1
1549,1759,-1
2154,1759,-1
540,1760,0
1007,1760,-1
1485,1760,-1
2132,1760,0
2141,1760,1
202,1762,1
540,1762,0
1007,1762,-1
1082,1762,1
1485,1762,-1
2132,1762,0
2141,1762,1
204,1763,1
540,1763,0
1082,1763,1
1485,1763,-1
1988,1763,-1
2132,1763,0
2141,1763,1
1790,1764,-1
2058,1764,1
1080,1770,-1
1210,1770,-1
1424,1770,1
1461,1770,1
1462,1770,-1
1080,1771,-1
1462,1771,-1
1684,1771,1
1694,1771,-1
1850,1771,1
1818,1776,1
1856,1776,1
1867,1776,-1
1856,1777,-1
1857,1777,1
482,1778,1
933,1778,1
1811,1778,-1
643,1779,-1
682,1779,1
1600,1779,-1
137,1780,1
1080,1780,1
1082,1780,-1
1682,1780,1
2137,1780,0
2142,1780,-1
1377,1782,-1
1381,1782,1
1814,1782,-1
373,1783,1
1080,1783,-1
1082,1783,1
1298,1783,-1
1461,1783,1
1462,1783,-1
1549,1783,-1
942,1784,-1
943,1784,1
1080,1784,-1
1549,1784,-1
1557,1784,1
1889,1784,-1
942,1785,-1
943,1785,1
1080,1785,-1
1082,1785,1
1549,1785,-1
1557,1785,1
1889,1785,-1
497,1787,1
540,1787,-1
1080,1787,1
1082,1787,-1
1085,1787,-1
1824,1787,1
1071,1791,1
1143,1791,-1
1949,1791,1
1071,1792,1
1261,1792,-1
1958,1792,-1
1542,1794,-1
1542,1794,1
2104,1794,-1
576,1799,-1
1542,1799,-1
1542,1799,1
1242,1800,-1
1242,1800,1
1249,1800,-1
1249,1800,1
1957,1804,-1
1957,1804,1
1080,1806,-1
1080,1806,1
1835,1806,-1
1835,1806,1
540,1808,-1
749,1808,-1
1684,1808,1
2051,1808,-1
1054,1809,-1
1054,1809,1
1581,1811,-1
1581,1811,1
2023,1812,-1
2023,1812,1
2024,1812,-1
1263,1814,-1
1263,1814,1
927,1817,-1
927,1817,1
899,1819,0
926,1819,0
1786,1819,-1
1786,1819,1
610,1820,-1
1542,1820,-1
1542,1820,1
1542,1822,-1
1542,1822,1
2220,1822,-1
2201,1823,-1
2201,1823,1
978,1826,-1
978,1826,1
593,1827,-1
593,1827,1
774,1830,-1
946,1830,1
1080,1830,1
1459,1830,-1
1460,1830,1
443,1832,1
540,1832,-1
1808,1832,1
1840,1832,-1
443,1834,1
540,1834,-1
1840,1834,-1
1843,1834,0
1080,1837,-1
1461,1837,1
1462,1837,-1
1658,1837,0
1952,1837,-1
1853,1838,-1
1854,1838,-1
1855,1838,1
821,1839,1
1080,1839,-1
1461,1839,1
1462,1839,-1
1658,1839,0
1952,1839,-1
418,1841,-1
1837,1841,-1
1859,1841,-1
1872,1841,1
1019,1843,-1
1512,1843,-1
1859,1843,-1
1873,1843,1
1820,1844,-1
1859,1844,-1
1875,1844,1
1230,1845,-1
1860,1845,-1
1862,1845,1
1201,1846,-1
1867,1846,-1
1869,1846,1
415,1849,-1
1859,1849,-1
1871,1849,1
861,1850,-1
1860,1850,-1
1861,1850,1
1216,1856,1
1761,1856,-1
1860,1856,1
1862,1856,-1
1867,1858,1
1868,1858,-1
1114,1862,-1
1512,1862,-1
1876,1862,-1
1879,1862,1
1292,1864,-1
1876,1864,-1
1877,1864,1
1404,1866,-1
1512,1866,-1
1837,1866,-1
1876,1866,-1
1885,1866,1
1512,1867,-1
1654,1867,-1
1837,1867,-1
1876,1867,-1
1886,1867,1
666,1871,-1
2012,1871,1
2013,1871,-1
666,1872,-1
2009,1872,1
2010,1872,-1
1288,1874,1
1893,1874,-1
1894,1874,1
786,1875,-1
1274,1875,-1
1897,1875,-1
1898,1875,1
1900,1877,-1
1900,1877,1
409,1878,1
1226,1878,-1
1905,1878,-1
176,1882,-1
177,1882,1
1581,1882,-1
1580,1883,1
1581,1883,-1
1686,1883,-1
1687,1883,1
531,1884,-1
1459,1884,-1
1914,1884,0
2069,1884,1
590,1886,-1
592,1886,1
1080,1886,-1
1462,1886,-1
196,1888,1
1082,1888,-1
1918,1888,-1
1923,1888,1
1082,1889,1
1261,1889,-1
1918,1889,1
1919,1889,-1
540,1890,-1
1082,1890,-1
1684,1890,1
1920,1890,-1
1028,1891,-1
1032,1891,1
1080,1891,-1
1082,1891,1
1922,1891,-1
1080,1892,-1
1082,1892,1
1085,1892,1
1461,1892,1
1462,1892,-1
1922,1892,-1
858,1894,-1
1924,1894,-1
1925,1894,1
1082,1896,-1
1738,1896,1
1824,1896,-1
1924,1896,1
1927,1896,-1
540,1897,-1
1847,1897,-1
2252,1897,1
443,1898,1
540,1898,-1
1927,1898,1
1928,1898,-1
1141,1899,-1
1141,1899,1
643,1902,1
1082,1902,-1
1844,1902,-1
643,1903,1
1082,1903,-1
1844,1903,-1
643,1904,1
743,1904,1
1082,1904,-1
1844,1904,-1
53,1905,-1
275,1905,1
1082,1905,-1
1080,1907,-1
1082,1907,1
1461,1907,1
1462,1907,-1
1549,1907,-1
1850,1907,-1
1851,1907,1
807,1908,1
808,1908,-1
1082,1908,-1
933,1909,1
1908,1909,-1
1316,1910,-1
1835,1910,-1
1835,1910,1
209,1911,-1
210,1911,1
1080,1911,1
1082,1911,-1
1366,1911,1
1743,1911,-1
1082,1913,-1
1083,1913,1
1549,1913,-1
2302,1913,-1
1521,1914,-1
1550,1914,-1
1731,1914,1
1616,1916,-1
1986,1916,1
1262,1921,-1
1459,1921,-1
1460,1921,1
1263,1922,-1
1513,1922,1
1549,1922,-1
540,1926,-1
749,1926,-1
1684,1926,1
1955,1926,-1
1021,1928,1
1082,1928,-1
1652,1928,-1
2176,1928,1
1969,1930,-1
1969,1930,1
1082,1932,-1
1973,1932,-1
2003,1932,1
568,1934,1
569,1934,-1
596,1934,-1
1356,1934,1
355,1936,1
356,1936,-1
569,1936,-1
1080,1936,1
1566,1937,1
1581,1937,-1
1657,1937,-1
1095,1939,-1
1809,1939,-1
1834,1939,1
1982,1940,-1
1983,1940,1
2081,1940,-1
1983,1941,-1
1983,1941,1
1082,1942,-1
1986,1942,-1
1987,1942,1
60,1943,1
1080,1943,1
1459,1943,-1
1460,1943,1
1987,1943,-1
816,1945,-1
1206,1945,1
1549,1945,-1
171,1946,1
497,1946,1
540,1946,-1
749,1946,-1
1082,1946,1
1684,1946,1
1995,1946,-1
171,1947,1
497,1947,1
540,1947,-1
749,1947,-1
1082,1947,1
1684,1947,1
1995,1947,-1
590,1950,1
591,1950,-1
395,1952,-1
752,1952,1
1328,1952,1
1491,1952,1
1492,1952,1
1493,1952,1
1494,1952,1
1495,1952,1
1496,1952,1
1963,1952,1
1057,1955,-1
2018,1955,1
2022,1955,-1
2118,1955,1
1056,1959,-1
1056,1959,1
1063,1959,-1
1063,1959,1
263,1960,-1
749,1960,-1
2282,1960,1
1028,1962,-1
1030,1962,1
1080,1962,-1
1809,1962,-1
2302,1962,1
430,1968,-1
431,1968,1
741,1968,0
750,1972,-1
1822,1972,1
1930,1972,-1
1978,1972,0
497,1973,1
540,1973,-1
1358,1973,-1
1359,1973,-1
1360,1973,1
1684,1973,1
1836,1973,1
837,1974,-1
837,1974,1
2104,1978,-1
2104,1978,1
1054,1980,-1
1054,1980,1
1150,1981,-1
1150,1981,1
327,1982,1
592,1982,-1
1263,1982,-1
1549,1982,-1
904,1984,-1
1684,1984,1
1694,1984,1
299,1987,1
592,1987,-1
1246,1987,1
1264,1987,-1
1549,1987,-1
1080,1991,1
1082,1991,-1
1459,1991,-1
1460,1991,1
2020,1991,-1
2023,1991,1
593,1993,-1
597,1993,1
2018,1993,1
2023,1993,-1
1547,1998,-1
1548,1998,1
2018,1998,1
2023,1998,-1
669,2001,1
672,2001,1
2033,2001,-1
443,2005,1
540,2005,-1
703,2005,1
1080,2005,1
1082,2005,-1
1248,2005,-1
1249,2005,1
1738,2005,1
2035,2005,-1
466,2008,-1
547,2008,-1
749,2008,1
975,2013,-1
977,2013,1
2043,2013,-1
2043,2015,-1
2043,2015,1
2043,2016,-1
2043,2016,1
1723,2017,-1
1723,2017,1
2047,2019,-1
2048,2019,-1
2049,2019,1
1080,2020,-1
1344,2020,1
1345,2020,-1
2049,2020,0
1080,2025,1
1082,2025,-1
1459,2025,-1
1460,2025,1
2055,2025,-1
2321,2025,1
1082,2027,-1
1083,2027,1
1549,2027,-1
2055,2027,-1
2321,2027,1
497,2028,1
540,2028,-1
1015,2028,1
1080,2028,1
1082,2028,-1
1248,2028,-1
1249,2028,1
1684,2028,1
2056,2028,-1
1080,2032,-1
1462,2032,-1
2059,2032,1
2060,2032,-1
197,2033,1
1229,2033,-1
1249,2033,-1
1307,2033,1
197,2034,1
1228,2034,-1
1249,2034,-1
1307,2034,1
497,2038,1
540,2038,-1
547,2038,1
648,2038,-1
749,2038,-1
412,2040,-1
1080,2040,-1
1460,2040,-1
2095,2040,1
413,2041,-1
547,2041,1
749,2041,-1
547,2044,-1
648,2044,1
1082,2044,-1
948,2049,1
968,2049,-1
184,2050,-1
197,2050,-1
1249,2050,1
2064,2050,1
184,2051,1
185,2051,-1
1080,2051,1
1082,2051,-1
1459,2051,-1
1460,2051,1
197,2053,1
1249,2053,-1
2064,2053,-1
194,2056,-1
547,2056,1
749,2056,-1
1691,2056,1
1459,2057,-1
1460,2057,1
2065,2057,-1
1082,2061,-1
1240,2061,-1
1257,2061,1
971,2062,1
1071,2062,-1
1240,2062,-1
2090,2066,-1
2222,2066,-1
2223,2066,1
1768,2067,-1
1769,2067,1
2091,2067,-1
1768,2068,-1
1769,2068,1
2091,2068,-1
588,2071,-1
749,2071,1
1071,2071,-1
1108,2071,1
1239,2072,1
1562,2072,1
1723,2072,-1
2092,2072,-1
1459,2074,-1
1460,2074,1
2097,2074,-1
1082,2078,-1
2098,2078,1
2100,2078,-1
1080,2080,-1
1082,2080,-1
1515,2080,1
2032,2080,-1
1764,2081,-1
1765,2081,1
2106,2081,-1
1766,2082,-1
1767,2082,1
2106,2082,-1
1637,2083,1
1638,2083,-1
2107,2083,1
643,2085,-1
1082,2085,-1
1840,2085,1
1902,2085,1
643,2086,-1
1082,2086,-1
1902,2086,1
651,2087,-1
1581,2087,-1
2115,2087,1
443,2092,1
540,2092,-1
694,2092,-1
443,2093,1
540,2093,-1
664,2093,1
762,2093,-1
540,2094,-1
664,2094,1
762,2094,-1
443,2096,1
540,2096,-1
2127,2096,-1
2131,2096,1
1080,2097,-1
1082,2097,-1
2134,2097,-1
2147,2097,1
443,2098,-1
540,2098,1
2146,2098,-1
2148,2098,1
810,2099,1
1957,2099,-1
1971,2099,1
2147,2099,-1
2221,2107,-1
2221,2107,1
151,2109,1
781,2109,-1
1082,2109,-1
643,2110,1
803,2110,-1
1080,2110,-1
1082,2110,1
1458,2110,-1
1549,2110,-1
803,2111,-1
1080,2111,-1
1082,2111,1
1462,2111,-1
1549,2111,-1
799,2113,-1
970,2113,1
628,2114,-1
2166,2114,1
2260,2114,-1
442,2116,0
1240,2116,-1
1243,2116,1
1461,2116,1
1462,2116,-1
1549,2116,-1
624,2118,-1
2166,2118,-1
2167,2118,1
1526,2119,-1
2166,2119,-1
2169,2119,1
852,2123,-1
853,2123,1
1580,2123,1
1581,2123,-1
749,2125,1
930,2125,-1
1082,2125,-1
1097,2125,1
286,2126,-1
933,2126,1
1082,2126,-1
947,2127,0
948,2127,0
983,2127,-1
984,2127,1
985,2127,-1
1929,2127,0
443,2129,1
540,2129,-1
1080,2129,-1
1249,2129,-1
1250,2129,1
1461,2129,1
1462,2129,-1
1738,2129,1
197,2130,1
1249,2130,-1
1250,2130,-1
443,2132,1
540,2132,-1
1248,2132,1
1249,2132,-1
1515,2132,-1
1738,2132,1
547,2133,-1
749,2133,1
1240,2133,0
1249,2133,-1
1475,2133,1
1082,2134,-1
1248,2134,-1
1249,2134,1
1515,2134,1
202,2136,-1
1007,2136,1
1028,2136,-1
1030,2136,1
1030,2138,-1
1080,2138,-1
1461,2138,1
1462,2138,-1
1071,2140,-1
1082,2140,-1
1083,2140,1
1515,2140,1
1549,2140,-1
2188,2140,1
966,2144,1
1738,2144,-1
2185,2144,-1
2203,2144,1
1071,2147,1
1239,2147,-1
1723,2147,1
2188,2147,-1
1251,2150,-1
1515,2150,1
2016,2150,1
1477,2151,-1
2193,2151,-1
2194,2151,1
540,2153,-1
1282,2153,-1
2250,2153,1
899,2154,-1
1207,2154,-1
1313,2154,1
443,2155,0
1080,2155,1
1211,2155,-1
1459,2155,-1
1460,2155,1
660,2158,1
1211,2158,-1
197,2160,-1
512,2160,1
1249,2160,1
1252,2160,-1
509,2162,1
1252,2162,-1
1723,2162,-1
157,2163,1
899,2163,-1
1273,2163,-1
197,2164,-1
1249,2164,1
1307,2164,-1
0,2166,1
2202,2166,-1
1274,2168,-1
1580,2168,1
1581,2168,-1
2211,2168,1
197,2169,-1
1080,2169,-1
1082,2169,1
1254,2169,-1
1461,2169,1
1462,2169,-1
1810,2169,1
1080,2170,1
1316,2170,-1
1459,2170,-1
1460,2170,1
197,2171,-1
197,2171,1
1316,2171,-1
286,2173,1
291,2173,-1
193,2175,-1
669,2175,1
749,2175,-1
1080,2175,1
1459,2175,-1
1460,2175,1
1691,2175,1
193,2176,-1
1080,2176,-1
1459,2176,1
1460,2176,-1
443,2177,1
540,2177,-1
2245,2177,-1
1675,2178,-1
2240,2178,-1
2241,2178,1
645,2179,1
1082,2179,-1
2241,2179,-1
899,2180,-1
1405,2180,-1
2320,2180,1
669,2186,1
993,2186,1
1035,2186,-1
1552,2186,-1
1602,2186,1
197,2187,1
1249,2187,-1
1551,2187,-1
2235,2190,-1
2235,2190,1
1758,2192,-1
1759,2192,-1
1760,2192,-1
2255,2192,-1
2257,2192,1
197,2195,1
1125,2195,-1
1249,2195,-1
1580,2196,1
1581,2196,-1
1655,2196,-1
2259,2196,1
899,2200,-1
900,2200,1
1724,2200,-1
2318,2200,1
626,2202,1
749,2202,-1
1258,2202,-1
443,2203,1
540,2203,-1
628,2203,0
1648,2203,-1
600,2208,-1
2265,2208,1
643,2209,-1
782,2209,1
1586,2209,-1
1844,2209,1
643,2210,-1
1586,2210,-1
1844,2210,1
693,2211,1
1082,2211,-1
1729,2211,-1
1082,2216,-1
1738,2216,1
2251,2216,-1
497,2217,1
540,2217,-1
749,2217,-1
1684,2217,1
1736,2217,-1
1737,2217,1
1082,2219,-1
1444,2219,-1
1902,2219,1
2270,2219,1
540,2222,-1
749,2222,-1
1684,2222,1
2281,2222,-1
970,2227,1
1757,2227,-1
2058,2227,-1
578,2230,1
1079,2230,-1
2021,2230,-1
185,2231,1
1080,2231,1
1082,2231,-1
1249,2231,1
1459,2231,-1
1460,2231,1
1810,2231,-1
948,2232,1
970,2232,-1
1826,2232,-1
1082,2237,-1
1738,2237,1
1808,2237,-1
1840,2237,1
1102,2240,1
1603,2240,1
1808,2240,-1
497,2241,1
540,2241,-1
1684,2241,1
1920,2241,-1
1921,2241,1
2306,2241,-1
547,2244,1
749,2244,-1
1080,2244,1
1082,2244,-1
1083,2244,1
1459,2244,-1
1460,2244,1
1549,2244,-1
1568,2244,1
2311,2244,-1
204,2245,-1
1080,2245,-1
1461,2245,1
1462,2245,-1
443,2246,1
540,2246,-1
1971,2246,1
2002,2246,-1
1738,2247,-1
1999,2247,1
2001,2247,-1
2145,2247,1
309,2248,1
1080,2248,-1
1461,2248,1
1462,2248,-1
1998,2248,-1
1082,2250,-1
2065,2250,1
2313,2250,-1
15,2252,1
1082,2252,-1
2310,2252,-1
16,2253,1
1082,2253,-1
2317,2253,-1
12,2254,1
1082,2254,-1
2318,2254,-1
13,2256,1
1082,2256,-1
2320,2256,-1
290,2261,1
1082,2261,-1
2016,2261,-1
856,2262,-1
970,2262,1
2058,2262,-1
1790,2263,1
2058,2263,-1
92,2264,1
1082,2264,1
2324,2264,-1