168,229,428,482
161,257
24,108,209,220,231,273,473
549,561
576
84,219
73,441
225,589
4
63,310,533,541,559
5
6
10
11
2
72,203,374,424
3,330,368,434,498,583,598
19
196,459
22
261,300
26
34,611
105,121
126,211
20,51,57,136,237,276,302,305,568,585,599
30
31
35
37,316,319,356
166,494
37,41,316
37
49,425
20,51,57,136,237,276,302,305,486,599
343,407
45
4,358
48
548
152,454
51
188
14,59
55
56
58
57
244,320,409
19,464
274,484
20,51,237,268,302,305,498
556
64
310,521
65
163,328,437
3,498,537
155,425
40,112,249,377,416
73
172,257
74
76
77
38,429
81,169,304,535
81
339,561
84
413
130,319,391,541
198,561
86
81,169,535,570
88
89
90
91
197,317
306,382
44,285
98
99
100
18,81,270
101
37,84,175,316
102
103
113,153,344
106
107
145,433
7,59
210,265,626
21,140,306
489,492
7,251
40,112,249,377,388
569
129
160
134,561
20,51,237,302,305,498,538
579
167,172,206,283,363,392
277,616
102,561
191,327,361,430
134
301,468
71,129,410,491,526
24,108,117,209,220,231,273,473
345,394
29,462
138
233,371
168,343,359,425
425,453
141
215,549
59,525
144
145
319,391,541
5,99,444
138,142,557
68,434
148
189,212,313
216,321
398,541
246,352
20,51,237,302,305,496,498
154
172,206,318
155
192,278,511,528
348,409,516
161
163
164
166,484
146,596
115,147
80,221
168
12,13,47,82,135,199,299,365,422,458,562,581,605,620
171
172
173
134,564
316,382
175
30,339
177
178
179
180
320,348,409
181
195,471
46,61,86,156,190
185
191,271,327,430
19,200
509,529
461
329,408
464,590
194
197
198
201
132,394
60,530,593
125,190,382,530
114,197
207
175,310,533,541,559
71,129,164,247,266,373,375,487,491,526
208
310,338,533,541,559
0,59
213
214
92,369
322
215
3,330,434,498,583,598
166,510
41,541
277,464
45,62,70
85,380,479
136,537
163,437
183,295,364,411,417,443,455,546
73,215
559,561
497,566
118,336,512
52,211
227
37,316,319,391
33,85,380
393,396
348,595
232
46,86,162,190,572
396,561
87,214
1,234,236,325,553,586
547,555
57,478
37,561
19,616
168,298,428,482
246
565,622
21,125,140,267,530
252
621
253
192,278,341,528
197,206
261
262
263
264
42,111,168,428
104,143,603
269
224,281
170,502
272
149,482
150,308
8,167,172,206,363,392
282,616
20,51,237,302,305,498,624
574,594
340,353
275
46,162,190,572
277
122,505
315,402
288,613
541,582
290,402
27,394
282
97,394
527,535
81,270,551
286
232,610
289
22,406
163,287,437
292
76,226
95,239
248,423,501
296
39,266,291,320,375,409,469,503
238,306
202,387
309,402
302
243,568
305
522,558
389,623
102,173
53,513
274,494
311
312
42,168,428,508
314
134,282
401,541
84,175,541
125,190,530,574
43,519
319
3,122,330,434,498,568,593,598,619
320
381,395
323
324
263,402,577
328
563
335
337
198,441
584
339
307,438
165,245
122,131,151,217,475
347
67,197
150,306,389,617
351
352
353
282,464
354
520
419,495
358
85,222
152,297
5,56,444
362
326,466
127,355,545,561
59,578
274,510
366
130,228
371
3,122,330,434,498,530,593,598,619
372
464,561
373
469,504
375
376
561,616
573,616
59,96,595
59,254
343,574
7,266,375,539
380
405,530
383
238,397,480,618
198,440
385
389
390
303
15,92
46,190,572,596
279,293,441
394
396
137,174
476,559
399
37,223
403
467,595
48,87
319,330,391,541
21,125,370,530
28,294,530
408
409
130,319,357,445
275,463
120,182
28,515
412
413
414
415
418
168,472
419
346,371
425
102,324
235,566
427
26,451
50,109,371
431
433
434
436
170,625
3,159,330,434,498
437
438
439
440
441
442
444
446
152,432
449
168,379
451
102,351
178,227
306,397
572,596
460
588,597
464
402,514,544
468
89,148,352,550
470
198,312
306,480
474
307,561
139,512
136,157,331
45,62,592
272,452
130,255,319,357
359,481
191,260,327,430
20,51,57,119,122,136,237,276,302,305,498,530,593,599
310,404
484
78,367
488
490
489
172,206,283
93,256,332
492
290,465
20,51,57,119,122,136,237,276,302,305,498,568,593,599
494
230,587
242,485
226,232
122,205
474,607
498
499
128,342,560
501
7,23,266,375,539
218,530,593
506
168,306,604
190,193
306,618
510
310,338,541
310,524,533
37,356,541
36,84
280
514
378,530
264,426
518
63,541
523
541,552,559
81,169,281
526
69,342,560
123,266,375
176,387
533
97,396
534
535
178,272
493,614
540
79,330
409,516
541
542
543
544
414
338,568
549
550
428,450
551
66,394
187,394
554
555
557
464
561
255,319
250,323
564
20,51,57,136,237,276,302,305,500,568,599
565
46,61,156,190
360,366
240,599
125,133,530
571
394,483
518,554
573
16
575
577
61,366
17,208
580
81,281,448
124,175,507
37,116
139,501,536
350,566
110
25,54,75,83,158,184,258,284,349,384,531,600,606,609
71,129,247,266,375,491,526
589
590
339,523
591
592
593
73,561
21,125,190,530
420
42,532
222,599
596
435
204,595
46,61,190,366
130,319,356,541
170,421
334,456,567
601
602
9,348,409
180,439
32,278,400,528
152,447
607
608
452,495
94,275
175,310,541
612
241,333
457
259,517
186,394
152,477
615
616
622
306,425,617
386,599
627
