526,6,-1.0
37,257,1.0
154,45,1.0
71,105,1.0
408,194,-1.0
195,63,1.0
147,169,1.0
429,285,1.0
37,72,-1.0
97,147,-1.0
334,264,1.0
482,307,1.0
67,209,1.0
223,83,-1.0
75,199,1.0
246,58,-1.0
532,169,1.0
524,248,-1.0
517,191,1.0
10,269,1.0
390,156,-1.0
561,40,1.0
268,145,-1.0
147,229,1.0
255,102,-1.0
257,202,-1.0
77,134,1.0
528,142,-1.0
466,68,-1.0
304,35,1.0
88,71,-1.0
528,62,-1.0
232,269,1.0
455,59,-1.0
170,248,1.0
254,309,1.0
355,271,1.0
72,304,1.0
126,265,-1.0
419,206,1.0
382,130,1.0
514,202,-1.0
512,72,-1.0
6,185,1.0
290,313,1.0
69,213,-1.0
518,187,-1.0
92,135,1.0
402,50,-1.0
110,104,1.0
360,306,-1.0
32,42,-1.0
366,46,-1.0
346,291,-1.0
30,27,-1.0
228,175,-1.0
458,307,1.0
166,258,-1.0
50,260,-1.0
57,305,1.0
91,270,-1.0
288,52,-1.0
220,14,1.0
476,200,1.0
347,127,1.0
313,97,-1.0
290,253,1.0
524,252,-1.0
264,128,-1.0
411,0,1.0
134,155,-1.0
300,112,1.0
145,152,1.0
438,7,1.0
22,315,1.0
266,135,1.0
133,269,1.0
464,77,-1.0
329,30,1.0
412,242,-1.0
25,125,-1.0
125,31,-1.0
65,11,-1.0
48,211,-1.0
368,154,1.0
181,43,-1.0
559,312,-1.0
37,100,-1.0
136,118,1.0
256,171,-1.0
429,251,1.0
192,213,-1.0
337,159,-1.0
344,92,-1.0
44,288,-1.0
545,209,1.0
542,202,-1.0
329,234,1.0
412,162,-1.0
91,28,-1.0
32,79,1.0
181,272,1.0
394,163,-1.0
526,260,-1.0
478,228,-1.0
360,162,-1.0
261,313,1.0
248,274,1.0
297,316,1.0
91,105,-1.0
170,37,-1.0
238,4,-1.0
57,293,-1.0
243,174,-1.0
225,64,-1.0
455,52,-1.0
251,307,-1.0
494,45,1.0
3,153,1.0
454,77,1.0
267,275,1.0
98,178,-1.0
193,29,-1.0
32,15,-1.0
480,162,1.0
275,198,-1.0
208,80,-1.0
294,307,1.0
44,283,-1.0
370,51,1.0
148,186,1.0
68,111,1.0
305,127,-1.0
332,269,1.0
429,69,1.0
64,237,1.0
274,133,1.0
243,255,-1.0
480,5,1.0
302,167,-1.0
400,239,1.0
238,198,1.0
429,28,1.0
16,51,1.0
241,65,1.0
281,247,1.0
296,280,1.0
162,3,1.0
480,73,1.0
412,263,-1.0
541,83,-1.0
62,167,1.0
480,254,1.0
429,105,1.0
114,88,1.0
91,277,1.0
544,126,1.0
424,208,1.0
221,3,1.0
164,201,-1.0
239,107,-1.0
160,192,-1.0
254,34,1.0
472,202,-1.0
528,96,1.0
158,264,1.0
261,5,1.0
555,295,-1.0
110,205,-1.0
444,315,1.0
486,0,-1.0
334,148,-1.0
5,273,-1.0
102,263,1.0
44,159,-1.0
169,1,1.0
528,280,1.0
103,76,1.0
198,63,1.0
156,263,1.0
10,193,1.0
82,50,1.0
480,189,1.0
389,103,1.0
314,139,1.0
29,59,1.0
467,16,-1.0
10,151,1.0
216,98,1.0
10,253,1.0
335,134,-1.0
370,11,1.0
10,112,1.0
394,185,-1.0
415,207,-1.0
403,89,-1.0
86,239,-1.0
214,176,-1.0
385,267,-1.0
327,49,1.0
380,38,-1.0
489,2,1.0
120,180,1.0
330,272,-1.0
522,272,-1.0
563,234,1.0
371,67,-1.0
297,199,1.0
56,110,1.0
432,68,-1.0
102,97,-1.0
192,31,1.0
306,41,-1.0
342,262,1.0
339,16,-1.0
352,225,-1.0
495,137,1.0
429,270,1.0
502,70,1.0
145,27,1.0
32,249,-1.0
517,74,-1.0
352,266,-1.0
536,97,-1.0
537,157,-1.0
442,280,1.0
412,5,-1.0
387,5,1.0
456,184,1.0
381,137,-1.0
191,177,1.0
148,102,-1.0
14,269,1.0
498,205,-1.0
38,209,1.0
429,95,1.0
427,43,1.0
518,315,1.0
91,130,-1.0
119,175,-1.0
132,190,1.0
479,150,1.0
359,117,-1.0
70,91,-1.0
76,0,-1.0
496,114,1.0
270,193,-1.0
167,209,1.0
216,191,-1.0
54,259,1.0
122,21,-1.0
265,299,-1.0
183,289,-1.0
69,12,1.0
299,304,-1.0
480,155,1.0
481,91,1.0
167,307,1.0
446,182,1.0
311,146,1.0
282,260,1.0
91,169,-1.0
388,119,1.0
26,244,-1.0
490,258,1.0
370,295,1.0
477,261,-1.0
218,145,1.0
20,5,1.0
17,194,-1.0
131,56,1.0
396,301,-1.0
121,314,1.0
91,85,-1.0
222,47,1.0
91,229,-1.0
474,250,1.0
10,171,1.0
56,33,-1.0
173,235,-1.0
10,5,1.0
260,158,1.0
382,145,-1.0
479,74,-1.0
178,223,1.0
332,135,1.0
456,93,-1.0
148,216,-1.0
353,249,1.0
260,246,-1.0
236,89,-1.0
352,132,-1.0
10,73,1.0
10,218,1.0
485,314,-1.0
284,120,1.0
426,144,-1.0
324,70,-1.0
154,260,1.0
10,115,1.0
333,210,1.0
232,5,1.0
366,97,1.0
34,183,1.0
91,40,-1.0
241,54,-1.0
408,58,-1.0
476,31,1.0
56,47,1.0
31,200,1.0
24,214,-1.0
154,6,1.0
25,96,1.0
22,75,-1.0
242,204,1.0
531,211,-1.0
187,36,1.0
263,221,-1.0
295,179,1.0
525,111,-1.0
488,303,-1.0
285,273,1.0
63,161,-1.0
10,91,1.0
416,167,1.0
44,19,-1.0
406,316,-1.0
214,143,-1.0
489,78,1.0
10,214,1.0
11,302,-1.0
519,278,1.0
557,227,-1.0
126,53,1.0
212,26,1.0
396,53,-1.0
33,175,1.0
122,140,-1.0
97,280,1.0
249,300,-1.0
169,256,-1.0
273,65,-1.0
79,313,1.0
502,99,-1.0
283,196,1.0
348,168,-1.0
66,102,1.0
371,57,1.0
81,211,-1.0
183,251,1.0
252,141,1.0
12,281,1.0
152,237,-1.0
66,7,-1.0
10,99,1.0
409,274,-1.0
145,195,-1.0
114,34,-1.0
483,298,1.0
531,47,1.0
133,5,1.0
240,252,1.0
217,297,-1.0
16,36,-1.0
10,109,1.0
44,116,-1.0
38,313,1.0
492,176,1.0
27,152,1.0
418,149,-1.0
155,180,-1.0
328,176,1.0
283,76,-1.0
267,236,-1.0
404,172,-1.0
75,27,1.0
180,289,1.0
30,195,1.0
356,307,1.0
412,277,-1.0
403,282,-1.0
331,290,1.0
453,124,-1.0
94,164,1.0
105,35,-1.0
10,103,1.0
91,230,-1.0
363,299,1.0
277,77,-1.0
202,82,-1.0
150,107,1.0
425,117,1.0
360,268,1.0
9,251,-1.0
334,134,1.0
377,217,-1.0
33,40,-1.0
176,8,-1.0
349,36,-1.0
286,59,-1.0
458,209,1.0
393,87,-1.0
251,295,-1.0
401,48,-1.0
400,310,-1.0
121,153,-1.0
372,298,-1.0
32,98,-1.0
429,284,1.0
329,37,1.0
463,165,-1.0
343,24,-1.0
556,225,1.0
201,313,1.0
515,9,-1.0
144,265,1.0
10,155,1.0
339,294,1.0
391,122,-1.0
452,177,-1.0
215,243,-1.0
298,179,1.0
244,135,1.0
297,152,1.0
342,170,1.0
417,279,-1.0
321,276,1.0
363,315,-1.0
69,150,1.0
332,5,1.0
119,172,1.0
408,146,-1.0
32,52,1.0
406,199,-1.0
91,46,-1.0
464,241,1.0
80,143,-1.0
29,18,-1.0
6,262,-1.0
303,88,-1.0
252,309,-1.0
263,161,1.0
433,101,-1.0
526,152,-1.0
42,313,1.0
449,130,1.0
75,60,1.0
431,168,-1.0
504,183,1.0
434,209,-1.0
60,98,1.0
406,60,-1.0
10,173,1.0
256,303,1.0
296,160,1.0
44,231,-1.0
32,133,-1.0
445,217,-1.0
68,180,1.0
110,44,1.0
244,55,-1.0
51,142,-1.0
161,2,1.0
521,282,-1.0
44,285,-1.0
470,77,-1.0
89,78,1.0
128,293,1.0
358,275,-1.0
242,276,-1.0
272,280,1.0
270,66,-1.0
212,162,1.0
417,187,1.0
32,86,-1.0
108,281,1.0
111,66,1.0
437,282,1.0
152,205,1.0
167,269,1.0
429,46,1.0
554,112,-1.0
44,57,-1.0
313,114,1.0
10,192,1.0
10,301,-1.0
277,45,1.0
373,241,1.0
154,60,1.0
386,293,-1.0
19,246,1.0
317,69,-1.0
45,301,-1.0
93,32,-1.0
541,39,-1.0
146,107,1.0
368,3,-1.0
103,237,1.0
213,65,-1.0
112,68,1.0
379,181,1.0
289,280,-1.0
209,313,1.0
58,119,-1.0
97,101,1.0
154,12,1.0
104,155,1.0
563,76,1.0
157,10,-1.0
406,27,-1.0
59,135,1.0
1,287,1.0
276,281,-1.0
102,52,-1.0
261,269,1.0
75,6,1.0
299,163,1.0
61,118,-1.0
224,296,1.0
444,189,-1.0
151,106,-1.0
88,86,1.0
204,10,-1.0
14,135,1.0
473,313,1.0
309,292,-1.0
254,197,1.0
83,53,-1.0
60,136,-1.0
106,168,1.0
163,212,1.0
251,193,1.0
203,161,-1.0
487,310,1.0
318,301,1.0
452,13,-1.0
145,144,-1.0
561,291,-1.0
294,256,1.0
497,245,1.0
534,265,-1.0
429,175,1.0
196,261,1.0
165,225,-1.0
85,171,1.0
214,128,1.0
442,305,-1.0
353,84,-1.0
293,181,-1.0
369,68,-1.0
160,253,1.0
99,131,-1.0
44,151,-1.0
470,45,1.0
44,112,-1.0
436,195,-1.0
153,222,-1.0
319,313,1.0
250,79,-1.0
462,79,1.0
412,189,-1.0
52,206,-1.0
562,166,1.0
410,66,-1.0
258,81,1.0
201,209,1.0
288,59,-1.0
129,0,-1.0
527,206,-1.0
505,209,1.0
369,75,1.0
402,71,1.0
553,25,-1.0
27,316,1.0
297,27,1.0
375,61,1.0
249,25,1.0
101,135,1.0
198,243,1.0
218,28,-1.0
480,103,1.0
322,109,-1.0
322,283,1.0
130,198,-1.0
233,83,1.0
505,307,1.0
186,26,-1.0
187,313,1.0
216,44,1.0
407,55,-1.0
479,120,-1.0
288,242,1.0
253,196,-1.0
458,306,-1.0
244,116,-1.0
206,233,-1.0
20,269,1.0
277,259,-1.0
499,125,1.0
289,240,1.0
44,43,-1.0
189,136,-1.0
355,190,-1.0
460,38,1.0
352,88,-1.0
350,188,-1.0
552,202,-1.0
10,224,1.0
102,233,-1.0
171,127,-1.0
316,63,-1.0
243,316,1.0
301,15,1.0
44,192,-1.0
335,129,1.0
55,308,1.0
84,176,1.0
10,238,1.0
204,250,1.0
301,165,-1.0
531,41,-1.0
531,83,1.0
523,82,-1.0
91,125,-1.0
282,199,1.0
167,135,1.0
440,208,-1.0
98,277,1.0
350,100,1.0
469,115,-1.0
559,108,-1.0
10,57,1.0
455,230,1.0
547,207,-1.0
22,182,1.0
148,7,-1.0
224,197,1.0
104,73,-1.0
411,269,1.0
297,60,1.0
131,35,-1.0
154,278,1.0
154,5,1.0
145,6,1.0
229,307,-1.0
448,90,1.0
274,122,-1.0
340,63,-1.0
448,37,1.0
405,100,-1.0
522,19,1.0
10,159,1.0
359,242,1.0
154,150,1.0
140,256,1.0
44,171,-1.0
484,113,-1.0
51,73,1.0
209,209,1.0
509,204,-1.0
15,219,-1.0
288,200,1.0
108,86,-1.0
44,218,-1.0
234,303,-1.0
538,52,1.0
118,215,1.0
44,115,-1.0
436,174,-1.0
382,169,1.0
429,125,1.0
392,126,-1.0
287,313,-1.0
499,183,-1.0
292,245,-1.0
309,0,-1.0
173,163,-1.0
199,136,1.0
80,216,1.0
383,32,1.0
154,20,1.0
505,274,-1.0
473,209,1.0
44,224,-1.0
207,84,1.0
91,80,1.0
459,75,-1.0
501,157,1.0
466,135,1.0
431,203,1.0
211,249,-1.0
382,229,1.0
40,69,1.0
200,104,1.0
413,235,1.0
297,260,1.0
148,166,-1.0
97,35,-1.0
233,114,1.0
424,131,-1.0
159,126,-1.0
352,141,-1.0
91,69,-1.0
191,152,-1.0
240,90,-1.0
377,202,1.0
176,142,1.0
278,174,1.0
374,51,-1.0
22,135,1.0
286,276,1.0
59,182,1.0
296,263,-1.0
271,65,-1.0
206,23,1.0
447,147,-1.0
279,202,-1.0
133,236,-1.0
168,72,-1.0
161,34,1.0
140,287,-1.0
419,63,-1.0
44,109,-1.0
494,104,-1.0
0,28,1.0
106,85,-1.0
429,169,1.0
459,16,1.0
233,286,1.0
529,121,1.0
280,235,-1.0
228,127,-1.0
139,228,1.0
444,182,1.0
512,99,1.0
550,232,1.0
487,130,-1.0
535,94,-1.0
49,194,1.0
460,278,-1.0
269,182,-1.0
13,209,1.0
361,286,1.0
559,129,-1.0
429,85,1.0
384,199,1.0
536,80,1.0
325,39,-1.0
429,229,1.0
87,12,-1.0
362,158,-1.0
87,93,1.0
36,206,-1.0
167,5,1.0
270,238,1.0
182,219,-1.0
44,238,-1.0
99,240,-1.0
344,87,1.0
10,4,1.0
427,272,-1.0
187,209,1.0
559,252,-1.0
128,103,-1.0
506,296,-1.0
334,90,1.0
270,57,1.0
221,245,-1.0
345,202,-1.0
282,6,1.0
429,40,1.0
180,45,-1.0
329,29,1.0
323,316,-1.0
108,308,1.0
231,169,-1.0
526,316,-1.0
107,108,1.0
302,122,1.0
93,267,1.0
70,67,1.0
336,283,-1.0
294,1,-1.0
272,284,-1.0
435,131,1.0
412,215,-1.0
73,212,-1.0
496,242,-1.0
473,123,-1.0
9,254,1.0
95,305,1.0
529,98,-1.0
416,133,-1.0
44,269,-1.0
403,10,1.0
320,168,-1.0
428,288,1.0
86,127,-1.0
101,182,1.0
430,186,1.0
200,271,-1.0
341,127,-1.0
48,192,1.0
148,119,-1.0
148,23,-1.0
245,188,1.0
28,285,1.0
220,217,-1.0
216,42,1.0
412,294,-1.0
287,107,1.0
337,64,1.0
269,115,1.0
500,14,-1.0
44,91,-1.0
387,275,-1.0
123,288,-1.0
495,302,1.0
44,173,-1.0
79,223,-1.0
412,246,-1.0
154,113,1.0
444,135,1.0
58,311,1.0
115,222,-1.0
465,9,1.0
420,250,-1.0
294,313,-1.0
506,266,1.0
522,43,1.0
10,220,1.0
559,148,1.0
412,54,-1.0
149,35,-1.0
275,291,1.0
109,132,-1.0
179,107,1.0
72,138,1.0
103,44,-1.0
22,299,-1.0
10,116,1.0
193,58,1.0
546,226,1.0
103,104,-1.0
417,35,-1.0
226,287,-1.0
224,297,1.0
429,230,1.0
290,269,1.0
225,220,1.0
535,135,1.0
479,45,1.0
397,83,1.0
90,218,-1.0
443,202,-1.0
382,48,1.0
347,285,-1.0
217,312,1.0
72,42,-1.0
379,308,-1.0
354,222,1.0
338,240,-1.0
497,215,-1.0
543,210,1.0
172,33,-1.0
188,201,1.0
111,57,-1.0
358,269,1.0
378,4,1.0
10,256,1.0
21,48,-1.0
311,234,-1.0
44,103,-1.0
216,249,1.0
81,283,1.0
447,62,1.0
535,224,1.0
550,135,-1.0
147,145,-1.0
507,3,-1.0
0,229,-1.0
147,61,-1.0
133,292,1.0
395,210,-1.0
541,114,-1.0
483,224,-1.0
284,230,-1.0
189,314,-1.0
318,70,-1.0
266,242,1.0
224,30,1.0
468,178,1.0
259,223,-1.0
437,139,-1.0
53,199,-1.0
230,38,-1.0
91,251,-1.0
199,121,-1.0
434,295,1.0
258,25,-1.0
89,309,1.0
326,32,-1.0
216,15,1.0
35,247,-1.0
116,140,-1.0
414,61,-1.0
526,60,-1.0
184,22,-1.0
413,138,-1.0
412,80,-1.0
75,260,1.0
10,283,1.0
509,216,1.0
558,269,1.0
43,164,-1.0
491,246,1.0
411,290,-1.0
503,166,-1.0
520,218,1.0
406,260,-1.0
351,84,-1.0
96,154,-1.0
13,274,-1.0
173,42,1.0
49,30,-1.0
112,19,-1.0
525,165,1.0
288,31,1.0
406,6,-1.0
510,137,1.0
10,231,1.0
295,110,-1.0
398,227,1.0
185,269,1.0
467,127,1.0
411,5,1.0
117,279,1.0
148,215,1.0
85,11,-1.0
429,130,1.0
317,236,1.0
450,131,-1.0
185,275,-1.0
194,36,1.0
174,121,1.0
75,152,1.0
48,64,-1.0
330,43,1.0
365,269,1.0
184,21,1.0
10,53,-1.0
467,142,-1.0
426,255,-1.0
132,241,-1.0
276,106,1.0
226,151,1.0
406,152,-1.0
544,179,-1.0
122,159,1.0
310,199,-1.0
513,219,1.0
44,268,-1.0
262,81,-1.0
306,228,-1.0
482,209,1.0
245,17,-1.0
250,74,1.0
308,71,-1.0
342,304,1.0
97,96,1.0
551,124,1.0
556,78,-1.0
285,150,-1.0
409,306,1.0
246,108,-1.0
412,21,-1.0
59,68,-1.0
67,313,1.0
421,114,-1.0
44,193,-1.0
94,277,-1.0
148,54,1.0
108,50,1.0
451,247,-1.0
210,17,1.0
537,72,1.0
44,253,-1.0
216,133,1.0
489,296,1.0
352,258,-1.0
367,55,1.0
142,272,-1.0
348,107,1.0
72,92,1.0
10,288,1.0
533,243,-1.0
376,139,-1.0
454,254,-1.0
154,152,1.0
467,189,1.0
32,12,1.0
148,128,1.0
264,143,1.0
113,261,-1.0
282,27,1.0
100,22,-1.0
515,11,1.0
336,211,1.0
1,231,-1.0
227,182,-1.0
44,256,-1.0
297,6,1.0
235,187,1.0
432,135,1.0
383,202,-1.0
442,65,-1.0
153,24,1.0
325,233,1.0
134,54,1.0
420,89,1.0
423,266,-1.0
207,170,-1.0
265,217,1.0
78,285,1.0
286,12,1.0
541,286,-1.0
154,27,1.0
54,95,-1.0
466,182,1.0
286,24,-1.0
288,97,-1.0
332,178,-1.0
136,203,-1.0
389,51,-1.0
74,7,1.0
91,95,-1.0
231,270,1.0
175,2,-1.0
115,216,1.0
232,178,-1.0
407,94,1.0
378,311,-1.0
144,173,-1.0
47,149,-1.0
44,315,-1.0
504,113,1.0
237,229,1.0
167,164,-1.0
13,307,1.0
511,307,-1.0
540,280,1.0
101,68,-1.0
229,313,1.0
147,247,-1.0
386,280,1.0
201,300,-1.0
408,248,-1.0
467,299,-1.0
282,60,1.0
32,148,-1.0
545,313,1.0
148,279,1.0
453,95,1.0
490,197,-1.0
208,41,1.0
430,101,-1.0
145,177,-1.0
178,151,-1.0
479,59,1.0
18,65,-1.0
23,141,-1.0
342,111,1.0
261,135,1.0
538,105,-1.0
247,147,1.0
405,173,1.0
421,46,1.0
551,20,-1.0
312,92,1.0
44,5,-1.0
68,15,-1.0
7,82,1.0
461,3,1.0
40,269,-1.0
24,22,1.0
203,214,1.0
48,209,1.0
356,274,-1.0
501,212,-1.0
44,73,-1.0
61,231,1.0
462,259,-1.0
110,196,-1.0
548,280,1.0
10,43,1.0
375,239,-1.0
439,221,1.0
175,132,1.0
127,140,1.0
292,215,1.0
173,87,-1.0
319,209,1.0
32,44,-1.0
162,154,-1.0
373,79,1.0
69,184,-1.0
148,209,-1.0
253,146,-1.0
146,168,-1.0
197,110,-1.0
168,100,-1.0
530,246,1.0
135,81,1.0
327,240,-1.0
365,313,1.0
227,116,1.0
479,190,-1.0
44,214,-1.0
197,156,1.0
10,268,1.0
334,297,1.0
137,311,-1.0
307,4,1.0
88,106,-1.0
439,81,-1.0
306,33,1.0
155,244,1.0
477,39,1.0
174,153,1.0
290,135,1.0
50,255,1.0
5,213,1.0
480,269,1.0
91,276,-1.0
17,312,-1.0
290,5,1.0
73,17,-1.0
10,221,1.0
40,226,-1.0
124,267,-1.0
143,6,-1.0
39,32,-1.0
44,99,-1.0
44,4,-1.0
291,56,-1.0
120,138,1.0
560,14,-1.0
212,268,-1.0
205,200,-1.0
46,43,1.0
8,257,-1.0
74,26,-1.0
450,240,-1.0
465,123,-1.0
107,264,-1.0
493,140,-1.0
125,160,1.0
508,129,-1.0
31,184,-1.0
549,274,-1.0
315,257,-1.0
358,5,1.0
562,65,-1.0
412,254,-1.0
232,135,1.0
243,60,1.0
440,8,1.0
97,8,-1.0
320,107,1.0
367,232,-1.0
442,96,1.0
425,47,-1.0
75,316,1.0
482,306,-1.0
14,5,1.0
247,49,-1.0
41,65,-1.0
2,280,1.0
364,1,-1.0
190,62,-1.0
557,5,-1.0
281,270,-1.0
399,202,-1.0
219,292,-1.0
484,284,1.0
429,276,1.0
277,20,1.0
71,286,-1.0
543,253,-1.0
354,216,-1.0
243,13,-1.0
141,156,-1.0
435,96,-1.0
216,148,1.0
468,294,-1.0
196,305,-1.0
91,18,-1.0
323,13,1.0
190,36,1.0
4,201,-1.0
522,94,-1.0
457,209,1.0
479,20,1.0
255,123,1.0
471,170,1.0
158,29,1.0
215,149,1.0
44,220,-1.0
277,47,1.0
278,60,-1.0
529,262,1.0
382,310,-1.0
44,155,-1.0
91,284,-1.0
441,207,1.0
10,315,1.0
188,56,-1.0
44,221,-1.0
243,260,1.0
43,109,1.0
530,204,-1.0
356,209,1.0
446,290,-1.0
185,5,1.0
154,316,1.0
357,120,-1.0
148,187,-1.0
234,300,1.0
412,269,-1.0
387,269,1.0
60,185,-1.0
382,247,-1.0
503,243,1.0
301,244,-1.0
10,19,1.0
338,131,-1.0
187,9,-1.0
361,160,-1.0
138,220,-1.0
233,39,1.0
277,117,-1.0
248,238,-1.0
378,172,-1.0
19,158,-1.0
365,135,1.0
511,313,1.0
432,182,1.0
539,186,-1.0
139,210,-1.0
143,144,1.0
429,18,1.0
365,5,1.0
195,23,-1.0
422,145,-1.0
205,18,1.0
177,128,1.0
331,275,-1.0
522,182,-1.0
216,86,1.0
239,85,1.0
480,21,1.0
516,107,1.0
467,62,-1.0
91,294,1.0
475,279,1.0
67,303,-1.0
296,114,1.0
526,27,-1.0
362,215,1.0
137,119,1.0
412,186,-1.0
88,181,-1.0
