0
1
2
3
5
6
7
8
10
11
12
15
16
18
17
19
4,9,15,79
20
21
22
23
24
25
13,14,59,80,123,140
27
28
34
31
33
32
35
36
37
38
39
40
41
43
44
45
47
78,85,87,111,112,133
48
46,100
50
51
52
53
54
26,49,55,141
56
58
45,62,90,103
60
61
62
63
64
65
7,92
66
69
71
72
73
91,108
74
75
76
77
104,119
67,70,102,116,124,134
81
83
84
86
45,90,103
89
90
91
92
93
94
7,29,68,82,92,129
95
96
97
98
99
91,108
101
103
105
107
109
111
113
114
16,33,35,61
115
117
118
110,122
28,30,57,125,126
120
121
128
130
131
132
42,88,106,127,139
135
136
137
138
28,71
22,50
139
142
143
144
26,49,55
145
146
147
148
