1,3582
2
5,3286
4
4,3231
4,3232
3,1422
7
356,1192,1211
1192,1212
1193,1212
9
9,1602
1870,2579
456,2578
12
11,4453
14
15
17
18
19
2993,3582,3584,3585,3586,3587,3589
25,26
2299,4220
30
34
34,985
35
36
37
37,39,41
37,1467
39,41
38,1269
38,2537
40,3091
47
48
49
3150,4478
51
52
53
55
56
58
59
60
61
62
63
64
64,3827
64,3859
64,3867
63,2034,2148
63,2148,2153
63,2034,2148,2153
66
67
67,1339,1680,2148,2153
68
69
70
71
76
76,499
77
78
81
82
83,85
86
86,1252
87
88
90,91,93
92
92,94,2202
92,94,3949
94
89,94
96,98
99
100,107
101,354
103
103,106
104,354
108
109,2012
111,114,115
110,112
116,119,120
110,117
118,1530
121
121,125
121,125,127
123,4496
110,121
125
110,125
126,1367
127
110,127
129
133
134
135
134,135
136
134,136
139,1616
142
142
143
144,2396
144,3277
141,2396
145,3278
147
148
152
153
155
156,158
157
160,161,162
159,3569
159,3578
163
164,165,166
167,170,171
168,1541
168,4373
172
173
1133,1654
177,207
180
181
181,432,695,698
187
187,372
189
190
191
192
193
194
195
196
197
198
3001
200,2992
201,368
204
3669,3737,3754,3786,3802,3904,4430,4482
135,205
206
207
206,833,3006
209,1381
215
217
217,220
217,220,221
217,2067
217,2669
222
223
226
228,1381
230
231
232
232,3859
685,1693
79,80,235,236,237,238,239,240
242,243
243
244
245
248
249
249,3437
251
251,3062
252,253,254
255
258
3695,4445
262,3711
260,266
259,261
260,265
260,265,266
263,3641
258,262
266
258,266
266,3711
269,271
269
270
271
272
152,269,694,1376,1667,2465
268,3058
268,3330
274
278
279
281
284
295,296,297
287,1114
287,1155
287,1156
287,3015
287,3964
289,293
287,3957
290,2409
289,1353
288,1347
289,4291
335,2409
291,4279
287,3947
288,2582
288,4291
287,4127
294,1347
1082,1488,3967
1488,1732,3968
1085,1488,3968
307,310
298,1155
298,1156
298,3015
298,3964
300,305
298,3957
301,2409
300,1353
300,4291
303,2409
302,1353
302,4279
298,3947
299,1347
299,2582
299,4291
298,4127
306,1347
308,309
311,312
322,323
313,1155
313,1156
313,3015
313,3964
315,320
313,3957
316,2409
315,1353
315,4291
318,2409
317,1353
317,4279
313,3947
314,1347
314,2582
314,4291
313,4127
321,1347
1098,1488,3955
1101,1488,3956
325,326
1065,1709,3946
1104,1488,3946
324,1155
324,1156
324,3015
324,3964
328,333
324,3957
329,2409
328,1353
327,1347
331,4279
328,4291
332,2409
331,1353
324,3947
327,2582
327,4291
324,4127
334,1347
291,1353
1194,2429
2771,2869
3649,3948
337,776
337,776,3005
337,776,3005
1603,3649,3948
3649,3948,4229
338,2399
337,3011
337,4237
1871,2580
339,3015
339,1155
339,1602
339,1650
339,2396,2435
339,3103
339,4127
339,3957
339,4283
339,4309
339,4228
340
341,770
340,1215
431,1215
1955,3052
342
2342,3619,3620
2348,2350
755,2321,4105
337,2847
337,379,2847
337,2846
233,337
337,1155
337,2435
337,2609
337,2609
337,3942
337,3957
337,688,3957
345,2700
2758,3810
1582,1583,1584
81,84,348
84,348,3933
348,1160
348,1162
1583,1584
82,84,349
84,349,4150
350
861,862,2238,2239
351,1263
1342,1343,1344,1359
353,3963
354
103,354,2202
103,354,3949
355,1955
357
358
150,151
97,359
211,3729,3905
370,1881
154,421,1889,2393,2999,3146,3668,3673,3699,3755,3763,3766,4408,4431
183,184,185,186
907,2167,2182
425,3601
382
383
384
387
388
389
389,3383
390
391
392
393
394,395
398
407,2200
400,1155
400,1156
400,1351,2410
400,2435
400,3015
400,3942
400,4224
401,1347
401,2582
400,4225
400,4266
402,1347
399,2203
403,2203
404,3945
405,3282
405,4307
406,3950
407,593
407,1969
408,836
408,1365
408,4250
407,1966
407,4252
409
410,412
391,930,980,1473
414
416,1539
415,419
415,418,3938
415,418,3594,3938
416,3035,3594
415,418,3594,3914,3938
416,1540
3400
3401
417,418
422,2536
425
425,3581,3601
380
428
428,1727
431
432
432,706,2723,3031
227,575
497,589,799,1754
140,277,362,365,366,367,369,373,374,376,377,378,448,759,765,769,772,777,781,785,786,787,1017,1018,1178,1392,1518,1820,2227,2600,2601,2603,2624,2646,2647,3157,3159,3167,3385,3387,3592,3686,3696
1373,2077
1374,2078
442,443
445
396,397
445,446
2001
450,2987
449,2254
453
453,455
455
456
457
457,461
459
461,462
459,460
461
3738,3756,3759
466
465,466
468
466,468
468,3739
468,3761
471
471,755
471,755
473,474
474
476
473,476
476,1721
479
480
480,3228
482
486
486,3430
487
488
3685,3741,3743
488,489
488,755
491
491
494
438,494
494,1346
495
494,1391
494,3099
496
496,698
507,511,515,518,524,525,526,528,529
500
501
502,505
501,503
505
506
508
508,544
510
512
512,517,520
512,517
516
520
521,523
528
531
532
532,1137,1247,2231
533,930,1006,1007,2462
532,1422,2231,3591
532,980
532,4033
531,673
535,2091
536
538,543,554
510,539
541
522,541
513,558
543,545
545,548,549
528,546
550
516,550
552
514,552
554
506,554
556
520,556
558
559
512,559
560
561
562
562,563
563
564,566
568
569
570
217,220,221,491
384,581,582,583,584,585,586,587,1120,1121,1122,1125,1126,1596,1597,1836,2297,2302,2305,2307,2308,2309,2316,2437,3537
1728
570,1253
579,2638
570,1253
571,574
570,1381
575,2659
577,578,2660
576,2301
576,2304
572,575
573,575
575,1120
575,1121
575,2397,3523
575,2397,3004,3523,3535
575,2397,3004,3535,4260
584,585,587
588
38,588
591,697,698
590,1596,1880
592
592,1965
592,1964
594
594,912
595,2004
530,596
598,599
599
534,599
601
602
603
608
609
610
611
612
613
466,467
470,2692
617,618
620
621
622
623
624
624,3859
625
626
628
632,640,643
1973,3607,3628,3642,3655,3689,3704,3718,3765,3785,3817,3906,4365,4390,4398,4409,4420,4442,4444,4481
279,633
633,634
636
3642,3713,3715,3775,3785
636,641
279,638
636,637
641
3713,3908,4452
641,642
644
645
645,1573,1575
3007,3008
649
650
599,649
651
651,930,983
655
656
657
658
659
660
3722,3891
662,663
661,664
664,767
666
666,2097
666,2099
667
668
669
672
673
673,930
675
675,3420
675,3420,3421,3422
678
675,678
679,683
676,681
684
677,684
685
685,688
685,834,928
687,3492
685,3975
688
688,2700
691
692
693
694
695
695
698
273,698
626,698
698,3110
698,3974
699
698,699
703,704
701
701,980
702,930,1875,2030,3080,3432,3433
705
707,1711,2723
709
710
709,710
715
716
717
718
725
723,1580
725,726
728
712,719,720,721,722,723,1580,2476
728,729
731
713,714,724
731,732
734,741
716,735
737
717,737
739
718,739
742
743
744
744,980
748
656,748,3311
749
3890,4374,4489
751
749,750
749,1802
753
753,1802
755
475
473,756
477,478
473,757
2713,2714
755,760,795
2491,2492
761,2490
35,131
773
179,775
2358,2359
2361,2362
778
2678,3048,3049,3116,3117
788
791
792
794
795
795,3371
755,796,4003
796
797
797,1580
2486,4015,4016,4034,4203,4204,4205,4207
2486,4015,4016,4034,4177,4178,4179,4184
4177,4178,4179,4180,4181,4182,4183,4184
799,2368
801
802
806
806,811
809
810
812
814
815
816
817
818
822,826,1640,1645
823,827,1641,1646
824,828,1642,1647
825,829,1643,1648
822
822,2096
822,2106
822,2107
826
826,2096
826,2099
826,2107
826,2113
830,1644
831
832
832,2097
833
834,928
836
838
841,850
791,842
844
3627,3634,3635,3647,3656,3676,3682,3693,3717,3750,3751,3770,3803,3819,3902,4355,4356,4362,4364,4388,4392,4402,4412,4424,4434,4448,4490,4492
791,844
844,845
846,849
791,847
853
852,1608
857,858
856
856,1427
857
794,857
500,855
708,855
742,855
860
863
3254
864,3272
869,3243
868,2091
871
872
872,980
873
874
876
877
878
879
879,882
880,883
880,3901
879,883
879,4410
873,875,877
884
885
886
887,1593
889
563,929
644,890
893,3942
208,430,889,933,975,1403,3253
911
891,3443,3953,4278
891,3443,3953,4279
892,1356,2582
891,3953
893,4281
893,2573
893,3012
494,893
495,893
894,3461
894,4289
893,1352
893,1347
893,1356
895,2410
895,2582
893,1358,2582
893,2435
893,4275
896,1347
891,3953,4278
648,897,934,946,947
898,3099
891,1346,3953,4278
648,891,1346,3953,4278
900,934,946,947,2397
900,934,947,2397,3991
891,934,946,947,3446,3953,4278
889,910
904
905,2072
438,899
438,900
909
1351,2615
908,2409
1347,2615
2435,2615
910
59,910
891,910
912
913
912,913
912,913,2003
913,4017,4033
913,917,920
912,916,919
912,916,918
912,916
207,915
912,2543
916
921
922
924
926
927
930
930,2027
932
934
935
935,943
935,944
935,3965
689,936
936,1228
936,2401
936,2428
936,3125
936,3979
937,3012
937,4238
938,1347
938,1348
938,1350
936,4130
936,4226
939,2401
936,4234
935,3966
940,2401
3703,3733,3734,3735,3736,3821,4352
942,943
941,1606,1649,1809
945,1464,3118
947
902,2165,2179
569,948,973,1490
569,949,973,1490
569,950,973,1490
569,951,973,1490
952
952,2866
954,955
956
958,964
953,968,969
957,3567
815,953
901,2174
2164,2174
959,965
961
962,1925
962,2038
960,966
962,967
88,969
198,969
969,980
715,970
956,970
970,2391
969,1968
969,3082
969,3138
969,3175
971,1256
971,2964
969,3565
969,3578
969,3124
693,972
973
980,987,997
3714,3742,4428,4439
3646,3690,3758,4393,4428
984,1005
867,977
983,2025
981,3251
977,996
980,2392
978,990
979,990
980,2269
930,986,1137,1247,2184,3291
977,1491,2559,3340
270,980
930,991
983,2029
2521,3228
981,3246
801,993
481,992
995,3771
930,982
996,1491,2559,3340
988,998
1008,1009
1000
1001
977
1002,1489
1002,1005,3144
1003,1967
1004,2400
1003,1968
1005
980,3926
980,1134
990,1005
1011,3012,4246
999,1005
1003,1525
1005,1947
1005,1948
1012
1013,1014
1016
783,1519,3092,3389
1197
1026
1026,3637
1028
1029
1030
1031
1032
1034
1037
1032,1035
482,1036
1034,1038
486,1036
1038
1039
1040
706,1043,2723,3031
1044
1045
1048
800,2243,2310,2602,2755
1048,1049
1051
435,452,621,1414,1517,3521
1051,1052
1054
435,452,621,1414,3521
1054,1055
1057
16,54,146,805,839,851,925,931,1267,1944,2243,2310,2625,3129
1057,1058
1065
1061,1066,1069,1075
1084,1488,1732
1070
1079
1067,1078
1080
1081,1082,1488
1060,1061,1066,1069,1071
1083
1084,1085,1488
1060,1063,1066,1068,1072,1073,1074,1076,1077,1384
1083,1671
1000,1001,1478,3280,3675,3773
1475,2535,3675
1086,1089
1087,1090
1088
1060,1061,1069,1071,1075
1091,1094
1092,1095
1093
1060,1062,1063,1064,1066,1068,1072,1073,1074,1076,1077,1384
1096
1097,1098,1488
1060,1063,1064,1068,1076,1077
1099
1100,1101,1488
1060,1062,1063,1064,1066,1068,1072,1073,1076,1077,1384
1102
1103,1104,1488
1060,1062,1063,1064,1065,1066,1068,1072,1074,1076,1077,1384
1065,1102,1488,1709
1105
1106,3096
1061,1069,1071,1072,1076
1106,1107,1488
1110
1110,4416
1111
1112
1113,1115,1116
1117
1118
1119
1120
1121
1122
1127,1129
1128,1130
420,1163,1735,1736,1753,3799,4443
1131
1132
1132,3106,3935
1135,1655
1137
1138
840,1138
1139
1139,1140,1141
1140
1142
1143
1119,1143
1145
176,199,519,1806,1917,2974
1145,1146
1148
176,1426,1917
1148,1149
1151,1153
1152,1376
1154
1155
1156
1158
1158,1183
1160
1162
1164
1165
1167
1170,1174,2873
1172
1173
1179
1041
1628,1633,1639
615,1157
1184
1173,1174,1176,1177
1186,3562
24
340,1206
431,1206
1188,1381
1188,1253,2734
1189,2734
1189,3102
1217,1253,2733
1215,2733
1253,1285
1285,1381
356,1191
1191,3102
1191,4282
1253,1288,2741
1220,2741
1253,1283
356,1192
1283,1381
356,1193
1189,4282
1217,1381
1221,1223
249,3608
1198,1223
1218,1381
1199,2268
1200,2268
1220,2640
1202
1522,1523
1281,1381
1205,1209
1206,1210
223,1207
1208,2448
1282,1381
1188,1253
356,1189
1284,1286
1215,1366
1215,1368
1217,1381
1217,1253
1215,2400
1215,3368
1253,1288
1288,1381
356,1220
1217,1253
1222,1226
575,1224
1223,2300
575,1225
570,1225
1223,2402
1223,2430
222,1210
1228
1229
1229,1357
1230
1231,1234
1230,1232
1230,1235
2463,2485
1238
1239,1242,1243
1238,1240
1244
1245
1246
1247
1248
1249
753,1249
413,1251
1253
1254
1255
1256
1257
1259,1381
1260
1260,1262
1262
1263
1264
1265
1264,1265
1268
1269
1269,1274
1268,1271,1273
1268,2217
1268,3150
1271
1272
1272,1274
1271,3150
1273,3150
1274
1270,3150
1190,1201,1276
1190,1201,1277
1278
1248,1278
1280
1286,1381
1287,2334
1289
1290,1292
1293
3727,4397
3663,3767,3772,3794,3893,4451
3603,3680,3706,3760
1297
1291,1297
1291,1293
1293,1294
1293,1295
1293,1296
614,1301
1303
1304
1305
440,1305
1528,1817
112,3229
112,135,262,443,446,488,503,505,633,749,753,880,1048,1051,1054,1057,1145,1263,1300,1314,1317,1331,1336,1370,1417,1419,1479,1507,1702,1776,1780,1782,1791,1866,1894,2082,2084,2133,2138,2212,2248,2261,2270,2271,2273,2283,2288,2526,2534,2551,2560,2642,2644,3180,3182,3184,3229,3361,3441,3574,4330
94,104,121,125,127,168,266,359,468,618,680,751,784,842,1158,1262,1265,1277,1278,1305,1331,1482,1512,1769,1861,1951,2138,2273,2547,2554,2563,2567,2911,2913,2984,3377,3397,3512
1307
1005,1307
1005,1307,1528
1307,1529
1005,1309
1310
1312
1314
1314,1739
1316
1316,1556
1317
1317,1802
1317,3423
1320
1321
53,1321
1320,2010
1324
19,1324
1326
1326,1734
1327
1327,2530
1329
1329,2530
1331
1331,3601
1336
436,755
1336,1337
1339
1340,1341
1344
1344,1622
1346,3383
1346
1346,3069
1347,3931
1347,4229
1347,4237
1347,4286
1346,3466
1346,3940
1349,4286
1228,1346
1351,1354
1351,2415
1351,2396
1347,1399
1347,3963
1347,4272
1347,4273
1345,3069
1349,4229
1346,4128
1359
1360
1361
980,1361,2228
1362,2029,2161,3596
1363
1363,3859
673,930,980,1360
1365
1366
130,1366,1368,1369
473,1366
1368
1370,1372
1371,1740
1375,1376
1376
269,1376
1381
1382
1383
1384
505,1246
23
1387
1388
1389
1390
1355,3973
1395
1396
1397
1398
1400
1401
1402
1403
910,1403
1312,1404
1404,4288
1405,1772,1788,2575
1405,1772,1788,4276
1406
1406,1742
1408
45,2014
1408,1409
1411
46,2014
1411,1412
1415
1416
1417
1415,1417
1419
1416,1419
1422
1427
1428
1429
1428,3285
1430
1431
1433,1435,1437
1434,1436,1438
1433
1434
1435
1436
1437
1438
1444,1445
1439,1881
1440
371,1446
1447
648,1448
1449
946,1450
1463,1923
1463
1228,1463
1451,1452
1228,1346,1463
1347,1463
1454
1455
1463,2573
1463,2693
1463,2695,3069
1463,3014
1463,3122
1463,3333
1463,3335
1457,1968
1458,1968
1463,4265
1347,1459
1463,4281
1460,1968
1453,1456
686,1461
7,1462
210,1257,1462
1462,2700
1461,2410
1461,2582
1443
1441
1442
1465
423,1466,2539
1468
1469
932,1468
1470,2576
1472
1475
1478
1479
3624,3628,3634,3635,3636,3645,3652,3679,3681,3682,3688,3693,3700,3701,3710,3715,3718,3721,3732,3745,3751,3753,3770,3774,3789,3800,3803,3818,3888,3889,3902,4356,4366,4389,4392,4405,4433,4435,4436,4448,4449,4450,4490
1479,1480
1479,1534
1482
647,3744,3900,4395
1482,1483
1482,1534
1485
1485,1534
1485,4366
1486
1486,1534
1488
1496
1494,1495
1020,1489
1494
249,1111,1493,2392,2559
1490,1492
1494
1496
1497
3630,3634,3635,3661,3664,3667,3693,3728,3748,3749,3757,3798,3894,3902,4354,4392,4403,4425,4434,4484,4486,4490,4491
3682,3753,3770,3779,3788,3819,4362,4363,4367,4402,4412,4435,4488,4492
52,1497
1497,1499
1497,1498
1500,1503,1504,1505,1514
52,1501
1506,1509,1510
52,1507
1511,1515,1516
52,1512
2620
1213,1223
1211,1223
1216,1223
1190,1223
1219,1223
43
629
812,1532
1311,1532
1310,1532
1532,2986
3019
424,1533
603,1533,2536
1244,1533,2536
1465,1533
1534
1535
1422,1424,1425
1538
3041,3042
1539,3055
1539,3914
1541
1542,3601
788,1543
1544,1550
1545,1551
930,1546,1808,4033
1547,1552
1548,1553
625,916,1549,2004
1554
1557,1558
1555,3380
1564,1570
1565,1567
1565,4246
1566,3012
1566,3931
1566,1604
1566,1605
1566,1606
1566,3995
1568,1569
1571
1571,1844
1572
1572,2541
1573
646,1289
1576
1576,1855,3912
1576,3912,4142
1577
1578
1579,1599,1601,3349
3403,4291
1580
1590
1591
755,1538,1592
888,1015
1596,1597,1598
1595
1599,1938
1602
1602,1606
1602,1607
1606
1603,1622
1608
1611
1612
1614
1538,1615
2050,2051
42,50
1587,1588
1618,1619
1618,3961
1622,3012
1622,4286
3784,3961
1633,4286
1609,4213
1609,1613
782,1624
1182,1625
1633,3012
1123,3520,3746
1623,4290
1632,3382
1610,1613
755,1960
1640
1640,2088
1640,2106
1640,2107
1640,2113
1645
1645,2088
1645,2099
1645,2107
1649
1649,2992
1650
1651
1651,1846
1651,2543
1652
1653
1658
1661
1663
1662,2843
3443
1665
1667
1671
1488,1671
1672
1672,4047,4151
1673
1675
1677
1678
1679
1679,1681,1682,1683
1684
1685
980,1685,2228
1686,2234
980,1684,1687
980,1686,2228
1688
1689
1690
1691
1750,3563
1694
1699
1700
1700,3884
1701
1702
1701,1702
1704
1704,4401
1704,4407
1704,4407
1705,4454
1704,4456
1706
1707
1708
1709
1716,2234
1713,1718
1712,1717
1720
1721
1722
1723
1723,3859
1725
813,1724,1785
1726,1857
1728
1710,1730
138,381,434,498,567,604,605,606,652,653,654,655,774,865,974,1581,1695,1696,1697,1698,1719,1822,1856,1959,2036,2037,2215,2237,2294,2444,2465,2481,2694,2696,2725,2875,2925,2997,2998,3026,3027,3083,3188,3577,3600
575,809,1731
575,1731,4049
1070,1733
1734
1737
1738
1739
1740
1741
1742
1743
1744
1745
1746
1747
1627,1634,1635,1636,1637,1638
1634,1635,1636,1637,1638
1751,1752
1750,4000
1757
1758
1758,1761
1758,1762
1758,3998
1759,3000
1603,1759,3000
1759,3000,4229
1759,2582
1759,3065
1759,3122
1759,3125
1759,4291
1759,4303
1759,4130
1649,1760
1764,1765,1766
1769,3764
1769
1770
1770
1771
1772
1773
1903,3132,3140
3002,3963
1774
1775,1778,1779,1781
1774,1776
1780
1782
1783
1784
1786
1788
1789
1790,1793
1789,1791
1794,1798
1795,1796,1797
1794,3259
1748,1794,3259
1799
1799,3259
1794,1799
1181,1800
1801,1803,1804
2718,2865,3009
1805,2255
1808
72,73,74,1810
607,631,1161,1364,2087
415,1813
901,2164,2175,2177
113,3230
1203,1814
1204,1814
102,118,137,188,447,454,458,490,509,527,540,542,547,551,553,555,557,639,665,711,727,730,733,736,738,740,848,1144,1147,1150,1233,1241,1308,1318,1322,1323,1325,1328,1330,1394,1407,1410,1413,1487,1502,1777,1867,1954,2083,2085,2221,2223,2226,2257,2259,2265,2277,2279,2281,2286,2549,2557,2917,2920,2970,3149,3163,3191,3194,3222
1524,1815
1525,1815
113,264,352,444,447,490,504,635,752,754,881,1050,1053,1056,1059,1147,1250,1298,1299,1315,1319,1332,1338,1385,1393,1418,1420,1481,1508,1703,1777,1792,1867,1895,1952,2083,2085,2134,2139,2213,2262,2272,2274,2282,2284,2287,2289,2290,2293,2527,2552,2562,2645,3181,3183,3185,3230,3360,3388,3399,3442,3575,4331
1526,1816
1527,1816
95,105,124,126,128,169,267,360,469,619,682,784,843,1159,1250,1261,1266,1276,1279,1306,1332,1484,1513,1767,1908,2139,2274,2457,2550,2555,2564,2569,2912,2915,2985,3378,3398,3513
1529,1817
118,1531
110,3381
52,108,110,134,249,258,279,351,442,445,501,755,883,1049,1052,1055,1058,1146,1246,1249,1291,1337,1395,1415,1416,1534,1701,1739,1740,1774,1789,1802,1893,2079,2080,2131,2137,2209,2260,2292,2385,2388,2451,2523,2622,2643,3176,3177,3178,3353,3381,3423,3439,3572,3601,3618
52,89,97,110,249,258,354,440,466,617,675,791,1183,1248,1249,1260,1264,1534,1541,1907,2137,2373,2384,2385,2389,2456,2568,2914,2933,2983,3390,3391,3510,3601,3764,3813
2245,2246,2247,2759
1823
1823,2543
1825
1827,1828,1829
1830,1955
1833,1834,1835
1832,4061
1836
1837
1838,1839,1841,1842
1838
1840
1841
1839,1842,1849
1843
1844
1847,4004
1845
1846
1843,1845
536,1845
565,1845
1848
1850
1851,1852
1853
1854
1854,1928
1838,1841
1858
1861
1865,1868
1866,2451
1869
147,1869
149,1869
1869,2099
1872
1873
1874,2543
1873,2543
1875
1876,1877
1878
1879
1880
1881
1784,1881
1881,3455
1885,1886,1888
1886,1888
1890
1891
1962,4186
1893
1894
1893,1894
1897
1898,1899
1901
1902
463,464
1904,1905
2455,2458,2461
1907,1951
1912,1913
1910,3941
1911,1916
1910,1916
1914,1915
1919
2758,3810
1923
1924
1925
1926
1927
989,1927,2851
1927,2852
989,1927,2852
1928
1929
1930,2232
1679,1932
980,1473,1930
930,1931
980,1930,2233
1929,2229
780,980,1136,1929
1929,2230
930,980,1473,1929,2029
980,1929,2228
1933
1928,1935
148,1934
1935
1936
1937
1940
1941
1942
473,1942
1946
1950
1949,4345
1011,1968,2400,3144
1860,1862,1863,1864
2248,2622
1920,1921
1897,1953
1955
1958
1731,1957
1961
234,286,1020
1020,3528
234,1020
2480,2482,2483
1964
1964
1966
1967
1968
1972
1991,1992,1993,1994,1995,1996,1997,1998,1999
1974,1975
1975
630
1979
1981
1981,2873,3463
1981,2873,4340
1168,1785,1979
1989,3598
1785,1979,4464
1785,1979,3598,4464
1173,1981
1981,2923,3463
1821,1970,2369
2002,2004
2004
2005
915,2005
2006
2007
2008
2009
2010
2011
2013
2013,2507
2015,2016,2018
2019,2021
2025
65,2025
2028
2029
2029
2031,2033
1339,1425,2032,3226
1421,2032,3226
2038
2039
451,1227
2040
2041
2042
2043
2044
2044,2072
2045,3568
2046
2050,2063,3349
2047
2048
758,4066
2049,2727
1600,3814
2059,3584
61,1825,3814
1614,3814
2053,3350
2056,3349
3349,3814,4008
2054,3101
1574,2055
2610,3101,3349,3814,4008
2055,2513
1669,3101,3814,4009
1938,3814,4008
2057
2058
2068,3814
1825,3814
2060,2501,3815
2844,3814
2060
2061
2062
2063
2064
2060,2905
1773,2065
2066,2903
2068
2069
852,2069
1468,2069
2013,2069
2069,2722,3062
2071
2072
2072,3179
2073
2073,3179
2073,4095
2075
2076
2076,3881
2079
2080
2081,2084
2080,2082
2084
2079,2084
2086
2088,2099,2107,2113
29,2093
673,930,1826,2070,2322
597,2089
1429,2089
1431,2089
1432,2089
1929,2089
2089,2109
2091
2091,2115
2092
2092,2116
2092,3844
2092,3872
2092,3877
2094
2089,2100,2114
2095,2450
2089,2108
1184,2088
818,2088
819,2088
852,2088
241,2097
1608,2088,2216
28,2104
1826,2071,2722
1044,2100
1429,2100
1431,2100
930,1383,2100,4033
819,2103,3443
2101
2102
2102,3872
2105
1185,2099
22,2111
1826,2072,2722
817,2108
1429,2108
1438,2108
2108,2320
2108,2541
2108,3564
1429,2108,4300
2109
2110
2110,3830
2110,3850
2112
20,2117
1826,2073,2722
1118,2114
2115
2116
2116,3835
2116,3866
2118
745,2119,2125,2126
2120,2659
789,2015,2016,2018
2121,2659
2121,2670
2122,2962
745,2015,2017,2123
2124,2659
2131
2132,2135
2131,2133
2136
1750,2136
2137
2138
2137,2138
2142,2493,2595
2149,2155
69,2148,2153
71,2148,2153
173,2148,2153
190,2148,2153
192,2148,2153
194,2148,2153
196,2148,2153
198,2148,2153
231,2148,2153
609,2148,2153
886,2148,2153
1029,2148,2153
1941,2148,2153
2148,2153,2445
2147,2921
62,2147,2921
2150
2151
2148,2151,2153
2152
2152,3880
31,32,33,34
2155
779,2156
2157,2543
2158
2160
2161
2162,2170
952,2163
2616,3443
1359,2616
2616,2866
2169,2409
2172,2173
1236,2171
891,2219
2176,2177,2178
1347,2617
2410,2618
2184
1040,2148,2153,2184
2148,2153,2184,2981
2148,2153,2184,3104
2153,2154,2184,2324
2185
2185,3505
2186
2186,3503
2188
2189
2190,2203
2191,2203
2190,2204
1967,2193
2192,3950
2190,3951
1968,2193
10,2194
2193,2410
2193,2435
2193,3015
2193,3942
13,2193
1347,2195
2196
2197,2203
2198,2203
2199,3950
2201
2201,2203
2203
2204
2205
2206
2041,2206
2207
2208
2209
2210
2211,2214
2209,2212
2216
1608,2216
2217,3150,4479
2144,2145,2146,2494
2143,2220
2127,2128,2140,2141
2222,2224
2129,2130
2000
2225,2291
2251,2454
2349,2351
8,1423,1859,1918,1956,2715,2717
280,1474,1535,1536
2240
2241
2248
2251
2252
976,2253
2255
2256
51,2256
2258
36,2258
2260
2261
2260,2261
866,2377,2378,2379,2380,2381,2459,2460
2372,2459,2460
2263,2266
2249,2250,2252
2252,2264
1195,2267
1196,2267
1520,2267
1819,2622
2270
2271
1774,2271
2273
249,2273
2275
2648,3670,3692,4440,4441
108,2275
2275,2276
2278
108,2278
2280
2280,3424
108,2270
2283
250,2283
2285
2285,3437
1774,1782
2288
2288,3423
1774,1780
2291
2292
2292,2534
2295
2296
2296
2296,2301,2304
2297,2302,2305
576,2298
226,2296
2048,2297
2301
2301
2304
2304
2311
2312
2313
2313,3781
2314,3921,3922
2316,3982
2316,4370
2317,3055
2318
2319
2320
2321
1674
2323
2324
1169,1176
1976,1977
1166,1589
762,763,764
2327
3629,3684,3730,3778,3782,3886
2327,2328
2329
2330
3632,3698,3778,4353,4361,4404
2330,2331
2332
2335,2336,2338
2337
863,2337
2354,2360
1019,2339
2355,2356
343,363
364,2343
437,3620
2341,2344,2345,2349,2351
2349,2351,4385,4386,4387
343,2347
343,2608
686,2352
389,2353,2700
1347,2352
1359,2352
1967,2352
343,1968,2608
2352,2399
2352,2435
2352,2582
2020,2352
2352,3942
2352,3120
2346,4455
2364,4457
2363
2363,2365
2363,3903
141,2369,2396
2369
2369,2397
2369,2396
2370,2515
2370,4189
2370,4332
2371,4317
2371,4318
2373
2374
2375
2376
2382
2383
2384
2385
2388
2389
2390
2391
2394
2395
2396
2397
2403,2404
2405,2409
2410,2411,2412,2414
2398,2413
1357,2400,4227
2410,3987
2400,3963
2406
2407
2408
2409
2409,2415
2415
2416
2016,2018,2416,4084
2016,2018,2416,3952
340,1223,2396
431,1223,2396
2396,2760
2396,3467
2417
2504,2505,2506
2420,3665
2418,2419
2421,3665
2510,2511
2508,2509,2510,2515
2422,2424
2426
1215,2429
2435,2436
2431,2432,2433,2434
2431,2432,2433
795,1538,2427
2397,2427
2435
2441
2442
2148,2153,2442
2446
2445
2448
2449
2450
2451
2452
2453
2454
2456
1861,2456
2462
2468,2471,2472
2467,2487
2466,4022
2466,3100
2466,4292
2471,2472
2471,2472,2488
1554,2470,4140
1180,2489,3601
2466,4021
1346,2469
2466,3100
1818,2474
2475,2543
2478
2479
2484
473,1180,2489,3601
2495
2497
2498
2499
2500
2501
1537,2501
2502
2502,2545
2503
2504
2507
2508
2513
2515
2516
2516,3666
2518,2519
2520
2517,2520
2521
2522,2524
2525,2528
2523,2526
2529
2531,2532
2534
2535
2536
2537
1274,2537
2536
2538,3050
2536,3055
2540
2541
2542
2543
2544
2544,3862
2542,3928
2542,3365
2542,4280
2546
2547
2548
2384,2548
2384,2547
2551
2385,2551
2553,2558
2385,2554
2556
2385,2556
2559
2560
3653,3752,3791,3792,4427
2388,2560
2560,2561
2563
2389,2563
2566,2571
2565,2570,2572
2567,2568
2573
2574
2575
2576
932,2159,2376,2576
2577
1869,2577
149,2577
147,2577
2581
2582
2583
2584
2585
2585,4153
2586
2586,3963
2587
2587,4140
2587,4144
2588
2589
1704,2589
2590
1967,2590
2592,2593
2594
2596
492,2597
1010,3144
2598
2599
1811,2599
1532,2538
343,2611
2343,2612
2613,3620
1955,4311
4195,4199
3934,3936,3937
2606,2706
798,2464
2584,2614
906
2584,2615
2168
2618,2619
2183
2622
2623
1656,1657,1659,1660,1662,1666,1670
2626
2627
2628
1663,2627,2628
1663,2628
2629
2630
2631,2632,2633,2634
2631
2632
2633
2634
3257
2636
483,484
1197,2382
1890,2638
2504,2505,2506
795,2508
2640
2510,2511,2512,2514
795,2641
1022,1023,1024,1025
2643
2644
2643,2644
2649
384,491,581,649,650,746,1120,1596,1597,1598,1692,2074,2120,2121,2124,2297,2302,2305,2306,2307,2308,2316,2400,2422,2424,2437,2438,3524
1728
576,1596
655,1957,2656
1020,2657
576,1594
1253,1258
218,2658
1381,2653
472,2657
576,2296
2659,2670,2815
2400,2661
1120,2659
2638,2662
2654,2659
2655,2659
2665
2666
2121
1596,1692,2297,2306,2400,2438
1253,2664
1381,2664
2668,2670
2665,2670
2666,2670
2667,2670
2672
2120,2121,2124,2302,3525,3526
2674
1253,2671
2672,2675
1381,2671
2673,2676
2674,2676
1381,2652
1807,3186,3187
4075
2681,2684
2682,2685
2691,2729,2730,2731
2687,2689
2688,2690
2691
2693
2695
1253,2699
1381,2699
427,1381,2699
2697,4098
1831,1855,2698
1855,2698,3912
2698,3912,4142
2700
2702,2703,2704
2701,3606
793,2706,2707,2708,2709,2710,2711,2712,3094,3155
2706
2706,3084,4318
2716
870,2720,3243
2722
1421,2032,2722,3062,3226
2722,3062
433,4081
2726
2728
2732,2735,2739,2740,2743,2744,2746,2749,2751,2752
2743,2744,2745,2748
2742,2746,2749
2732,2738,2740,2742,2743,2744,2745,2747,2748,2749,2750
2732,2735,2736,2737,2738,2739,2740,2742,2743,2744,2746,2747,2748,2749,2750,2751,2752,2753,2754
2740,2742,2746
1253,2756
1381,2756
2760
218,2772
1728
175,649,650,792,806,811,1596,2422,2424,2425,2437,2837,2839,2868,2870,2901,3033,3131
2771,2901
2659,2775,2785,2799
649,2763
650,2763
815,2765
1694,2497,2764
2423,2763
2370,2766
1381,2767
1728,2768
1729,2769
1381,2770
1253,2760
217,2772
2060,2773
2774,3815
2067,2773
1381,2760
806,2775
1016,2638,2776
1381,1955,2760
336,2777
2761,2775
2775,2837
2775,2838
2778,2872
2775,2869
2775,2901
1771,2775,2901
2779,3225
2762,2775
221
649,650,792,2422,2424,2425,2868,2870,2901
806,811,2839
1253,2780
2781,2784
1381,2780
807,2785
2783,2785
2785,2839
2782,2785
2786
707,2333,2868,2870
1381,2786
2787,2788
2789
707,1909
1381,2789
2790,2791
2792
537,707,1464,1516,1787,2443,2650,2651,3509
108,2792
249,2792
2793,2794
649,650,792,806,1121,1596,2422,2424,2425,2868,2870,2901
2797
1253,2795
217,2798
1381,2795
1121,2799
1122,2799
2638,2800
2796,2799
2797,2799
1109,3532
174,810
1471,2307
806,2308,2447,2448
1253,2801
1381,2801
810,2806
2807,3103
2802,2806
2803,2806
2804,2806
2805,2806
385,386,806,808,1033
1253,2808
1381,2808
2809,2810
219,2814
1728
834,835,836,837,1597,1836,2437,2439
1253,2811
1381,2811
2812,2815
2813,2815
2816
691,1755,2297,2302,2306,2307,2308,3593
1381,2816
219,2818
2817,2818
1122,2297,2305,3536
1253,2819
1381,2819
2820,2821
214,585,586,1596,2297,3369
1253,2822
1381,2822
1302,2824
2823,2824
1943,3351,3352
1253,2825
1381,2825
2826,2827
1882,1883,1943,3351,3352
1253,2828
1381,2828
2829,2830
212,213,1346,1617,2021,2297,2306,2316,2415,2574
1253,2831
1381,2831
2832,2833
2297,2302,2308
1253,2834
1381,2834
2835,2836
2837,2839
2839
2840
748,3316
2841
3312,3313,3328
2844
1253,2845
2853
216,1155,1156,1359,2440,2447,3130,3139,3417
1381,2853
2854,2855
2856
216,1124,1155,1156,1676,2449,2496,3315,3417
1381,2856
2857,2858
2859
216,1676,2440,2868,3315,3417
1381,2859
2860,2861
2862
2863
2864
2866
2868,2870
2869,2871
3897,4400
2872
2873
2877
2881
2882
2883
2885
2886
2887,2888
916,2886
625,916,2004,2886
2890,2891
2893,2894
2896,2897,2898,2899
1763,2895
2900,3598
1763,2895,4476
2901
1824,2244,2902
2904
2906
493,2906
980,2907
270,2908
1303,2908
1678,2908
2115,2906
2909,3238
2910
2911
2911,2933
2913
1620,2932
2913,2914
2916
2916,2934
2918
1621,2934
2918,2919
2473,2921
2922,3637
1027,2922
2923
1976,1978,1979,1981
2923,2924
2889,2892
1743,1744,1745,1746,1747
2926,2927
2928,3032
1253,2699
1381,2699
344,2930
344,426,2930
344,2930,4007
180,2397,2697
2691,4318
2932,2934
2848,2849
27,657
1253,2770
2935,3330
2864,2936
2937
2878,2879,2880
2945,2947,2951
2945,2947,2951
2948
473,2948
2337,2949
229,2950
2952,2953,2954
2945,2946,2947,2948,2951
1381,2955
2954,2955,2957
2686,2956
2938,2939,2940,2943,2944
2941,2942,2958,2959,2960
58,755,2961
2963
2964
425,4020
2965
2965,2971
2966
3747,3909,4415
2965,2966
2966,2967
2968,2971,2972,2973
2965,2969
2971
2976
2543,2977
2543,2976
2979
2980
2981
2982
2983
2984
2983,2984
2986
804,2988,3156,3470
2988
2989
2989,4047,4151
2990
2991
3166,3969
3166,3963
2994
3000
3002
3003
1346,2019,2024
3005
3006
3010
3012,3017,3018
3012,3013,3014
3014
3014,3016
3012,3984
3012,3986
3017
2582,2992
3020
283,1578
282,2500,3020
3021
3022,3023
3024,3025
3028
3028,3030
3032
3034,3040,3046
3036
3036,3038
350,1138,3917
2452,3037
3036,3058
3038
3038,3145
3039
3042
3043
2039,3042
2862,3042
2991,3042
3042,3056
3042,3057
3045,3577
3042,3058
3047
3050
3050
241,1699,3051
694,3051
3052
3052,3054
3057,3058
2039,3057,3058
3057
3058
3059,3061
2543,3060
3062
3063
3064
3064,3963
3065
3066
3067
3067,3963
3069
3070
1785,3070
3071,3072,3075
3080
3081
3082
3084
3085
3086
3088
3088,3089
707,2723,3090
3095
2047,3093
3093,4468
3095,3097
3098,3100
425,3100
3101
3102
3103
3104
3105
3106
1890,3106
1612,3107
2979,3107
3108
2663,3108
3072,3073,3074,3075,3077,3078,3079,3109
3119
3121,3122,3123,3126,3127
3122
3123,3126
3121,3122,3123,3126
3132
3134
2978,3133
3136
2978,3135
3137
3138
3141,3142
3143
3144
3145
3147
3148
3147,3148
3150
3151,3637
2701,3153
3151
3152
3152,3637
3154
1939,3160,3161
3164,3165
3111,3112,3113,3114,3115
670,3162
1167,1755,1809,3103,3580
246,790,1187,1386,1945,2975,3168,4418
1837,3171,3174
2031,3173
3176
3177
3178
3179
3180
3176,3180
3182
3177,3182
3184
3178,3184
3189,3195
1740,3190
3192,3195
3169,3193
3196,3197,3198,3199,3200,3201,3202,3203,3204,3205,3206,3207,3208,3209,3210,3211,3212,3213,3214,3215,3216,3217,3218,3219,3220
441,3221
3223,3316
3225
3227
994,3227,3250
3229
3229,3381
1756,3237
698,3231
181,432,695,698,3231
272,3232
394,698,2591,3231
245,394,698,1720,1880,2591,2716,3231
674,3232
588,1757,3232
1675,2910,3232,3374
3047,3232,3241
3076,3232
3231,3296
3233
285,3234
2228,3234
698,3235
1929,3236
3237
696,3239
3241
3242
912,3242
3244
3245
1137,1247,3245
3245,3248
3246,3249
3247
3248
1137,1247,3248
930,980,3249
1378,1379,1380
3255,3256
1749,3267
3251
3252
387,3042,3262
3042,3262
3042,3263
864,3256
864,3269,3272
3258,3443
3261,3419
864,3272,4217
3044,3262
3258,3443
1237,3258,3595
3143,3262
864,3272,3595,4217
864,3037,3272,3595,4217
864,3272,3595,3916,4217
3265,3266
3259,3264,3267
1110,3268
3271
494,3271
3274,3275
3276,3364
3276,3364
3279,3281
3282
3283
3284
3287,3289,3293,3294
3288,3290,3292,3295
1422,3288
3291
133,3285
3286,3576
3297
3298
3299
3300
3302
3303
3304
3305
3308,4421
3301,3323
803,3307
2188,3307
1289,3309
3053,3310
411,1668,3307,3341,3346
3224,3311
411,3313
2840,3307,3341,3346
1805,3311
3172,3311
3319,3321
3317,3320
3322
383,3323
3324
3318,3324
3325
1032,3326
482,3327
486,3327
646,3314
2840,3307,3341,3343,3346
3329,3331
3333
1611,3334
3336
1884,3337
2543,3337
3338
3339
912,3339
2477
3341
486,3342
486,612,3342
485,611,3348
1032,3347
485,611,3342
3343
3344
3345
3346
2840,3341,3346
1032,2842,3341,3346
3349
3349
3354,3355,3356,3357,3358,3359
3353,3361
3361
3362
3363
912,3363
3365
3366
225,1672,3367
3370,3372,3373
3374
3375,4123
3375,3376
3375,4035
3376
3377
3377,3392
3380
3381
2931,3297
2573,3384
1628,1630,1639,3382
1628,1631,1639,3382
1628,1632,1639,3382
3384,3959
3384,4281
1628,1629,1639,3382
3154,3384
3384,4241
2642,3618
3390,3391
224,616,1021,2315,2775
3260,3393
3262,3396
3057,3394
3395,3443
3270,3393
3170
2373,3397
627,1046,1047,3240
3402,3963
3418,3434
3423
3424
3425
3426
3427
3428
3429
2032,2148,3429
2148,2153,3429
2025,2148,2153,3429
2032,2148,2153,3429
3430
3431
3150,3431
3432
3433
3435
3436
3437
3438,3440
3441
3439,3441
2876,3404,3405,3406,3407,3408,3409,3410,3411,3412,3413,3414,3415,3416
3444,3445
3443,4292
292,3443
304,3443
319,3443
330,3443
227,575,3443
820,3443
2090,3443
821,3443
3447,3449,3451,3453
3448,3450,3452,3454
852,1608,3443
569,948,973,1490,3443
569,948,973,1490,3443
952,3443
957,3443,3567
963,3443
3456,3568
2098,3443
1608,2216,3457
2866,3443
3458,4215
2864,3330,3459
3029,3443
3036,3443
3038,3443
3460
3436,3460
3042,3443
3443,4001
3443,4136
494,3443,4292
1614,1664
1614,1664,3101
3443,4078
256,257
255,3462
3463
2982,3463
1172,3464
3465
3466
3466,3468,3469
439,697,700,3471
1108,2386,3472,3496,3498
2387,3473,3497,3499,3501
3472
3483,3960
2020,3474
1167,3475
3475,4051
2302,3476
3475,4285
2399,3474
2435,3474
3003,3474
3103,3477
3010,3474
3474,3942
3474,4336
3622,3651,3660,4351,4394
3473,3499,3501
2387,3473,3497
3482
3479,3483
3483,3504
1635,3474
2574,3484
2574,3484
2303,3476
3476,3927
3476,3930
3477,4283
274,3485
3485,4306
2399,3486
3017,3474
2573,3478
3103,3487
1494,3488
1494,3103,3489
389,3490
2590,3490
3490,4248
3491,3493
685,3492
3490,4262
3478,4281
3103,3494
1494,3103,3495
3499,3501
3502
3481,3503
3504
3480,3505
3500,3506
3507
3508
912,3508
2728,3508
244,930,3233,3508,4032,4110
3510
3511,3514
3510,3512
3515,3516,3517
854,3519
1971,3522
75,429,747,2022,2023,3529
580,4222,4243
234,1197,3527
1744,1745,3530
1831,1855,3531,3612
3531,3612,3912,4142
3533
1979,1980,1981,1988
3533,3534
3538,3539,3540
3541
3541,4348
3063,3518,3541
1170,1172,1173,1174,1175
491,1174,1377,1979,3999
1979,4406
1174
3542,3552
1214,1223,3551
1521,3551
3552
1981,3550
857,1990
1990,3982
3553,3687
3554,3687
1171,1981
2325,2326
1785,3671,3672
3560,4369
1377,3561
1377,3671,3672,4314,4369
1377,3671,3672,4325,4369
3559,3981
3543,3544,3545,3546,3548
384,2396,2659,3524
3563
3564
3565
1608,3566
3568
3569
3283,3569
3284,3569
3569,3917
2991,3570
3043,3570
3571,3573
3574
3572,3574
3576
3577
3577,3590
494,4292
3578
3284,3578
3579
2107,3579
3581
3581
3583
3588
3588
3588,4339
3591
3594
3595
3596
2867,3597
3599
1667,3599
3601
3606
287,2396,2435
287,3942
298,2396,2435
298,3942
313,2396,2435
313,3942
324,2396,2435
324,3942
3609,3610,3611
755,795,2529,4344
3613
1831,1855,2680,4321
3615,3723
3616,4413
1855,2680,3912,4321
3616,3724
2680,3912,4142,4321
3617,4414
755,4437,4438
339,2399
339,2396,3942
347
2637
755,2639
771
3621,4485
1560,1561,1562,1563,1699
3637
2701,3637
3638
3639
3641
2201,3815
2201,3648
3665
2419,3665
3666
1169,1170
1976,1979,1986,1987
768,2850,3674
1892,2242,2874
44,178
4075,4096,4107,4109
3582,3709
4096,4107,4109
3711
4446
3724
922,923
922,4185
472,1494,4349
3725,4172
491,4349
472,3726
472,1494,3726
3739
182,2035,2533,2635
4399,4429,4480
3762
615,1768
651,930,1674,1675,2026
1476,1477,2719
3776
3777
4054,4067,4086
3582,3781
1585,1586
1587,1588
1626,4346
132,275,361,671,766,1812,3158,3386,3896
2366,2367,3602,3797
1896,1922,2884
2758,3807
143,346
3581,3808
346,4163
2757,3810
2929,3806
3581,3809
375,1275
2060,3815
2052
2948,2954,2955,2957
3823
660,3824
2544,3824
3465,3824
3825,3826
3828,3829
3831
660,3832
2544,3832
3465,3832
3833,3834
3836
660,3837
2544,3837
3465,3837
3838
660,3839
2544,3839
2546,3839
3840
660,3841
2544,3841
2546,3841
3465,3841
3842,3843
3845,3846
2544,3847
3848,3849
1906,3332,3851
2544,3852
1906,3332,3853
2544,3854
3855
2544,3856
3857
2544,3858
3862,3863
3860,3861
3864,3865
3868,3869
3870,3871
3873,3874
3875,3876
3878,3879
3804,3805
3882
2544,3883
3625
3657,3811
3903
1381,4068
2640,3910
1357,4227
3911
3913,4059,4062
4061,4063
4005,4063
1841,4061
4101,4102,4104
3039,3914
3028,3915
4095,4103
3923,3924,3925
1653,3917
1880,3917
2318,3917
2478,3917
2721,3917
1929,3918
2032,3029,3917
2863,3919
3080,3917
602,3920
1919,3916
2452,3916
1422,3273,3917
3039,4095
6,668
668,3925,4079
4060,4165
3928
3929
565,3929
4255,4257,4274
4257,4274
914,3932
3935
3939
3589,3939
3942
3943
3944
906,2168,2181
1587,3958
3962,4407
165,166,3970
163,3971
2992,3972
152,694,1376,2465,4198,4312
152,694,1376,1667,2465,4198
3383,4223
3976,3977,3978
473,3980
3982,3983,4013
3954
1858,3984
1879,3984
2776,3985
2575,3984
3988,3989
3987,3989
3988,3990
3992,3993,3994
2992,4244
2992,3128,4244
2992,4129,4244
2992,4131,4244
3996,4047,4151
2508,4117
3997,4000
4197
4147,4158,4254
4091,4092
4145,4146
4001
1042,4001
4002
2604,2606
2605,2607
4188,4190,4192,4194
4189,4191,4193,4196
4046,4047
1853,4004
4004,4152
4010
1838,4010
4010,4154
4038
4038,4039,4043
2016,2018,4084
2370,4012
2396,4011
4014
4017
4018
4019
4020
4023
4024
473,1494,4025,4172
409,4026
4027
473,4028
4029
4030
4031
4032
4032
207,1878,3106,4033
4036,4070
2583,4037
4039
1112,4039
4041
4042
4044
392,4337
4045
4047
4048
4053
4055
2683,4055
4056
1887,4056
4057
4058
21,4058
4061
4064
4050,4065
4006,4069
4071
4072
4073
1857,4074
3582,4075
1857,4076
3582,4077
4078
4079
152,694,1376,2465,4080,4198,4312
3974,4080
4083
4085
4087
4082,4088
3974,4089
4090
4093
4094
4095
4097
3974,4099
4100,4153
4105
4106
4108
4111,4200
4111
4112
439,697,700,4113
4114
2109,4114
4116
4118
4119
1012,4119
1900,4120
4121
4052,4122
4123
4124
4125
2992,4291
3366,3917
4131
4115
4130
4296,4297
4126,4133
4126,4132
4126,4135
4126,4134
4137,4138,4139
4158,4254
4140,4142
2374,4141
4154,4159
4061,4159
4143
4172
2039,4136
3058,4136
4173
4148,4149
4151
831,4151
4040,4151
4153
4154
4154
4155
1939,2621,3160
1939,3160,4156
473,4157
4159
4160
4161
4162,4175,4176
473,4164
1837,4166
4166
473,4167
473,4168
4169
473,4170
4172
2396,4174
4176
4185
4186
3974,4187
4190
4197
4200
2543,4200
2480,2483,4201
2480,2483,4202
4180,4181,4182,4183,4203,4204,4205,4207
2504,4206
4208
4208,4214
202,4208
1714,4209
1688,4210
1715,4209
1716,2236,4209
1716,2235,4209
1679,4212
1679,4211
203,2028,4208
568,4208
4215
698,4216
2396,4218
2658,4219
2659,4219
2298,4220
2396,4249
857,4121
3584,4121
384,2396,2659,4221
4228,4230
2399,4229
1622,4229
4231
4232
4233
691,1963,4235
4236
4238,4239,4240
384,2396,2659,4242
4245
2706,4245
2775,4245
1568,4247
1964,4251
4253
4154
4256
1253,4259
2468,2472,4261
4262
687,4262
4264
4267
4269
4270
142,4270
204,4270
215,4270
389,4270
600,4270
838,4270
1689,4270
2581,4270
2590,4270
3065,4270
3119,4270
4258,4270
3122,4271
4263,4270
3984,4275
3986,4275
4277
1346,4278
4280
4282
4284
4286
4287
4293
4294
4295
4296
4298
4299
1434,4300
561,4302
1469,4302
4301
4301
4303
4303
3066,4304
4305
903,2166,2180
534,4308
3944,4030
3582,4310
2366,2367,3602,3797,4360
3150,4313
3150,4315
3150,4316
1253,3816
1381,3816
0,4318
428,4318
2399,4318
2705,4318
2706,4318
3614,4320
2375,4323
3708,4319
4318,4461
1,3582,3614,4318
1,3582,4083,4318
1,3582,4268,4318
2679,4322
1,3582,4109,4318
3150,4324
4341
129,694,4326
1015,4326
3150,4327
2060,3068
3150,4329
1313,1333,1334,1335
1395,4330
110,4333
241,4334
110,1367,4333
3150,4335
4337
698,4338
129,4343
694,4342
4171
4345
4265
4347
1976,1978,1979,1980,1981,1982,1983,1984,1985
4357
4359
4366
4370
2677,4369
792,4369
2383,4371
2777,4371
2417,4369
4373
4377
4380
4378,4379,4382,4383,4384
4328,4381
2058
2340
2355,2357
2357
859,1559,3379
4401
2995,2996
1708
3626,4417
4411
3654,3694
4414
4416
3306,3323
4447
247,276,2218,3623,3658,3678,3699,3731,3801
3643,3719,3885
3643,3697,4350
3644,3668,3705,3780,3793,3812,3898,4368,4396,4422,4426
3644,3705,3780,3793,3812,3898,3899,4368,4396,4401,4422,4426
4467
3091,4459
3058,4460
2254,2987,4458
1427,4463
708,4462
2217,4465
4466
4469
4470
3055,4470
4472,4473,4474,4475
3576,4471
3150,4477
3150,4479
2724,3443
3543,3545,3546,3547,3549,3555,3556,3557,3558
690,3087
57,2187,3702,3820,3907,4358
112,4493
3720,4375,4432
112,4494
3631,3659,3691,3712,3768,3769
117,4495
3605,3640,3650,3662,3677,3683,3740,3790,3795,3796,3822,3892,3895,4363,4372,4391,4423
3604,3633,3716,3783,3787
122,4497
3707,4376,4487
121,4498
3887,4419,4483
127,4499