535,726
185
697,869
654
102,203
946
29,628
314,385
317
523,554
253,487
464,649
663
519,753
140,347,487,827
962
270,286,540
575,641
95,253
150,971
119,891
442,785
77
462
116,335,948
152,769
837,878
721,960
449
773
187,473
435,978
149
22,49,108,219,249,316,358,361,463,719,742
301,531,607,634,952
388
105,122
104
327
173
335,362
98,432
12,259
507
38
380
265,570,853
192
535,636
112
800
644,820
398
232
778
641,867
327,963
245,734
195,307
599,686
183,633
766
233
119,712
569
527
526,624,957
226,510
227,627
132,147
733
392
291,709,925
7
87
544,891
302
306,615,707
72,974
214
29,949
545,672
619,965
442
205,690
642,753
796
198,920
330,920
106,596
751,914,915
516,913
176,269
652
398,894
357,450
643
159,403,689
31,54,130,178,223,246,254,300,379,394,455,533,541,561,660,669,713,762,833,876,908,910,919
553,604,911
586,797,950
154,667,876
253,887
222,483,976
37,702
259,267
417
360,793,936
460
753
571
11,312
143,429,645,941
177
510
646
164
320,364
2
51
685
751
181,253
474,666
462,878
174
352
278,944
410,836
96,329,560
320,702
161,168
597
239
345,444,454
894
886
543
73
256,601
29,155
939
795,964
924
676
109
414,718
341,619
453,535
737
207
197,528,876
907
125,296,325,692
328
579,857,876
121
404,548
977
877,907
231
899
417,786
206,714,966
160,535
923
181,694,728,828
499
81,340
535,597
79,148
557
436,844
452,460,931
430
391,701
720,876
253,677
787
138
238,963
6,48,60,80,111,123,172,184,193,196,211,218,235,237,247,262,263,293,298,308,346,351,367,421,425,479,489,513,521,574,577,584,620,621,626,637,655,687,688,731,739,743,775,776,811,812,816,846,850,854,863,874,888,889,896,921,927
512
190,451,467,529
37
278
131,133,353,378,387,461,465,494,566,763,806,810
121
19,83
864
869
595,717,822,858
601,693
814
379,699
382
396,869
593
341,883
241
153,695
710,904
57,182
52,62,74,128,136,158,250,287,336,368,434,482,488,490,496,504,534,622,740,760,832,942,967
590,665,831,881,940,968
290,907
569,767
821
573
26,426
153
16,407,643,801
512,880
355,736
567,704
432,557
508,825
100
651
322
450,638
522
379,506
70,101
46,221,291
141,450
113
194,683
522,708
253,486
75,153
202
160,644
661,723,860
135,410
934
931
164,954
83,784
243,295
907
939
856,932
546
870
253
373,768
97,143,645,941
232,341
683,947
47,169,260,563,629,680,885
253
410
588
344
633
92,255,782
164,304
695
279,582
29,383
797
299,748,788
89,98
126,179,572,639,781,945
727
148
546,603
744
469,916,966
2,175
312
18,204,876
487
240,706
51,149
768
397
85,928
294,321
79,746
609
176,388
201,480,499
280,684
313
384,618,959
550,766
327
520
98
706
379
176
701
877
686
389,835
35,285
871
23,616,841
399,815
525,875
752
279,410
143,146
865
141
410,842
78
181
380,601
422,497,928
458
339,498
420
165
81
978
258,423,514
157,546
375,935
99,535
335,362,948
401,933
963
662,829
93,409,459
866,895
506
295,612
95
252,683
365
606,780
593,644
259,427
64,779
202,703
10,28,39,43,66,100,115,120,137,142,166,208,210,231,232,233,266,273,275,317,331,332,369,372,380,386,406,437,441,466,470,477,485,491,492,502,580,627,631,647,668,673,706,725,757,783,790,826,840,845,855,890,893,898,926,953,965,975
320,519
414,682,718
636
965
163,591,750
135,582
453
969
271
303,460
170
220,305,615
90,650,759
356,410
363,730
239,532
290
589
143,281,645,941
320
371,551,617
535,877
746
75,252
583
20,645,941
834
625,922
582
537,729
144,698
8,410
322,864
216,395
377
226,478
173,886
309
32,633
496
493
241,834,972
373
748
81,183
515,643
99
711,948
438
468
460,518
118,828
143,146,645,941
876
200
174,520
586
787,948
628,825
191,614
30,180
167,442
814
155,805
24,903
341
139,613
596
416
440,656
83,365
212
539
603
152,879
283
276
224
772
319,338
445
356,582
318,951
658
450,753
516
632
410,937
288,294
209,579
828
413,538,696
582,842
900,969
145,600,659,929
144,848
257,542
972
55
160
501,700
17,615,686
104,649
171,333,578
450,884
835
297,327
155,825
280,576
295,324,876
628,805
129,585,791,856,930
109,851
847
906
201
233,248
675
878
79
734,905
151,813
532
370,852
405
78
765,770
807
456,475,882
