1293,1358,1722,4070
1666
2118,4337
317,654,1053,2304
1927,3045
3711
878,3382
1419
791,938
1659,2775
1082,3289
1102,1689,2206,3021
2015,3286,3605
29,707,4565
1193,1890
2284,4333
616,4153
3915,4450
65,381
4049
149
1816
2111,2744
1994
202,3204,4393
1616,1659
2942
2397,3415
1141,4141
1659,3306
1803
1440,4139
3688,4585
515,1989
4599
898,2143,3264,4354
963,1647
1177
3955,4281
2477,4094
1186
77,2661
1046,3364,3787
1659,3187
2006,2213
1710,2744,4220
1652
1965,2428,3153,3431,3827
817,2946
3653
728
2954
4031,4223
526,1457,1576,1587,2737,3589
540,707,2252
2231
1325,2713
841,1213,2125
414
4487
116,2725
1048,4496
2261,2480,3233
1007,4148
273,1422,2450
927,1849
498,1166
2497,4140
2492,3256
690,1308
322,2152
1980,2900
1402,1659
384,1049,1148
622,2529
643,3280
1298,3525
475,1523,1658,2425
2723,4176
4130
252
1824,4543
1272
2974,4153
171,590
975,1659
882,3639
2134
73,4617
2230,3680
3822,3911
3268
698,4155
1205,2138
1226,2828
2207,3498
267,3082
398,1900,2141,2334,3138,3152
3867
4446,4595
2440
915
1592,3910
1370,2470
1832,4418
333
2578
2858,3562
1182,2476
2100,3392
2768,2913
3385,3659
1081,1219,1826,2873
2114,2199,2543
2904,3123
1215
1703,3572
1328
660,2627,3608
3853
1362,3702
2855
3226
2104
1604,3866
1358,2465
3452,3803
4044
3107
1792,2166
995,2574,3084
491,1722
629,4153
243,915
4183
510,1623,1875,4216
2163
2260,4338
1710,4274
2553,4331
1858
2546
1933,2702
889,2492,2576,2586
1110,2469
2245,3055,4113
3105
4178
481,1147,1636
3787,3802
1045
2848,3196,3809,4594
4189,4472
566,2066
2558
963
3550,4153
3636
1549
2396,3144
2995,4543
1038,2264
123,1980
2576
3009
230
149,914,1387,3855
1720,2726
3905
1250
2651,3288
2300
2538
3237,4095
1002,2012
1972,3517
1122,1659
785
2127
1856
2686
4193
532
585,603,1009,1323,1656,1782
2966,3730,4184
73,3794
4383
4065,4153
906,3642
2845,4143
3144
996,1090,1293,2649,2921,4070,4183
2421
307,465
112
1751,4153
1915
29,707,3262
4605
4108
2647
432,2312
475,3318
1518,4269
4420
2592
773,2193
2918,3871
880,1828
189,1672,2203
1788
1081,4205
531,3102
4035
480,4467
4381
1990,2641
2915
31,117,146,612,1735,2071,2270,2368,3043,3393,4389
59,3623,3976,4502,4606
2917,4482
458,2313
967,3828
2556,3325
3165,3496
497
3891
2189,3901,4394,4548
4331
1778,3459,4284,4500
2,1573,2132,2387,2596,3961,3988,4248
510,1058,1875,3349
354,2192
1748,4366
1346,3028,4501
3539
540,2006,2046
1917
1932,2312,4587
2351
3960,4471
4315
1293,4070
4100
311,1805
1775,4153
1217,2193
1921
2395,3710
428
1374,2348
3382
879
1819,4442
29,707,3909
1859,2073
1369
2722,3116
1638,4310
1282
4360,4378
727,4509
140
1017,1330
1241,1324,2664
1356,3779
2012,3480,3976
2095,3201
1219,2693,2864
2343
58,2499
1328,1669,3568
2553
2383
4143
299,4036
3482,4188
1356
1726
706,4356
113,1432,4384
2089,3093
1175,2901
4306
295,1159,2092
406,1300,4182
3948
1938,3240
29,707,844,1393,3670
10,170,2489,4493
0,1619,2678
2104,3706
1035,4341
1724,2567,2973,4004
177,1022,1565,2187,2670,3733,3929,3968,4066,4240,4303,4342,4561,4608
2493
279,3522
1219,2318,2468
33
74
47
1399,4355
1414,3141,3204,4063,4166
1476
3966
1862
2145
1686
2212
2207
1855
690,1133
1574,2496
2011,3492
3327,4428
1528,2507,4534
3289
242,357,2177,2534,3155
276,2418
163,1702,2786,4322,4477
3882
1731
403,1856
81,1979,2221,2709,4006,4484
645,1958
190,523,554,668,675,1214,1251,1373,1455,1809,2037,2131,2488,2772,3086,3148,3230,3339,3379,3508,3510,3875,4025,4186,4309
3345
1046,3015
1243
1822
519,2861
2290
135,516,1044
1200,3422
1889
94,2373,2758
1948
2845,3401
1021
2903
1294,1421
4160
1658,4415
4595
1431,4247
3851
2136,4276
101,553,2315
3185,3896
557,1749
231,4601
515,4206
358,832,1793
2414
1561,3584
535,3249
1362,3958
1710
3304,4234
561,3744
3787,4165
1252,2329,2888,3643
1706,4230
33,677,2510,3802,3926
84,2347
3681
248,1970,2184,2222
611,2768
244,1079,1625,1827,1992,2449,3047
553,3776,3981
330,3034,4212
790
1362,1856
3721
773,2607
1255,3019
479
200,3673
1677
1112,2438
307
2587,4001
2413,3190,3302
2257
3608,4328
417,2491
3488
4323
487
1107,4576
4333
270
1362,3098
419,1710
4156,4587
294
2534,2840
3714
2477
1065,2069
3684
2338,2681
1722,2842
1936,2436,3413,3638
262
868
2940,3156
2432
3085
2775,4153
486,3941
2882,3177
1474,3084
491,1145
1757,3725
1011,3962
1030,2140
378,2451
280
1288,2356,2980,4359
667,684
2698,2738
73,846
1383
807,2311
143,1550,3876
181,1951,2995,3355
148,3659
3520,3653
1433
937
420
4355
902,3041,4585
990,1746
1648,4581
510,1315,1528,2641
20,2757
2392
1154,4387
738,1094,1451,3666
2090
4619
754,1151
510
1991
128,244,1208,1625,2449,3047
2261,2480
1994,4265
29,707,3998,4353
2549
4263
665,3545
2844
1288,3487,4359
1630,3910
2017,2866
1550
477,4061,4147
1003,1399,2563
2730
1721,3507
1655,4429
1945,2779,4142
473,2662,3434,4148
2587,2900
885,3296
73,3775
663,2572
44
1672,1716,2203,4283
576
1141,2496
1021,1141,2538
2181
2005
384,3701
33,3552
1041,3567
2718,3172
1165,2893,4311
635,2263,2788
203,400,4572
2193,2663
1686,2731
2157,4619
475,1745
1189
507,730,925,1139,1667,1753,1978,2020,2042,2083,2953,3527,3564,4254
1722
490
167,673,759,1247,2769,3141,4177,4281
145,4543
2418,4526
166,3192
1863
1859,3647,3870
563,1182
1624,3216
1594,1693,2273,2781,3003,3122,4116,4494
309,1966
3012
49,589,2707
4081
280,1701
328,1486
2730,3094
24,2568
2791
8,184,1156,2780,2905,3620
137,1429
2444,3216
1635,3593
1452,2021
1996,3603
688,1075
3718
208
3500
1029,1938
2492,3840
1635,2581
983,3292
33,544,1090,2649,4183
3319,4457
156,993,3356,4370
4556
2016
4573
1116,4153
143,1722,1989
4046
2849
814,1204
475
2813,3355
3899,4302
2193,3495,4138
3648,3865
398,1900,2141,2334,3138
1113,1721
879,2011
4257
1552,2248
839
312,1953
1806,4026
1696
3259,3960
3911
3416,4229
3263
125,813,1334,1786,1830
24
1124
1216
75
321,4265
2006,4380
2031,3334
2303
1908,3426
478,4445
491,4055
866,3951
143,515,1550
3902,4153
1532,4259
2586,3840
219
1286,4305
3962
2361,3000
4058,4081
1822,1956
813,1334,1786,1830
813,1334,1830
3667,3686
1243,3683
1354,1850,2448
2977,4153
3382,3715
1106,1722
758,2426
341
3193,4418
159,1146
4153,4454
1011
1659,1751
3217
1875
2103,3110
348,571,826,2155,2301,3170,3747,3949,4252
2310,4333
2229,3575
1210,3465
304,440
1897
1571,4284
279
2251,3169
430
1429,2148
854,1254,4553
2326,2944
1951
2144
67,1495
3338
1334
1590
350,360,893,1461,2548,2711,2900,3580,4001
1038
2218
2139,2392
3084
1626,1986
754,2699
4214
608,1372,2365,3654
2591,3296
1280,3710
2323
2395
1284
4463
500,4507
601
2019,4148
1668,2167,2291,3091,3824,4363
2463
1329,1936,3413,3638
198
1267,3996
584,1851
2868
708
635,4011
938,4086
2880,3323
1517,3396
93,2610
3169,3995
2080,2783
59,297,1364,2867,4181
73,1921
241,3094
2022,2527
3609,4172
2966,3277
2104,4137
863,1141
847,4128
343
938
326
2657
1965,2428,2694,3153
630,754
1190,3553,4621
1412,4153
225,279
514,1398,3704
1659,3671
267,480,529,732,1479,1955,2170,2410,2678,3540,3946,4467
1459,3263
4478
1143,1951
2243,2903
703,2392
555,1730
1985,3296
579
2677,3743
3835
426
1348,3085
357,2378
2492
2581,2886
3498
2391,3788
2836
2207,3105
2651
3291,4253
3912
251,3662
1343,3323
4204
2115,4352
3744,4088
453,1070,2148
2305,3364
2193,3616
73
4409
1141,1483
3975
1219,2690
4333,4351
2250,3754
295,1159,1498
149,914,3636,3855
455
1820
1597
59,2306
1314
2168,3294,3439
781
817
616,1659
1352,1675
1659,2153
1079,3869
2010
3997
811,1001,2909
1178
451,1577,2359,3242
4200
1116,3790,4153
1234,3474
1078
176,1362
1321,1482
207,3127
935,1396
1362
3526,4188
262,2928
4421
1706,4504
839,3452
537,1973
2952
1217,1429
17,425,886,948,2051,3504,3884,3893,4124,4240,4614
3206,3762
3572,4047
475,669,1523,1658,2096,2414,2425,4087
700,770
1984,4558
3337
3526,3678
1659,1775
2181,4330
4456
484,3105
3670
2416,2778,2957,3070
1407,3935
309,1966,2995
1110,2760
807,2942,4022
71,1293,1722,4070
884,938
1162,4094
780,4120
4178
3692
2031,4529
521,2208
560,724,1390,1606
2619,3943
2832,4040
2353,3572
3584
2006,4087
807,3720
629,1659
998,4539
4352
1760
1144
3429
270,1870
3621,4333
2683
740,4517
1572
1174,4582
1351
113,1574
3887
271,3576
2327,3705
1678,2641
2283
2673
3461
2845,2900
245,2804
695
1536,3774
1657,2529
103,1423
1500,1927,3323
73,3537
1933,2424
1293,1362,2921,4070
212,3000
6,750
1663
4188,4267
3399
324
1290
575,984,4272
737,813,1786,1830,3116
1598
550
148,1358
2582
3341
2599,2902
3375
580,1018,2762
51,157
3532,3554
1379,1520,3372
1777,3062
1381
2587,4143
2132,2273,2596,2781,3003,3988,4248,4494
385,2274
610
2239,3937
1789,2478
4513
15,100
1110,2985
1682,3691
516,1044,4475
388
621
30,1920,2033
279,3263
1123,2407
3185,4204
1222
589,2393
678,3165
1680,3572
2952,4026
183,2036
2011,2646
2293
2012
478,3314
1076,1728
4013
1055
2015,2067
566
335,741
759,2678,2995,3746,4266,4281
3519
1483
402
1434,1659
2889,3244
3209,4521
1974,2019
1528,4611
3955
2377,3925
2519,3674
1435,2423
3204,4188
2254,2900
2031,2623
1875,2959
961
1155
343,4259
3662
934
1906,2251
3423,3467,3561,3942
808,2783
18,441,631,966,1768,2472,2575
1429,2846
2086
821,2676,3398
537,3365
1589,3750
610,1069
1292,1514,1807
2052,3346
3260
157,4222
607,1722
1219,2580,4044
1787,2006
1429,4506
1490,2874,3841
2624,2890
880
1723,3049
2457
728,3452
1592
923
126,2662,3434,4148
597,725
1672,1716,2203
1289
1964,3475
839,3174
608,4555
2799,3310
4450
3763,4560
1328,2657
90
530
2599
1111,1252,3412
1486
2943,3696
1416,4135
1297,3436
3977
388,2675
1232,3228
657,1530
1659,3154
1645
1262
29,707,3740
2924
834,2439
2449
3905,4215
1616,4153
2102,3724
2220,3686
1722,3449
3027
1136,1722
1866,2329
26,2181
3572,4143,4188
73,334
2955,3862
1476,1747
3585
1763
639,1770,3668
3520,3910
319,4225
2528
3222
732,3946
152
2433
1036
2176,3481
4001
3269,3903
188
292
1993,3010
1115,1458
48,152,179,232,279,333,412,471,478,528,785,804,866,937,963,1161,1180,1238,1352,1484,1644,2079,2348,2753,2875,3416,3717,3785,3867,3910,3915,3937,4062,4096,4287,4341
1145
1,1708
517
1659,4616
3132,4328
4153,4185
3452
1843
2324,3143
4069
1937,3296
781,3222
59,1219,3345,4606
182,3039
510,1315,1528
97,881,1060,1095,1643,3733,4048,4123,4544
358
524,4082
1219,2163
2815
2847,3445
2897
2858,2895
1150
300,2027
2607
1732,3448
1138,1611,1860
555,2219
3373
446
1574,4143
2006,2218,2383
1328,2001,3809
113,440
384,3096
2259
3862
3188,3374
1574,2665
521,4086
244,1208
3505,3871
503,3531
2587,3401
917
119,670
1910,2906
3726
1328,3159
2913
1470
2285,3234,4256
4448
2573
2446,2715,3443
719,748,1672,2203
1362,2538
1913,3438
321,2346
2024,3491
2735,3914
3304
1116,1659
27
1140,4612
743
152,4194
1701
1659,4601
2298,4067
337,3575
1670
1759,4106
1490,3841
1668,2167,3091,3824,4363
2609,3732
3370
327,683,1617
510,2504
785,1752
1670,3165
2103,2242
2061,2941
4387
61,199,421,534,717,786,840,1152,1302,1533,1698,1738,1934,2062,2565,2679,2823,2958,2999,3157,3265,3898,4400
143
2927,4329
2529
416,1813
2230,2761
1574,2193,2910
216,2237,3456
1659,2271
4295
568,891
608,3616
2769,2936
295,591,2517
295,4340,4473
4575
29,707,1256,4179
4341
931,3915
754,960
1719,3295
2724,2866
1170,2072
4083
3600
889,3256
729,1709
2263,2788,3231
1610,1951
1722,1856,4600
3797
1884,4075
782,3633
2897,3188
938,2459
2193,4555
3132
128,174
1366,2019
1212,1411
3319
2190,4242
1416,3551
2374,2950
1219,1350,1742
1878
3410
3722
143,3880
2955,4143
1040,2483
4238
2667
162
3065,3978
3106
1161
113,3779
1903,2148
3740
1176
4296
1571,1624
1464,3135
1352
295,1646,2384
4420,4495,4609
1513
365,4153
3276
1532
1615,3885
3594,4261
3473
2101,2593
2258,2693
267
2605,4086
1082,2337
3064,3886
1769,2090,2841
2871,4270
1069
1252
3123
2789,2915
3540,3763
2511,3251
1059,1585,2049
3458
2866
684
3450,3566
295,591,1646
1359,3877
1706,2496
1004,4153
844
42,1096,1385,1881,2075,2598,3645,3795,4037
178,749,1073,2464
1293,1362,1629,2921,4070
906
3405
4572
1132,1894
1658,2212
810,3869
1998,3910
342
2012,2924,3976
598,4418
2194,3592
937,1609
1496,3717
1571,3790
1101,3024,3839
3734
2651,3573,3979
206,1761
2529,2802
1543,1630
1659,2855
73,3684
1521,2538
1625
2200,3296
3261
1800
4155
3552,3572
2135,2341,2452,2831,3694
553,3158,3776
1436,1899
1296,4552
941
2483,2833
2109
2295,2722,4301
3671
1875,3887,4520
4402
1330,1474
1818
2471,3536
1366,3862
1027
3225
134,2811
776,2776
1806,1980
1882,2576
1949
445
2792
1156
3577
295,2162,2268,4564
1938
304,3779
2672,3682
1109,2130,3347
1236,2889
388,1325,1875
3010,3271,3446
407,815
1874
125
3182
1135
167,656,849,1331,1531,1595,1619,1923,2018,2625,2678,2769,2922,3093,3129,3320,3363,3383,3464,4102,4177,4281,4345,4409,4490
2193
1641,1728
520,708
985,2692
551
3912
314,2030
33,2510,3802,3920,3926
760,2150,2336
2089,3603,3763,3787
172,1942
894,1187
1569
305,1429
3909
1460,3525,3545
2180,2392
1773
2955,4001
3306,4153
2840
2060,4324
2146,3760
2625,4177,4281
779,4191
344,3772
491
1094,1892,2543
730,1326,3056,3527,4411
2496
113,3899
1318,2056
260,3204
851,1666,2973,4529
1987,3959
2333,3010
820,4291
1793
606,681
2095,3581
59,2868,2888,3175
3344
2176,3481,4117
3665
3373,3812
4617
2229,2351
577,1437
1771,4472
2989
1779,3745
2263,3667
1981,2117
832,1793
1943,3681,3882
3296,4543
2019,4349
1343,2440
2815,3105
1722,2545,4206
2410
384
1166,1534
3473,4464
3196
784
2470
31,117,146,281,612,615,709,988,1690,1735,2071,2270,2276,2703,3043,3393,3582,4389,4483
4585
807
1580
1854,3282
3775
876,1219
1878,3098
2798
1893
2148,3077
2420
2945,3594
849,2089
2845,4001
1241,3817
374,1015,4005
1049,1929
1205,2710
336,3817
2074,2844
3067,4530
3619,4140
278,3650
4059
3613
981,4549
69,448,2217,2932,3923
29,707,3113
492
3296,3889
305,2509
4380
2680,4019
2241,4297
1081,2824
3166,4221
2512
4211
3018
1148,4136
2551
1143,4031
1279,1304,4255
1666,4019
773,4508
695,2662
194
1570,2145
1659,1909
2096
911,1893,2058
127,2086
4196
3731,4474
1975
743,1263
1296,3571
1721,3270
485,3169
2379,4236
2571,2640
1042,2325
438
1936,2335,3413
1367,1541
194,2516
1856,1924
2040,3080,4018
357,2177,2534,3155,4597
2667,3882
1743
1332,4015
232
856
3262
889
1604,2552,3788
222
516,1542
2244,3723
132,2463,4572
73,1878
2926
2319,3543,4598
1157,2428,2437,3153,3431
3045,4417
772
2072
1110,2794,3810,4022
3834,4506
1980,4001
128
1609
680
2007,2370,3400
4198
1877,3763
522
113
436,2433
650,1940
1175
509,4300
4029
3503
1494
1774,4019
462,1427,3847
2171,4360
1786,3835
2597
952,975
1747
2732
1781,2955
106,1620,4097
2409,2916
2900
2684,4587
3268,4488,4572
4146
1914
1183,1685,2986,4547
1501,2915
526,787,1601,1790,2434,2962
2889
1126,4153
55,3813
3983,4438
4179
2455,4524
3144,3284
2137,2506
361
3092,3777
2007,2200,2370
1402,2659,4153
728,3174
1132,3105
1681
1541,4070
2576,2636
1282
3817,4579
4042
186,253,573,1619,4102,4312,4345,4410
2309,3852
184,1569,4196
1072,3982
2402
2920,3888
887,2625,3093,4281
2405,3296
592
2685
1219,2693,3437
2818
1065
1207,1588
957
90,690
2364,3843
244,1079,1625,1827,1992,2449,3047
83,3552,3572
3123,3869
1201
3888
3428,3848
1706,3207
849,3802
195,3446
3010,3120,3446
2501,3539
2938
4143,4418
4611
3248
2082,2110,3252
2326
2095,2747
2246
3937
393,943,1405
742,821,965,3928
1328,3338
778
1144,4007
1604,4057
2487,4180
1348,4383
1059
1559
280,3994
852,1275
349,1420
394,2032
270,4333
1528,2177,3155
1722,2822
2695,4056
247,515
2659,2880
584
3046
1962
169,921,1108,1242,1509,2669,3570
2402,2733
1932,4587
1094,2114,2543
1459
3103
3642,3957
1930
2176,2878,3481
1100,1203,4144
59,1478
947,1567
1512
380,1225
3479,4188
1003,2475,3686
2362,2729
2416
3543,4598
1558,1722
1160,2470
2685,3221
1328,3568
1343,4468
1649,2283
1731,1763,1962,3512
2529,4471
1794,4230
3321,3910
14,762,3792
715,2215,2244,3690,3878,4285,4588
993,3274,3356,4370
2058,2628
426,4275
1154,2481
1659,3550
144,1149,4367
1466,1957
2931
2558,4218
1784,3802
1571,2995
3787,4582
261
637,2692
2394,2512
649,1347,1384,1564,2740,2891
431,955
780,897
3971
36,1700,3128
239,2774,3013,4158
777,1704,1935,4199
1041,2098
489,642,651,792,1061,1285,1295,1502,1821,2195,2494,4039,4053,4290
1722,3163
1999,2599
1182,3897
2006,2420
2630,2853
542,2952
1798,1995
287
3522
823
1450
1110,4262
2069,2849
1659,4300
2148,2193
284,1537
1651,2967,3035
561
158,191,225,234,290,548,564,932,1030,1035,1098,1179,1189,1339,1374,1496,1515,1592,1609,1630,1714,1726,1741,1752,1874,1928,2121,2154,2528,2717,2721,3095,3384,3514,3837,4194,4229,4445
3485,4352
1496
3344,4148
2886,4383
278
985,2537
1882,2492
2652,3223
1449,1980
1794,2496
4007
2034,2381
1406
1064
3211,3308
290,991
3098,4432
4181
3118,3167
822,850
1157,1259,1705,1965,2162,2204,2437,2869,3463,3827,4079,4405
838,2754
2721
4460
1376,3007
267,3763
213,1348
2255,3150
1094,1451,2543,3666
2147
1931,3146
916,3119,3329
1980,3401
2465,3659
1912
1098,3915
1348
852,4188
22,1875
1852,4153
1967,2534
3862,4026
2006,2044
2411,3248
3981
3283
3572,3862,4188
1710,2744
789,3468
1454
3435,3499
2937
818,1808
258,1423
658
1574,2658
754,3092
1291,3823
1791
1081,2011
1126,1659
439,4554
873,4572
879,1129,2418
2361,2665
2933
1923,3787
59,2127,2888,3843
1630
1141,4230
73,3427
396,2859
4220
586,1512,2058
437,1706
1052,1728
3715
804,3750
4384,4418
59,192,923,2165,2262
40,843
3780,4109
3143
524
801
2404
1033,2357
836,2124
1659,4596
4500
19,757,3161
4227
3643
736,1467,1637,4210
704
3207
3516
68,3765
1332,3784
161,1659
1980,4143
218,1925,3137
1479
2254,3572,3862
3695
308,4078
366,2560
1220,3700
2587,3353
2224,2984
2444
2003
3330
871,3891
1991,2312
1110,4174
1905
1981
807
477,1947,4147
1248,3845
2200,3402
1094,4235,4578
123,2845
2863,4562
282,2720
831,1124
3335,4567
627,3802
3905,4204
2552,3780
2937,4152,4170
1446,3337
765,1110
3651,4594
510,1528,4425
1265
2784,4032
2179
2493,2682
1077,2955
3000
1852
765,2249,3160,3685
780,1327
981,2721
1353,4556
521,884,4086
2671
1951,2171,4360
681
1328,3809
944,3986
435
216,2237,3707
1269
1943
515,2492
4042,4082
1031,2272,3890,3967,4388
2337,2857
3057,4054
4577
877
4279
794
1755,3868
975,4153
467
2898
4437
694,930,1727,2763
854,1254
167,567,3191,3540
1111
300
1579
459,3814
1645,4306
384,1148
364,546,800,1051,1074,1488,2013,3455
3533
267,480,529,732,1479,2170,2410,3946,4467
1885,2390,3466
1091,2214
123,4188
3489
2587,3572,3862
72,1231
1013,3933
267,423,480,529,732,1008,2170,2443,2620,2678,2963,3540,3688,3832,3946,4345,4467,4585
1659,4185
1795,1905
3390
3833,3999
660
713,1887,4365
529,2992
1633,1694
104,218,1202,1640,2843,3137,3757,3900
12,1166
883,1016,2079,3858
2424
3412
11,313,510,1058,1211,1345,1377,1623,1875,2358,2435,2508,3322,3349,3378,3506,4216,4228,4339
2638,3005
2983,3854,3918
1110,4500
325,4273
4522
613,1740
3217,3454
863
7,23,80,86,107,221,240,449,466,578,661,755,756,761,766,774,833,1218,1253,1319,1471,1552,1557,1627,1836,2023,2077,2151,2182,2223,2267,2385,2533,2584,2616,2618,2635,2851,2919,2939,2988,3099,3108,3125,3142,3208,3285,3358,3490,3542,3660,3677,3687,3703,3736,4068,4071,4111,4122,4161,4195,4207,4219,4332,4407,4430,4527,4540,4568,4592
848,3132
2179,3105
3118
614,3046
2920
1604
2227,4431
1417,2887,3387,4375
741,1856
332,383
863,3630
2540,3326,3381
1380,2039
632,3752
2546
2796
114,3594
475,2727
853,2768
186,2915,3300
215
1456,3908
1507,1654
2794,3810,4022
1783,2423
853,2990
294,658
454,558,2105
422,680,3261
1824
1047,1337
2955,4267
592,1328
3180
217,1426,2773,3134,3729,4528
2880,4562
2243
1944,3202,4302
1043,2045
3837,3910
3282,4133
1243,4232
3492
3696
747,2321
2280
1825
2500,4587
3280,4358
1331,3363,3464
1744
767,3921
3724
1082
1870,3572
580
13,2398
291,3444
2432,2604
2987,4015
3176
2897,3241
1338,3672
1208
3692,3763
1515
2995,4602
927
137,2193
1726,3867
490,3796
1648,3857
121,1245
2432,2744
3051,3205,3530
298,2031
980,1391
3305
1311,1659,2307
210,1673,4620
1054,3738
209,226,433,545,802,971,1121,1198,1378,1497,1499,1546,1575,1628,1756,1804,1876,2097,2231,2386,2399,2467,2541,2588,2603,2734,2978,3017,3038,3047,3171,3186,3215,3278,3343,3362,3484,3549,3607,4125,4157,4202,4294,4368,4480
332,3245
1659,2974
277,1902
2211,3472
583,2866
3252
2138,3960
1806,2955
3627
1659
3028
1927,3323
4105
952,3802
1131,1392,3817
1712,2602,3226
2820,3369
3238,3763
4249
420,1342
842
304,1574
3,1224
850
4390
340,4153
1005,3036
1785,3204
3485,4064
1412,1659
2396
3818
3993
911
2398,3216
1371,2471
3804
13
1252,1403
1848,2419,2524,3151,3980
4151
2032,3002,3217
3785
871
754,2485
16,350,2548,2900,3191,3324,3919,4001,4231
3616,3954
4606
370,2094,2997
549,1453,1566,4074,4492
1545,2253,3460,4293
544,741
2015,3286
1342
2054,2238
3869,3904
3560,4559
130,2126,2655
1089,3321
265,4052
1388
3608
1814
784,1842
1489,2259
48,2528
1728,4143
3451,4595
1761,1896,3447
2069
726,1141
2030
1813,4613
697,2008
3340
389,1442
1263,1948
1329,3638
2372
1447,2764,2782
754,4508
29,707,2252,4042
1559,4148
3317,3950
1362,4141
478,4246
1541
4043
1659,3301
429,2994
2421,3492
395,837
3697,3927
2397
2593
1330,3590
478,2230
1110,2216
407
1435
935,1396,2642
101,553,2316
999,1722
1718,4133
576,1408
1856,4600
674,3481,4117
1955
1873,2093
3579
2429
1711,1837
314
103
516,1044,2322,3018,4475
690,1430,1939
118,2028,3719
606
3871
268,3213,4570
831
1312,2190
775,1186
2326,2701
9,4352
136,450
351,1233,3425
2173,4594
1480,2620
1997,3817
211,974
1713,4259
2059,3493
586
59
3187
1618
1122
2226,3168
2254,3401
1744,2418
858
1659,3902
564,2753
4384
1383,1746
765
2169
1411,2253,3460,4293
4497
2282,3612,4465
3944,4346
305,3659
457,4344
1484,1515
2602
936,3297
208,1454,2058,4181
681,4121,4178
688,1273
29,707,3577
3105,3721
427,951,1544,2375,4165,4177
1568
1403
2361,3296
2412
2938,3626
1179
3611,3774
1451,2199,2543,3666
2979,2992
1275,3204
2666,2942
2665
275,1065
1012,1443
2422
1940
476,2733
38,89,110,193,223,359,363,469,569,570,644,825,949,1209,1229,1462,1493,1591,1679,1692,1733,1831,1916,1960,2014,2035,2088,2289,2453,2644,2650,2743,2981,3004,3040,3258,3712,3800,4250,4271,4278,4590,4610
1492,1936,3413,3638
2079
1068,1416,4135
390,1754
509,1116
2268
4106
4140,4397
1857,3350
3713,3971
150,495,874,1555,1603,2484,3361,4414
407,2915
1659,2960
3885
33,329,4607
1010,3609
123,2587
2329
593
1366,2193
4153
1273,3684
803
3377
692,1722
2194,2678
1980,3572,3862
954
1289,3843
4262
202,3204,3969
1659,1852
220,1090,1629,2649,4183
4284
718,3298,4350,4373
2347
697
29,707,4179,4257
399,3139
1868,2970
734,1982
3551,4135
1929,4136
1942,4104
555,2982
3105,4221
953,4438
2627,3608
2247
1256
1806,2845
2725
2881
835,1424,2767
3604,4282
1665,2872,3442,3728,3793,3990,4372
3414
3127
1730,2159
25,236,237,421,682,786,933,1020,1050,1169,1237,1305,1459,1508,1634,1698,1934,2062,2317,2371,2389,2458,2514,2566,2679,2756,2801,2951,3145,3199,3332,3470,3524,3528,3624,3742,3970,4131,4224,4245,4404,4426,4461
461
2364
2456,3296
1548
754,2935
1469,2915
71,1293,4070
2254,4143
2607
201,687,1261
3124
2254,4001
1366,3954
666,1219
2871
2352,3548
200,1919
2015,3286,3605,4011
295,1578,3005
522,3036
1219,1773
938,3594,4448
1841
3659,4506
2326,3399
2123
29,540,707,2252
3048,3144
1482
2807
3357
752,2856,4164
2561,3088
2053
3653,4438
468,2723
2046,2581
1442,3693
479,2012,3976
867,2894
1596,3659
139
1306,2231,2393
478
120,2698
1109,1188,2130,3347,4159
1167
780,838
2764
2946
445,1219
3872,4360
3035
3121,3500
641,856
1400,4542
1344,1854,2123
1590
4526
2841
945
4286
1224,4335
672
1286
2227,3936
1358,1596
54,525,830,1024,1181,2196,2302,2522,2975,3071,3403,3477,3574,3789
1002
3336
509,909
579,2844
413
1182,2003
1644,1741
1348,4213
915,3948
1019,3089
2845,3353
4118
1937,4140
2973,4004
4107
143,1550
58
321
2032,3236
32,2721
3750
1583
2392,4083
123,2254
1475
1858,2300
1659,4364
202
1752
2689
2202
567
1228
4531
3751,4098
2686,2888,3568
143,1989
2908,3860
1624
1558,1722
3568
1415
3307
4249,4259
3717
129,1423
903,4095,4135
3309,3924
168,518,3652
487,808
56,456,605,812,896,1066,1600,1838,2068,2458,2688,2801,3524,3742
790,3210
483,2380
339,4209
3311
32
2265,4421
1394,3296
2352,3486,3548
527,1215
1416,1941
59,4606
1943,3519,3882
3357,4239
1308
2000,4148
548,1161
178,749,875,1073,2464
98,609
1870,2361
1659,4511
3317
3551
1219,2564
1330,3911
917,1154
47,2006
290,866
2934
2481
2148,4321
1145,1722
773,863
373,499
2633,4587
233,659,1729,2622,2629,3140
4087
1815,2478
1664
2911,2961
1099,3568,3987
234,1241,1324
295
4072
4385
266,1219
2515,3846
115
52,3367
3255
53,1182,2532
1413
2338,2719
286,2009
132
453,2148
4433
155,3083
3774
1468,3766
3892,4587
1360,2102
648,1984
3661
2929,4333
2576,3256
512,2739,4063,4321
77
588,2827
857,2197,2555
771,2944
3829
2095,4458
2082
879,3843
3105,4244
612,2703,4389
160,4145
1429,2166
552
1650,4259
693,4198
1071,1767,2320,2691,3146,3232,3850,4119,4398
2067,4274
1841,2682
1205
3786
2011,2418
1659,1864
3014
3075,4457
21,55
29,707,2989
211,892
515,772
2050,2623,3409,3664
1067,3028
628
2193,2846
1897,4002
3113
2417
62,1951
853
3169,3224
3907
2807,4580
27,59,592,1653,2898,4263
4152,4170
3105,3641
2190
516,527,1044,3018,4475
3172
29,707,4353
1541,3797
1296,1951
3104
1420
1429,4442
712
173,1199
29,215,707
595,3027
3773,3802
2908
270,656,759,899,1010,1362,1458,2038,3985,4281
1012
2845,3572,3862
1158,2785
3518,3863,4008
82,539,587,633,805,819,950,1104,1117,1120,1522,1671,1872,1922,2205,2281,2664,2714,3054,3097,3149,3179,3198,3384,3632,3639,3821,3956,4208,4233,4268,4317,4348,4403,4453,4516,4523,4589
310,4076
1963,2523,3346
3249
1084,2662
57,227,345,865,905,1050,1634,2236,2297,3044,3109,3389,3509,3755,3859,4129,4201,4299,4343,4571
1661,4336
254,1659
4564
1141,3579
1057,1549
2829,2896,3556
3166
4019
3331
521,3236
1641,1728
681
1398,2805,3591,3704
2084,3037,3716,3939
2886,4478
663
1936,3413,3638,3972
3112,4190
2,1573,1594,1693,2387,3122,3961,4116
91,623,2520,4435
1030
1366,4143
3982
4088
1037
1516,4041
2978
685
972,2608
1005
2854,4537
2970,4543
3520
946,1943,3882
748
1219,4259
323,1568,4160
1552,2070
513,942,956,4462
1415,4408
174
3204
493,2235
295,2797,4603
1199
2495,3864
530,2377
711,1208
1561,2550
4267
1168
1004,1659
3659,4442
295,404,4473
1659,3965
3082,3238
624,1659
1289,2011
3830,4341
1399
2346
2348
1371,2194
626,1593,4099
1273,1878
3386
3211
1338,1822
2460,4155
2439,3831
2877,4587
700,2806
1589
1806,4188
739,1327
1162
2417,4007
1468
2162
2937,3239
189,748,1672,2203
224,1758
1205,1615
738,1094,1892
722,4169
180,1197,1853,2201,3051,3205
2019,2200
1081
4305
4093
1135,1538,2100
2665,4418
574,600,926,2531,2751,2803,3312,4563,4615
850,2006,2969
1063,1547,3133
856,1141
71,1362
3480
397,646,1367,1439,1664,1886,3229
410,2529
361,4390
3355
1984,3631
1341
1238,4287
1498,2162,2268
4562
3915
1276,1728
401,3225
1574,3495
813
2784
3111
801,4418
2849,4533
4263
512,4093
29,707,929
3555,4587
3649,4127
408,4352
368,2048,4491
490,2582
334
747
3799,4326
3227
2330,2430
2579,4352
1463
4535
3094
1715
2007,2370
4269
1330
1105,2005,3887
2642
2562
3759,3977
1631,4333
1892,2199,2543
2883,4019,4572
648
2599,2720
1028,1901
1262,1769,4118
83,3572
461,4543
1321,2662
2927
1811,4042
1982
2849,3764
2835,3836
1414,2478
508,3917
616,1659,3838
1130,4304
4580
475,1201
1380
872,2544
2025
2526
1590,4038
24,1343
962,3572,3787,4409
1025
2246,4391
938,4593
1054
2564
690,1793
1489
1946,4543
33,544,1090,4183,4395
1172,1728
2643
1503,1730
2049
4451
2905
48
4412
929
1632,1783
471,1189
848,3608
1093,3822
2239
1740,3053
3259,3885
3906
453,2148,3059
845,3817
1814,2653
229,3105
725
4016
2362
1570,3808
4162
773,1429
3391
1849,2752
3743,4498
1746,3046,3503
3491
1250,2948
752,1258
516,1044,3018,4475
754,4141
690,1430,1590
2884,3411
276
1277
2079,4024
1157,1705,1965,2204,2437,2869,3247,3463,3827,4405
4565
2511
1535
2009
2015,4469
324
543,2369,4514
975
4476
1847,4168
2183
634,815
2696,4148
583
1310,4456
3634
2662,3434,4100,4148
1296,1536,3352
4594
376,511
2366
4552
3344,4056
2402,2996
113,3744
1926,2557
2098,2199
1823
2746,2866
1468,3627
2164
901,3770
726
589,2707,4424
261,689
2108,4362
1659,2294
1830
1574,1856
688
2128,2381
1325
2337
2444,3572,3817
1624,3572,3817
101,287
920,959
3837
4319
918,4606
1581
2354
540,977,1707,3670
1366,2952
2834
991
264,2266
2867
4024
3146
3243,4073
1102,1689,1722,2206,3021
775,4443
981,2721,4549
1358,3385
3599
3468
2137,2662,3434,4148
3658
277,2612
205
2675
29,707,3853
472
310,3606
604,2400
213
2230
1143,2952
2569
4508
536,1844
1141,1362,4141
1730
1287,3945
127
1728,3862
3908
1002,4476
290
139,4193
3849
815,3782
3107,3377
3572
1363,4439
1240,1914,4000
2529,3953
2017
2768
3427
1221,1445,2408
1518
3308
4041
909,4153,4468
1163,1283,3815,3870
214,2955
2662,3434
1650
3115
2785
382,2470
4000
2724
669
4043
602,1951
2710,3960
2004
1425
340,1659
475,1658
3960
3590
964,2349,2595
3803
232,1874
1837
2597,3975
286
2031,4452
364,546
2461,3275,4114
3323,4417
3401,4188
2144,2784
1562,2098,2812
1265,2174,4573
2263,3231
296,978,4085
861,2169
1791,2819
4406
2026,4013
2571
3293
4361
3095,3785
955
244
2344,3714
773,3427
367
1840,2470,3861,3883
407,944,3986
3605
3251
1133
963,2721
1951,4026
3513
619
4496
1516,4277
1780
3400,3744
3620
295,2384,2517
116,288
2036,2964
45,60,272,912,1438,1691,2474,2816,3344,3602
1829
1266,2810,4021
122,2662
377,618,691,1485,2594,3601,4077,4307
809,1386,1891,2232,2809
611
3879,4140
28,567
2812
3079,4308
696,1977
2586
693,1460,2123,3525,3545
3992
1255,3019,3494
1374
1574,2503
1526,4466
3183,3429
762,3033,3792
3402,4088
712,1579
594,3575
331
909,1659
1109,3347
187,1659
662
2213
453,1223,2148
1519,3069
1413,3557
782
1090
1904
815
1854,2793
2089,3022
889,3079
4229
1420,2224
3068,3130
3614,4472
29,707,2252
1086,1355,2142
1994,2346
198,1835
99,369
860
681,2194
954,2240
1145,3449
1758
3767
3586
547,3344,4148
1017,1330,2582
278,3346
866
202,4020
2340
167,4177,4281
2138,2529
4,1659
3296,4413
41,1250,4357
3683
1800,2511
1709,4369
1659,4454
4566
738,1094,1303,1554
1946
1718
3296,4088
3008,3136,3578,3739,4050
2194,4178
228,301,517
1722,1784,3802
1813,2498
4277
1571,4500
4210
3197,3307,3376
3368
3111
160,863,968,4145
2965,3447
269,4333
2186,2308,3136,3656
3346
987,2852,3354
1276,1728,2293
4110
2103
811,1001,2909,4260
671,2626,4512
3855
1375,3419
2814
509,1402
3809
358,559
3260,4030
1722,3430
175
3090,4325
2631,3612,4465
3958
475,4377
3625,4197
2443,3540
3185
939,4028
159
2066
2947
1328,3105
70,2122
1411,1545
2313
2665,4203
1682
1923,3802
346,1119,2278,2837
2440,2568
970,1980
4538
1418
2654
225
572,617
1551,3525
51,2673
2079,3858
3688,3763
1141,3296
2416,4416
468,1915
39,4223
1888,3296
1823,4543
105,1681
1722,4091
403
423,1420
1116,1659
2326,2944
444,3078
1500,3817
1389,2454,3984
3952
2166,3659
3301,4153
2971,4587
4141
1058,3378
882,1998,3910
1188,2130,4159
1369,3060
2264
516,1044
2015
630,773
2682,3513
2666
50,3238
695,987,2852,3354
1635
1722,1764
2107,3869
332
2269,3355,4530
3693
2547,4587
423,1480
388,1875,3887
596
2121,2875
2698
3636,3779
1574,3296
3788
5
3193
2101
1788,4007
2530
1380,1820
3642,4173
2483,4585
1852,3572
1124,3076,3277
1336,2120,2388,3934
1595,2678,3287,3363,3501,4281
259,2256
1414
976,1911,3973
4150
3781,4259
2110
1615,2529
4093,4188
686,3092
4221
127,2354
1080
2117,2283
333,3458
2723
