797,0,1.0
458,0,-1.0
1056,0,-1.0
1603,1,1.0
1236,1,-1.0
778,1,-1.0
2460,2,1.0
1056,2,-1.0
1689,2,-1.0
2918,3,1.0
2039,3,-1.0
26,3,1.0
2899,4,1.0
2213,4,1.0
1115,4,-1.0
13,5,1.0
752,5,-1.0
389,5,-1.0
2581,5,-1.0
2884,6,-1.0
375,6,-1.0
369,6,1.0
1614,6,-1.0
782,7,-1.0
901,7,1.0
2379,7,-1.0
2753,8,1.0
790,8,-1.0
1687,8,1.0
200,8,-1.0
216,9,-1.0
1550,9,-1.0
436,9,1.0
898,10,1.0
1042,10,-1.0
756,10,-1.0
2952,11,-1.0
976,11,1.0
1652,11,-1.0
2772,12,-1.0
1525,12,1.0
1687,12,1.0
790,12,-1.0
2136,13,-1.0
2331,13,1.0
2521,13,-1.0
2944,14,1.0
2675,14,-1.0
1712,14,-1.0
616,15,-1.0
1677,15,-1.0
2641,15,1.0
2851,16,1.0
1676,16,-1.0
648,16,-1.0
1045,17,-1.0
262,17,1.0
1345,17,-1.0
103,17,-1.0
2065,17,1.0
2693,17,1.0
2494,17,1.0
820,18,1.0
1862,18,-1.0
1767,18,-1.0
2508,19,1.0
2186,19,-1.0
931,19,-1.0
1244,19,-1.0
215,20,-1.0
1617,20,1.0
357,20,-1.0
2539,21,1.0
280,21,-1.0
2495,21,-1.0
1875,22,-1.0
2906,22,-1.0
2067,22,1.0
1954,22,1.0
956,23,-1.0
1564,23,-1.0
2416,23,1.0
2014,24,-1.0
996,24,1.0
2828,24,-1.0
772,25,1.0
2067,25,1.0
132,25,-1.0
1875,25,-1.0
2591,26,-1.0
1550,26,-1.0
1779,26,1.0
2283,27,-1.0
2035,27,1.0
1994,27,-1.0
10,28,1.0
1837,28,-1.0
316,28,-1.0
2666,29,-1.0
1550,29,-1.0
2525,29,1.0
2593,30,-1.0
2920,30,-1.0
1998,30,1.0
46,31,-1.0
90,31,1.0
549,31,-1.0
1955,32,-1.0
94,32,1.0
334,32,-1.0
2750,33,-1.0
606,33,-1.0
2340,33,1.0
1680,34,-1.0
787,34,-1.0
2624,34,1.0
2675,34,-1.0
1875,35,-1.0
2906,35,-1.0
1954,35,1.0
2067,35,1.0
2582,36,-1.0
2820,36,1.0
1180,36,-1.0
790,37,-1.0
1687,37,1.0
198,37,-1.0
242,37,1.0
1288,38,-1.0
1836,38,1.0
1687,38,1.0
790,38,-1.0
790,39,-1.0
1081,39,1.0
2698,39,-1.0
1687,39,1.0
1776,40,-1.0
2209,40,1.0
563,40,-1.0
2444,41,1.0
724,41,-1.0
2950,41,-1.0
348,41,-1.0
2906,42,-1.0
1954,42,1.0
2067,42,1.0
1875,42,-1.0
1995,43,1.0
787,43,-1.0
719,43,-1.0
263,44,-1.0
1965,44,-1.0
870,44,1.0
1399,45,-1.0
737,45,-1.0
2634,45,1.0
1609,46,-1.0
1918,46,-1.0
2090,46,1.0
2832,47,-1.0
1927,47,-1.0
2094,47,1.0
224,48,-1.0
2410,48,-1.0
1815,48,1.0
88,49,-1.0
1687,49,1.0
790,49,-1.0
516,49,1.0
696,49,1.0
696,50,-1.0
2681,50,-1.0
1640,50,1.0
2163,51,1.0
1238,51,-1.0
1923,51,-1.0
2132,51,-1.0
413,52,1.0
1249,52,-1.0
968,52,-1.0
1376,53,-1.0
4,53,1.0
813,53,1.0
2291,54,-1.0
2102,54,-1.0
880,54,1.0
1751,55,-1.0
1653,55,-1.0
1628,55,1.0
2411,55,1.0
1780,56,1.0
2947,56,-1.0
9,56,-1.0
885,57,-1.0
1342,57,1.0
2666,57,-1.0
2788,58,-1.0
2673,58,1.0
2736,58,-1.0
311,59,1.0
1617,59,-1.0
2739,59,-1.0
1110,60,-1.0
1687,60,1.0
1211,60,1.0
790,60,-1.0
1711,61,-1.0
572,61,1.0
1481,61,-1.0
741,62,-1.0
566,62,-1.0
783,62,1.0
2679,63,-1.0
1143,63,-1.0
456,63,1.0
2174,64,-1.0
521,64,1.0
512,64,-1.0
1474,64,1.0
2624,65,-1.0
2625,65,1.0
2888,66,-1.0
2007,66,-1.0
2378,66,1.0
2266,67,-1.0
2794,67,-1.0
264,67,1.0
579,68,-1.0
314,68,1.0
1037,68,-1.0
1220,69,-1.0
1122,69,-1.0
813,69,1.0
304,69,1.0
779,70,1.0
390,70,-1.0
2147,70,-1.0
2368,71,-1.0
1397,71,1.0
293,71,-1.0
186,72,-1.0
335,72,-1.0
1573,72,1.0
1005,73,-1.0
1197,73,1.0
1399,73,-1.0
778,74,-1.0
2303,74,-1.0
2147,74,1.0
2675,75,1.0
1687,75,1.0
298,75,-1.0
790,75,-1.0
2234,76,1.0
115,76,-1.0
1796,76,-1.0
192,77,1.0
1114,77,-1.0
1751,77,-1.0
2411,77,1.0
229,78,-1.0
86,78,1.0
102,78,-1.0
2425,79,1.0
2077,79,-1.0
1098,79,-1.0
2925,80,-1.0
1332,80,1.0
2902,80,-1.0
2256,81,1.0
968,81,-1.0
1550,81,-1.0
1904,82,1.0
2030,82,-1.0
1136,82,-1.0
800,83,-1.0
1794,83,1.0
1782,83,-1.0
1878,84,-1.0
1687,84,1.0
790,84,-1.0
2904,84,1.0
644,85,1.0
1687,85,1.0
790,85,-1.0
882,85,-1.0
1687,86,1.0
790,86,-1.0
1111,86,1.0
1300,86,-1.0
1409,87,-1.0
1550,87,-1.0
1498,87,1.0
723,88,1.0
1167,88,-1.0
813,88,1.0
1875,89,-1.0
2003,89,-1.0
176,89,1.0
2857,90,1.0
1550,90,-1.0
2399,90,-1.0
2724,91,-1.0
1077,91,1.0
1687,91,1.0
790,91,-1.0
1597,92,-1.0
2020,92,1.0
1849,92,-1.0
544,93,-1.0
735,93,1.0
974,93,-1.0
873,94,1.0
790,94,-1.0
763,94,-1.0
1687,94,1.0
1696,95,1.0
554,95,-1.0
1986,95,-1.0
984,96,-1.0
1276,96,-1.0
352,96,1.0
790,97,-1.0
771,97,1.0
424,97,-1.0
1687,97,1.0
917,98,-1.0
1617,98,-1.0
1451,98,1.0
1162,99,-1.0
2299,99,1.0
252,99,-1.0
813,100,1.0
2478,100,1.0
746,100,-1.0
1990,101,-1.0
2482,101,1.0
774,101,-1.0
2175,102,-1.0
2589,102,-1.0
2669,102,1.0
181,103,-1.0
2148,103,-1.0
2671,103,1.0
1646,104,-1.0
581,104,1.0
251,104,-1.0
1227,105,-1.0
2561,105,1.0
1875,106,-1.0
2067,106,1.0
2892,106,1.0
52,106,-1.0
2335,107,-1.0
1987,107,1.0
2354,107,-1.0
1373,108,1.0
790,108,-1.0
919,108,1.0
729,109,-1.0
1966,109,1.0
2499,109,-1.0
1687,110,1.0
790,110,-1.0
618,110,-1.0
443,110,1.0
907,111,1.0
2560,111,-1.0
144,111,-1.0
790,112,-1.0
2207,112,-1.0
2253,112,1.0
1687,112,1.0
1122,113,-1.0
2848,113,1.0
529,113,1.0
538,113,-1.0
813,113,1.0
440,114,-1.0
1598,114,1.0
1687,114,1.0
790,114,-1.0
1911,115,-1.0
962,115,1.0
176,115,-1.0
3,116,-1.0
487,116,-1.0
2549,116,1.0
1394,117,1.0
5,117,1.0
1582,117,-1.0
1674,117,-1.0
1016,117,-1.0
879,117,1.0
489,118,-1.0
1260,118,-1.0
1276,118,1.0
2222,119,1.0
775,119,1.0
167,119,-1.0
1687,119,1.0
790,119,-1.0
64,120,1.0
1193,120,1.0
1811,120,-1.0
1829,120,-1.0
0,121,1.0
1550,121,-1.0
802,121,-1.0
1865,122,-1.0
2631,122,-1.0
843,122,1.0
411,123,1.0
241,123,-1.0
2313,123,-1.0
1238,124,-1.0
1294,124,1.0
1087,124,-1.0
1034,125,-1.0
1346,125,1.0
7,125,-1.0
126,126,1.0
974,126,-1.0
2707,126,-1.0
2919,127,1.0
956,127,-1.0
2184,127,-1.0
1025,128,-1.0
597,128,-1.0
2817,128,1.0
813,129,1.0
2511,129,-1.0
2359,129,1.0
1122,129,-1.0
1122,130,-1.0
2022,130,-1.0
1550,130,1.0
1515,130,1.0
137,130,1.0
1632,131,-1.0
1777,131,1.0
1659,131,-1.0
1851,132,-1.0
2196,132,1.0
1687,132,1.0
790,132,-1.0
2072,133,-1.0
55,133,-1.0
2149,133,1.0
2631,133,-1.0
1875,134,-1.0
1954,134,1.0
2906,134,-1.0
2067,134,1.0
2295,135,-1.0
2608,135,-1.0
2894,135,1.0
178,136,-1.0
2000,136,-1.0
1162,136,-1.0
1637,136,1.0
2477,136,-1.0
551,137,-1.0
666,137,1.0
1500,137,-1.0
1687,138,1.0
790,138,-1.0
806,138,-1.0
2716,138,1.0
1687,139,1.0
790,139,-1.0
736,139,1.0
2490,139,-1.0
215,140,-1.0
138,140,-1.0
22,140,1.0
786,141,-1.0
836,141,-1.0
591,141,-1.0
2929,141,1.0
2377,142,-1.0
1665,142,-1.0
1459,142,1.0
2698,143,1.0
2327,143,-1.0
1687,143,1.0
790,143,-1.0
219,144,-1.0
313,144,1.0
1826,144,-1.0
2177,145,1.0
2777,145,-1.0
813,145,1.0
2067,146,1.0
1875,146,-1.0
2906,146,-1.0
1954,146,1.0
23,147,-1.0
1687,147,1.0
790,147,-1.0
549,147,1.0
2741,148,1.0
790,148,-1.0
846,148,-1.0
1687,148,1.0
1433,149,-1.0
1736,149,1.0
1669,149,-1.0
1687,150,1.0
472,150,-1.0
790,150,-1.0
1639,150,1.0
2231,151,1.0
1858,151,-1.0
733,151,-1.0
1229,152,1.0
1978,152,-1.0
1937,152,-1.0
738,153,1.0
790,153,-1.0
1687,153,1.0
246,153,-1.0
1209,154,-1.0
1687,154,1.0
790,154,-1.0
2466,154,1.0
1705,155,-1.0
216,155,1.0
2271,155,-1.0
2733,156,1.0
1271,156,-1.0
2681,156,-1.0
1047,157,1.0
1675,157,-1.0
444,157,-1.0
124,158,-1.0
682,158,1.0
2935,158,-1.0
1907,159,1.0
1781,159,-1.0
1550,159,-1.0
2535,160,-1.0
1352,160,1.0
2164,160,-1.0
1122,161,-1.0
1550,161,1.0
1781,161,1.0
1907,161,-1.0
1223,162,-1.0
2866,162,-1.0
695,162,1.0
1687,163,1.0
2759,163,-1.0
790,163,-1.0
2187,163,1.0
448,164,1.0
660,164,-1.0
23,164,-1.0
1091,165,1.0
1399,165,-1.0
2863,165,-1.0
1710,166,-1.0
1025,166,-1.0
2232,166,1.0
1924,167,1.0
2754,167,-1.0
1818,167,-1.0
1954,168,1.0
2067,168,1.0
1875,168,-1.0
2906,168,-1.0
2863,169,-1.0
746,169,-1.0
2447,169,1.0
1018,170,-1.0
2680,170,-1.0
110,170,1.0
1613,171,1.0
965,171,-1.0
1467,171,-1.0
2626,172,1.0
2767,172,-1.0
1558,172,-1.0
1395,173,-1.0
2569,173,1.0
299,173,-1.0
1494,173,-1.0
2495,174,-1.0
1005,174,-1.0
2667,174,1.0
382,175,-1.0
2360,175,-1.0
2676,175,1.0
2067,176,1.0
435,176,-1.0
1875,176,-1.0
1855,176,1.0
2216,177,-1.0
426,177,-1.0
2400,177,1.0
2717,178,1.0
607,178,-1.0
2473,178,-1.0
2304,179,-1.0
2174,179,-1.0
854,179,1.0
512,180,1.0
2921,180,-1.0
1474,180,-1.0
615,181,-1.0
2197,181,1.0
1550,181,1.0
1122,181,-1.0
2093,182,1.0
1992,182,-1.0
2849,182,-1.0
2005,183,1.0
1687,183,1.0
872,183,-1.0
790,183,-1.0
1617,184,-1.0
69,184,1.0
2239,184,-1.0
1022,185,1.0
2437,185,-1.0
2326,185,1.0
1016,185,-1.0
1122,185,1.0
1394,185,1.0
1674,185,-1.0
2268,185,-1.0
1687,186,1.0
2414,186,1.0
790,186,-1.0
1067,186,-1.0
1636,187,1.0
37,187,-1.0
2008,187,-1.0
2000,188,-1.0
708,188,1.0
2513,188,-1.0
1536,189,-1.0
1917,189,1.0
1153,189,-1.0
1031,190,-1.0
2848,190,-1.0
538,190,1.0
466,191,1.0
2063,191,-1.0
1025,191,-1.0
1314,192,1.0
1019,192,-1.0
1382,193,-1.0
1090,193,1.0
2401,193,-1.0
2579,194,1.0
2639,194,-1.0
2048,194,-1.0
856,195,-1.0
2868,195,-1.0
153,195,1.0
250,196,1.0
2422,196,-1.0
2768,196,-1.0
2215,197,-1.0
2477,197,-1.0
180,197,-1.0
2210,197,1.0
2697,198,-1.0
842,198,1.0
2461,199,1.0
1424,199,-1.0
1890,199,-1.0
961,200,-1.0
381,200,1.0
346,200,-1.0
1632,201,-1.0
1620,201,1.0
1248,201,-1.0
1156,201,-1.0
2267,202,-1.0
1146,202,1.0
1361,202,-1.0
2580,202,-1.0
745,203,-1.0
1702,203,1.0
539,203,-1.0
994,204,-1.0
2756,204,-1.0
1200,204,1.0
813,205,1.0
1122,205,-1.0
85,205,-1.0
1737,205,1.0
2417,206,-1.0
1839,206,-1.0
2037,206,1.0
2628,207,-1.0
1823,207,1.0
462,207,-1.0
1210,208,-1.0
608,208,-1.0
519,208,1.0
2316,209,1.0
886,209,-1.0
2333,209,-1.0
2498,210,-1.0
874,210,1.0
591,210,-1.0
890,211,-1.0
1381,211,1.0
961,211,-1.0
1264,212,1.0
2906,212,1.0
1572,212,-1.0
1264,213,-1.0
2603,213,1.0
410,213,-1.0
2502,214,-1.0
1850,214,1.0
42,214,-1.0
1250,215,-1.0
1687,215,1.0
2503,215,1.0
790,215,-1.0
1687,216,1.0
790,216,-1.0
1197,216,-1.0
2382,216,1.0
2106,217,-1.0
2725,217,1.0
853,217,-1.0
1271,218,-1.0
2302,218,-1.0
2916,218,1.0
2380,219,-1.0
1028,219,1.0
2570,219,-1.0
852,220,1.0
2112,220,-1.0
2495,220,-1.0
1418,221,1.0
2174,221,-1.0
2316,221,-1.0
1847,222,-1.0
1382,222,-1.0
1177,222,-1.0
2731,222,-1.0
1265,222,-1.0
446,222,1.0
935,222,-1.0
30,223,1.0
405,223,1.0
765,223,-1.0
59,223,-1.0
2078,224,-1.0
1760,224,-1.0
915,224,1.0
188,225,-1.0
1154,225,1.0
2942,225,1.0
1655,225,-1.0
6,226,-1.0
689,226,1.0
2777,226,-1.0
710,227,-1.0
1033,227,1.0
2158,227,-1.0
1687,228,1.0
1405,228,1.0
790,228,-1.0
1815,228,-1.0
2540,229,-1.0
182,229,1.0
2242,229,1.0
1152,229,-1.0
1122,230,-1.0
813,230,1.0
572,230,-1.0
803,230,1.0
1398,231,-1.0
891,231,-1.0
1354,231,1.0
1943,231,-1.0
2356,232,1.0
2655,232,-1.0
1687,232,1.0
790,232,-1.0
919,233,-1.0
1695,233,-1.0
2506,233,1.0
2797,233,1.0
2397,234,-1.0
1440,234,-1.0
1497,234,1.0
2300,235,1.0
146,235,-1.0
864,235,-1.0
1879,236,1.0
1402,236,-1.0
1297,237,-1.0
1586,237,1.0
1687,237,1.0
790,237,-1.0
2449,238,-1.0
2171,238,-1.0
570,238,1.0
533,239,-1.0
1013,239,-1.0
2250,239,1.0
1875,240,-1.0
1954,240,1.0
2906,240,-1.0
2067,240,1.0
1099,241,1.0
2280,241,1.0
693,241,-1.0
1610,242,-1.0
1009,242,-1.0
678,242,1.0
1875,243,-1.0
2906,243,-1.0
2067,243,1.0
1954,243,1.0
929,244,-1.0
502,244,1.0
1865,244,-1.0
2743,244,-1.0
1774,245,1.0
380,245,1.0
193,245,-1.0
1578,246,1.0
890,246,-1.0
1795,246,-1.0
1411,247,-1.0
1681,247,1.0
1139,247,-1.0
2180,247,-1.0
2275,247,1.0
2804,248,1.0
968,248,-1.0
2542,248,-1.0
1468,249,1.0
2953,249,-1.0
1871,249,-1.0
2298,249,-1.0
1201,250,-1.0
1567,250,1.0
2159,250,-1.0
1449,250,-1.0
871,251,1.0
2402,251,-1.0
220,251,-1.0
2941,252,1.0
2523,252,-1.0
706,252,-1.0
510,253,1.0
1687,253,1.0
790,253,-1.0
1852,253,-1.0
14,254,1.0
2665,254,-1.0
1020,254,-1.0
1651,255,1.0
2637,255,-1.0
275,255,-1.0
1538,256,-1.0
1196,256,1.0
1246,256,-1.0
1875,257,-1.0
2008,257,1.0
566,257,-1.0
2067,257,1.0
2268,258,-1.0
1016,258,-1.0
87,258,-1.0
1122,258,1.0
1394,258,1.0
1189,258,1.0
1674,258,-1.0
2764,259,-1.0
2576,259,-1.0
568,259,1.0
1991,260,-1.0
1171,260,1.0
1661,260,-1.0
2737,261,-1.0
587,261,-1.0
2487,261,1.0
2457,262,-1.0
2173,262,1.0
2303,262,-1.0
790,263,-1.0
1687,263,1.0
2927,263,-1.0
1409,263,1.0
2762,264,-1.0
163,264,-1.0
1203,264,1.0
1127,265,1.0
2938,265,-1.0
1960,265,-1.0
798,266,1.0
417,266,-1.0
1979,266,-1.0
186,267,-1.0
1480,267,1.0
1606,267,-1.0
2595,268,1.0
1251,268,-1.0
749,268,-1.0
1550,269,-1.0
2113,269,-1.0
757,269,1.0
355,270,1.0
2446,270,-1.0
2358,270,-1.0
1288,271,-1.0
1615,271,1.0
1687,271,1.0
790,271,-1.0
790,272,-1.0
882,272,-1.0
644,272,1.0
1687,272,1.0
2237,273,1.0
320,273,-1.0
859,273,-1.0
1726,273,-1.0
2049,274,1.0
630,274,-1.0
923,274,-1.0
2550,275,1.0
1927,275,-1.0
1057,275,-1.0
790,276,-1.0
1687,276,1.0
1230,276,-1.0
363,276,1.0
2893,277,1.0
1211,277,-1.0
1025,277,-1.0
2211,278,-1.0
1550,278,-1.0
530,278,1.0
1630,279,-1.0
858,279,-1.0
694,279,1.0
1840,280,1.0
2816,280,-1.0
1903,280,-1.0
12,281,-1.0
43,281,-1.0
1226,281,1.0
1948,282,1.0
1954,282,-1.0
1482,282,-1.0
623,283,1.0
2296,283,1.0
1122,283,-1.0
631,283,-1.0
871,284,-1.0
1687,284,1.0
1607,284,1.0
790,284,-1.0
2424,285,-1.0
1044,285,1.0
971,285,-1.0
2407,286,1.0
918,286,-1.0
194,286,-1.0
1385,287,-1.0
1426,287,1.0
1687,287,1.0
790,287,-1.0
707,288,1.0
838,288,-1.0
463,288,1.0
1534,288,-1.0
1550,289,-1.0
191,289,1.0
2079,289,-1.0
1809,290,1.0
319,290,-1.0
2328,290,-1.0
1430,291,-1.0
766,291,-1.0
2895,291,1.0
1238,292,-1.0
1824,292,-1.0
2789,292,1.0
682,293,-1.0
1534,293,-1.0
707,293,1.0
1367,293,1.0
2187,294,-1.0
2650,294,1.0
1374,294,1.0
1796,295,1.0
1324,295,-1.0
2067,296,1.0
1875,296,-1.0
83,296,-1.0
1867,296,1.0
1144,297,-1.0
420,297,1.0
2483,297,-1.0
1348,298,1.0
2067,298,1.0
540,298,-1.0
959,299,1.0
501,299,1.0
1604,299,-1.0
2701,299,-1.0
1007,300,-1.0
1687,300,1.0
790,300,-1.0
999,300,1.0
2951,301,-1.0
1583,301,-1.0
2746,301,1.0
2268,301,1.0
625,301,1.0
1122,302,-1.0
919,302,-1.0
2140,302,1.0
1560,303,1.0
696,303,-1.0
790,303,-1.0
1687,303,1.0
2040,304,-1.0
868,304,-1.0
2452,304,1.0
1650,305,1.0
1697,305,1.0
1996,305,-1.0
113,306,1.0
1687,306,1.0
1499,306,-1.0
790,306,-1.0
534,307,-1.0
1456,307,-1.0
2522,307,1.0
948,308,-1.0
628,308,1.0
790,309,-1.0
2718,309,-1.0
960,309,1.0
2361,309,1.0
2162,309,1.0
1687,309,1.0
2761,309,1.0
406,310,-1.0
442,310,-1.0
485,310,1.0
1954,311,1.0
1875,311,-1.0
2906,311,-1.0
2067,311,1.0
1297,312,1.0
1644,312,-1.0
1098,312,-1.0
285,313,-1.0
811,313,-1.0
595,313,1.0
1402,314,1.0
2588,314,-1.0
1434,314,-1.0
790,315,-1.0
1724,315,1.0
1687,315,1.0
1060,315,-1.0
1321,316,-1.0
1223,316,-1.0
246,316,1.0
155,317,-1.0
1592,317,-1.0
2740,317,1.0
2324,318,1.0
2312,318,-1.0
598,318,-1.0
1006,319,-1.0
1889,319,-1.0
1589,319,1.0
2837,320,1.0
2474,320,-1.0
1687,320,1.0
790,320,-1.0
1419,321,1.0
2849,321,-1.0
323,321,-1.0
104,322,1.0
2475,322,-1.0
1687,322,1.0
790,322,-1.0
1572,323,1.0
1264,323,-1.0
1954,323,-1.0
1687,324,1.0
649,324,1.0
790,324,-1.0
2062,324,-1.0
103,325,1.0
1216,325,-1.0
1289,325,-1.0
953,326,-1.0
2791,326,1.0
1366,326,-1.0
2502,327,-1.0
160,327,1.0
2295,327,-1.0
44,328,1.0
2781,328,-1.0
1168,328,-1.0
2105,329,-1.0
136,329,-1.0
986,329,1.0
943,330,1.0
2064,330,-1.0
1835,330,-1.0
1481,331,-1.0
1025,331,-1.0
2031,331,1.0
1687,332,1.0
790,332,-1.0
205,332,1.0
696,332,1.0
2933,332,-1.0
2928,333,-1.0
2677,333,1.0
1412,333,-1.0
2694,333,-1.0
1166,334,1.0
2219,334,-1.0
1571,334,-1.0
1370,335,1.0
977,335,-1.0
1190,335,-1.0
2026,336,1.0
752,336,-1.0
1208,336,-1.0
389,336,-1.0
2398,337,-1.0
543,337,1.0
2067,337,1.0
1875,337,-1.0
1342,338,-1.0
1550,338,-1.0
876,338,1.0
885,338,1.0
219,339,-1.0
848,339,1.0
2656,339,-1.0
1473,340,-1.0
592,340,1.0
2847,340,-1.0
2133,341,1.0
752,341,-1.0
54,341,-1.0
1742,342,-1.0
2226,342,1.0
371,342,-1.0
1069,343,1.0
1420,343,-1.0
2096,343,-1.0
752,343,-1.0
389,343,-1.0
2260,344,-1.0
1378,344,-1.0
1075,344,1.0
1659,345,-1.0
2834,345,1.0
2899,345,-1.0
1193,346,1.0
1311,346,-1.0
1829,346,-1.0
717,346,1.0
2838,346,1.0
358,347,-1.0
164,347,1.0
1718,348,1.0
1561,348,-1.0
1394,348,1.0
2268,348,1.0
1016,348,-1.0
791,349,-1.0
2886,349,1.0
1767,349,-1.0
1508,350,-1.0
1643,350,1.0
1999,350,-1.0
2703,350,-1.0
2856,351,1.0
2036,351,-1.0
892,351,-1.0
844,352,1.0
736,352,-1.0
1116,352,-1.0
1853,353,1.0
278,353,-1.0
98,353,-1.0
2950,354,-1.0
2223,354,-1.0
348,354,-1.0
34,354,-1.0
2824,354,1.0
790,355,-1.0
2812,355,-1.0
24,355,1.0
1687,355,1.0
2338,356,1.0
449,356,-1.0
2633,356,1.0
1635,357,-1.0
1252,357,-1.0
472,357,1.0
428,358,1.0
2393,358,-1.0
49,358,-1.0
2890,359,1.0
2872,359,-1.0
1513,359,-1.0
1973,360,-1.0
85,360,-1.0
1460,360,1.0
1268,361,-1.0
88,361,1.0
696,361,-1.0
2384,362,1.0
2773,362,-1.0
120,362,1.0
1585,363,1.0
2636,363,-1.0
2670,363,-1.0
1527,364,-1.0
721,364,1.0
41,365,1.0
583,365,-1.0
2292,365,-1.0
2853,366,1.0
1427,366,-1.0
2301,366,1.0
1693,367,1.0
1687,367,1.0
2097,367,-1.0
790,367,-1.0
421,368,1.0
504,368,-1.0
2932,368,-1.0
981,369,1.0
790,369,-1.0
1514,369,-1.0
1687,369,1.0
2574,370,1.0
2908,370,-1.0
2329,370,-1.0
2329,371,-1.0
1072,371,1.0
2874,371,-1.0
2044,372,-1.0
2428,372,-1.0
2000,372,-1.0
1391,372,1.0
300,372,-1.0
1209,373,1.0
2439,373,-1.0
2267,373,-1.0
2052,373,-1.0
2363,373,-1.0
840,374,1.0
658,374,-1.0
1906,374,-1.0
1687,375,1.0
298,375,-1.0
790,375,-1.0
2675,375,1.0
179,376,1.0
1082,376,-1.0
2922,376,1.0
2152,377,1.0
2757,377,-1.0
1389,378,-1.0
1253,378,1.0
443,378,-1.0
2262,379,-1.0
1687,379,1.0
830,379,1.0
790,379,-1.0
1686,380,-1.0
650,380,-1.0
1762,380,1.0
632,381,1.0
1354,381,-1.0
1622,381,-1.0
72,382,-1.0
1819,382,1.0
2467,382,-1.0
2577,383,-1.0
2145,383,-1.0
318,383,1.0
1688,384,1.0
2844,384,1.0
2359,384,-1.0
912,385,1.0
2471,385,-1.0
1487,385,-1.0
1057,386,-1.0
1089,386,-1.0
1784,386,1.0
1085,387,1.0
2785,387,-1.0
1422,387,-1.0
2295,388,-1.0
2510,388,1.0
2107,388,-1.0
793,389,-1.0
1687,389,1.0
790,389,-1.0
337,389,1.0
260,390,1.0
1687,390,1.0
2158,390,-1.0
790,390,-1.0
1554,391,-1.0
383,391,-1.0
2330,391,1.0
2455,391,1.0
1301,391,1.0
1927,392,-1.0
1765,392,-1.0
118,392,1.0
2832,392,-1.0
298,393,-1.0
790,393,-1.0
1687,393,1.0
2675,393,1.0
2563,394,-1.0
654,394,-1.0
877,394,1.0
1548,395,1.0
1036,395,1.0
35,395,-1.0
1989,396,1.0
739,396,-1.0
1469,396,-1.0
799,397,1.0
1376,397,-1.0
813,397,1.0
150,398,1.0
790,398,-1.0
696,398,1.0
1372,398,-1.0
1687,398,1.0
790,399,-1.0
1687,399,1.0
298,399,-1.0
2675,399,1.0
790,400,-1.0
887,400,1.0
1687,400,1.0
2482,400,-1.0
1971,401,-1.0
1082,401,1.0
1550,401,-1.0
2190,402,-1.0
238,402,1.0
1409,402,-1.0
1892,403,1.0
2270,403,-1.0
2390,403,-1.0
2661,404,1.0
2783,404,-1.0
2622,405,-1.0
1215,405,1.0
591,405,-1.0
836,405,-1.0
146,406,-1.0
2027,406,1.0
373,406,-1.0
1168,407,-1.0
1612,407,1.0
2138,407,-1.0
2780,408,1.0
418,408,1.0
1036,408,-1.0
1550,409,-1.0
2840,409,-1.0
1934,409,1.0
651,410,-1.0
2387,410,1.0
639,410,1.0
1325,411,1.0
2448,411,-1.0
486,411,-1.0
790,412,-1.0
2163,412,-1.0
1687,412,1.0
2765,412,1.0
133,413,-1.0
2137,413,-1.0
2238,413,1.0
298,414,-1.0
2675,414,1.0
1687,414,1.0
790,414,-1.0
244,415,-1.0
1471,415,-1.0
2531,415,1.0
790,416,-1.0
1687,416,1.0
276,416,-1.0
1510,416,1.0
217,417,-1.0
545,417,-1.0
1138,417,1.0
914,418,-1.0
2468,418,-1.0
17,418,1.0
1147,419,1.0
969,419,-1.0
2930,419,-1.0
998,420,-1.0
1056,420,-1.0
2815,420,1.0
1875,421,-1.0
2906,421,-1.0
2067,421,1.0
1954,421,1.0
875,422,1.0
179,422,1.0
821,422,-1.0
2015,422,1.0
322,422,-1.0
2352,423,-1.0
189,423,1.0
1687,423,1.0
790,423,-1.0
2284,424,-1.0
61,424,1.0
2744,424,-1.0
1832,425,1.0
75,425,-1.0
258,425,-1.0
1687,426,1.0
790,426,-1.0
1980,426,1.0
2336,426,-1.0
1687,427,1.0
130,427,-1.0
790,427,-1.0
819,427,1.0
1930,428,1.0
2536,428,-1.0
1004,428,-1.0
1687,429,1.0
1934,429,-1.0
790,429,-1.0
1122,429,-1.0
2464,429,1.0
1991,429,1.0
2492,429,1.0
1413,429,1.0
2532,430,-1.0
835,430,-1.0
1125,430,1.0
1843,431,1.0
790,431,-1.0
1362,431,-1.0
1687,431,1.0
895,432,-1.0
297,432,1.0
127,432,1.0
2712,433,1.0
1182,433,-1.0
768,433,-1.0
1687,434,1.0
2111,434,1.0
790,434,-1.0
1072,434,-1.0
2467,435,1.0
1694,435,-1.0
2362,435,1.0
1445,436,1.0
696,436,-1.0
1788,437,-1.0
1441,437,1.0
1457,437,-1.0
754,438,1.0
2502,438,-1.0
500,438,-1.0
573,439,1.0
1771,439,-1.0
503,439,-1.0
2590,440,-1.0
675,440,-1.0
1400,440,1.0
1347,441,1.0
2750,441,-1.0
1407,441,-1.0
1683,442,1.0
226,442,-1.0
1909,442,-1.0
2736,443,1.0
1964,443,-1.0
1722,443,-1.0
813,444,1.0
1122,444,-1.0
464,444,1.0
906,444,-1.0
272,445,-1.0
139,445,1.0
228,445,-1.0
1687,446,1.0
790,446,-1.0
1635,446,1.0
2168,446,-1.0
790,447,-1.0
2082,447,1.0
1837,447,-1.0
1687,447,1.0
863,448,-1.0
1882,448,1.0
2227,448,-1.0
1519,449,1.0
2777,449,-1.0
1290,449,-1.0
2729,450,1.0
1450,450,-1.0
1908,450,-1.0
811,451,-1.0
2481,451,-1.0
2775,451,1.0
1661,452,1.0
2728,452,1.0
2376,452,1.0
1298,452,-1.0
468,452,-1.0
1041,453,1.0
1759,453,-1.0
2053,453,-1.0
199,454,1.0
1876,454,1.0
2321,454,-1.0
1687,454,1.0
790,454,-1.0
2516,455,-1.0
522,455,1.0
1715,455,-1.0
2189,456,1.0
1687,456,1.0
1447,456,-1.0
790,456,-1.0
1599,457,1.0
1751,457,-1.0
2411,457,1.0
2546,457,-1.0
589,458,-1.0
602,458,-1.0
281,458,1.0
474,459,-1.0
748,459,1.0
1509,459,-1.0
1271,460,1.0
2783,460,1.0
1335,460,-1.0
1668,461,1.0
813,461,1.0
1362,461,-1.0
1136,462,-1.0
1744,462,-1.0
2265,462,-1.0
1657,462,1.0
1738,463,-1.0
2554,463,1.0
2060,463,-1.0
192,464,-1.0
1826,464,-1.0
1956,464,1.0
1223,465,-1.0
2392,465,-1.0
1565,465,1.0
767,466,-1.0
2004,466,-1.0
2931,466,1.0
1349,467,1.0
790,467,-1.0
601,467,-1.0
1687,467,1.0
494,468,1.0
2258,468,-1.0
1353,468,-1.0
1959,469,-1.0
2081,469,-1.0
27,469,1.0
1175,470,-1.0
2620,470,1.0
1687,470,1.0
696,470,1.0
790,470,-1.0
1601,471,1.0
939,471,-1.0
1511,471,1.0
1625,472,1.0
857,472,-1.0
1550,472,-1.0
2831,472,1.0
469,473,-1.0
414,473,1.0
440,473,-1.0
973,474,-1.0
2067,474,1.0
1875,474,-1.0
1761,474,1.0
936,475,-1.0
2162,475,1.0
1671,476,1.0
2571,476,-1.0
169,476,1.0
1861,477,1.0
1122,477,-1.0
1788,477,1.0
813,477,1.0
1441,477,-1.0
644,478,1.0
1687,478,1.0
790,478,-1.0
882,478,-1.0
547,479,-1.0
154,479,-1.0
1535,479,1.0
1685,480,1.0
1632,480,-1.0
2491,480,-1.0
1786,481,-1.0
1797,481,-1.0
1588,481,1.0
2440,482,1.0
1766,482,-1.0
1621,482,-1.0
1687,483,1.0
790,483,-1.0
945,483,1.0
1616,483,-1.0
465,484,1.0
1408,484,-1.0
346,484,-1.0
2150,485,-1.0
2682,485,-1.0
851,485,1.0
404,486,-1.0
732,486,1.0
393,486,-1.0
816,487,-1.0
1582,487,1.0
1119,488,-1.0
2386,488,1.0
2685,488,-1.0
1756,489,-1.0
452,489,1.0
2646,489,-1.0
2060,490,-1.0
1124,490,1.0
58,490,-1.0
659,491,1.0
2329,491,-1.0
2302,491,-1.0
2527,492,1.0
1981,492,-1.0
611,492,-1.0
1687,493,1.0
2179,493,-1.0
790,493,-1.0
963,493,1.0
2721,494,-1.0
728,494,1.0
2104,494,-1.0
752,495,-1.0
751,495,-1.0
2735,495,-1.0
389,495,-1.0
1150,495,-1.0
288,495,1.0
1875,496,-1.0
2906,496,-1.0
1954,496,1.0
2067,496,1.0
1709,497,1.0
295,497,-1.0
2396,497,-1.0
2493,498,-1.0
506,498,1.0
460,498,-1.0
790,499,-1.0
1898,499,1.0
2611,499,-1.0
1687,499,1.0
1747,500,-1.0
1605,500,1.0
2468,500,-1.0
2067,501,1.0
1875,501,-1.0
1895,501,1.0
661,501,-1.0
2805,502,-1.0
2442,502,1.0
1997,502,-1.0
2054,503,-1.0
1687,503,1.0
67,503,1.0
790,503,-1.0
1389,504,-1.0
205,504,-1.0
1110,504,1.0
2247,505,-1.0
1369,505,-1.0
2088,505,1.0
790,506,-1.0
234,506,1.0
149,506,1.0
1687,506,1.0
2100,506,-1.0
1460,507,-1.0
108,507,1.0
301,507,-1.0
301,508,1.0
432,508,-1.0
1520,508,-1.0
2448,509,-1.0
1183,509,-1.0
112,509,1.0
2105,509,-1.0
1754,509,-1.0
1550,510,-1.0
63,510,1.0
1948,510,-1.0
716,511,1.0
1687,511,1.0
790,511,-1.0
1921,511,-1.0
2412,512,-1.0
813,512,1.0
1149,512,1.0
1550,513,-1.0
421,513,-1.0
2151,513,1.0
1520,514,-1.0
459,514,1.0
2057,514,-1.0
1601,514,-1.0
2645,515,1.0
897,515,-1.0
2457,515,-1.0
744,516,1.0
2463,516,-1.0
2823,516,1.0
1531,517,1.0
156,517,-1.0
1875,517,-1.0
2067,517,1.0
1306,518,-1.0
1035,518,1.0
957,518,-1.0
1608,519,1.0
591,519,-1.0
475,519,-1.0
76,520,-1.0
1687,520,1.0
790,520,-1.0
1238,520,1.0
642,521,1.0
1476,521,-1.0
824,521,-1.0
2900,522,1.0
605,522,-1.0
1469,522,-1.0
585,523,-1.0
2402,523,-1.0
2038,523,1.0
808,524,-1.0
481,524,-1.0
1764,524,1.0
438,525,-1.0
670,525,1.0
642,525,-1.0
2855,526,-1.0
341,526,-1.0
2643,526,1.0
2916,527,-1.0
1687,527,1.0
1335,527,1.0
790,527,-1.0
1910,528,-1.0
620,528,-1.0
2956,528,1.0
603,529,-1.0
726,529,1.0
730,529,-1.0
2715,530,1.0
6,530,-1.0
25,530,-1.0
790,531,-1.0
2861,531,-1.0
116,531,1.0
1687,531,1.0
2675,531,-1.0
2128,532,1.0
1021,532,-1.0
655,532,-1.0
835,532,-1.0
1751,533,-1.0
2635,533,-1.0
2411,533,1.0
1204,533,1.0
1687,534,1.0
1169,534,-1.0
790,534,-1.0
158,534,1.0
2962,535,-1.0
2142,535,1.0
1015,535,-1.0
2371,536,1.0
790,536,-1.0
852,536,-1.0
1687,536,1.0
1000,537,1.0
273,537,-1.0
614,537,-1.0
1168,537,-1.0
2719,538,1.0
1706,538,-1.0
528,538,-1.0
995,538,-1.0
1687,539,1.0
790,539,-1.0
1790,539,-1.0
2172,539,1.0
1688,540,-1.0
2511,540,1.0
2116,540,-1.0
1305,541,-1.0
2089,541,1.0
2355,541,-1.0
1336,542,1.0
1122,542,-1.0
2755,542,-1.0
813,542,1.0
813,543,1.0
1122,543,-1.0
2607,543,-1.0
1692,543,1.0
621,544,1.0
1025,544,-1.0
781,544,-1.0
950,545,-1.0
1666,545,-1.0
1495,545,-1.0
321,545,-1.0
1521,545,1.0
1687,546,1.0
2807,546,-1.0
790,546,-1.0
2766,546,1.0
2411,547,1.0
165,547,-1.0
1732,547,1.0
1751,547,-1.0
1687,548,1.0
873,548,-1.0
790,548,-1.0
1859,548,1.0
2501,549,-1.0
1943,549,1.0
1622,549,-1.0
1727,550,1.0
2403,550,-1.0
679,550,-1.0
2080,551,-1.0
599,551,1.0
2899,551,-1.0
790,552,-1.0
331,552,-1.0
2526,552,1.0
1687,552,1.0
85,553,-1.0
1222,553,-1.0
1698,553,1.0
1162,554,-1.0
2108,554,-1.0
1452,554,1.0
1122,555,-1.0
919,555,-1.0
2140,555,1.0
1687,556,1.0
790,556,-1.0
1888,556,1.0
2169,556,-1.0
1681,557,-1.0
2030,557,1.0
1603,558,-1.0
390,558,-1.0
2841,558,1.0
2576,559,-1.0
520,559,1.0
679,559,-1.0
2855,560,1.0
984,560,-1.0
2575,560,-1.0
2759,561,1.0
1982,561,-1.0
2650,561,-1.0
1055,562,1.0
2512,562,-1.0
2220,562,-1.0
790,563,-1.0
919,563,1.0
1373,563,1.0
99,564,1.0
343,564,-1.0
1945,564,-1.0
2168,565,-1.0
294,565,-1.0
1254,565,1.0
536,566,-1.0
2169,566,1.0
356,566,-1.0
268,567,-1.0
2000,567,-1.0
1506,567,1.0
1132,568,-1.0
1550,568,-1.0
942,568,1.0
2322,569,1.0
1282,569,1.0
2896,569,-1.0
790,570,-1.0
2878,570,1.0
1687,570,1.0
507,570,-1.0
2761,571,-1.0
2718,571,1.0
1504,571,-1.0
2162,571,-1.0
1566,572,-1.0
349,572,1.0
2763,572,1.0
2949,573,-1.0
1163,573,-1.0
2517,573,1.0
1799,574,1.0
1751,574,-1.0
1926,574,-1.0
2411,574,1.0
1259,575,1.0
2357,575,-1.0
2946,575,-1.0
2214,576,-1.0
137,576,-1.0
2022,576,1.0
2033,577,1.0
2307,577,-1.0
1464,577,-1.0
989,578,-1.0
1086,578,1.0
721,578,-1.0
1142,579,-1.0
105,579,-1.0
2961,579,1.0
2675,580,1.0
1687,580,1.0
298,580,-1.0
790,580,-1.0
790,581,-1.0
1687,581,1.0
1873,581,-1.0
1710,581,1.0
1257,582,-1.0
379,582,1.0
645,582,-1.0
553,583,-1.0
2412,583,-1.0
507,583,1.0
1078,584,1.0
1366,584,-1.0
832,584,-1.0
1145,585,-1.0
1977,585,1.0
2709,585,-1.0
1690,586,-1.0
2468,586,-1.0
1071,586,1.0
683,587,1.0
1963,587,-1.0
1632,587,1.0
1687,587,1.0
790,587,-1.0
878,588,-1.0
233,588,-1.0
688,588,1.0
2126,589,1.0
2270,589,-1.0
1388,589,-1.0
2377,590,-1.0
1148,590,1.0
1252,590,-1.0
2335,591,-1.0
1660,591,-1.0
1094,591,1.0
1363,592,-1.0
1218,592,-1.0
2708,592,1.0
2017,593,1.0
2002,593,-1.0
1095,593,-1.0
6,594,-1.0
72,594,-1.0
640,594,1.0
736,595,-1.0
1040,595,-1.0
1049,595,1.0
298,596,-1.0
2191,596,1.0
2368,596,1.0
459,597,-1.0
2420,597,-1.0
939,597,1.0
753,598,1.0
1350,598,-1.0
1025,599,-1.0
2109,599,1.0
253,599,-1.0
1487,600,-1.0
594,600,1.0
2244,600,-1.0
2056,601,-1.0
968,601,1.0
1550,601,1.0
1545,601,1.0
1316,602,-1.0
36,602,1.0
155,602,-1.0
1866,603,1.0
2924,603,-1.0
2800,603,-1.0
2268,604,-1.0
80,604,1.0
1896,605,-1.0
159,605,1.0
190,605,-1.0
790,606,-1.0
2666,606,-1.0
1687,606,1.0
2229,606,1.0
1228,607,-1.0
1798,607,1.0
790,607,-1.0
1687,607,1.0
670,608,-1.0
2168,608,1.0
2705,609,-1.0
2497,609,-1.0
1961,609,1.0
2319,610,1.0
2403,610,-1.0
1377,610,-1.0
2412,611,1.0
787,611,1.0
1749,611,1.0
73,611,-1.0
1929,612,-1.0
2286,612,1.0
1687,612,1.0
790,612,-1.0
2906,613,-1.0
1437,613,1.0
1859,613,-1.0
2477,614,-1.0
361,614,1.0
1662,614,-1.0
2064,614,-1.0
1136,614,-1.0
2043,615,-1.0
2637,615,-1.0
1700,615,1.0
2370,616,-1.0
1550,616,-1.0
764,616,1.0
2452,617,-1.0
1465,617,1.0
1687,617,1.0
790,617,-1.0
2788,618,-1.0
1912,618,-1.0
2592,618,1.0
790,619,-1.0
1687,619,1.0
1459,619,-1.0
734,619,1.0
2798,620,1.0
23,620,-1.0
2421,620,-1.0
2385,621,1.0
1476,621,-1.0
1143,621,-1.0
1120,621,1.0
2556,622,-1.0
693,622,1.0
2842,623,-1.0
2091,623,1.0
2014,623,-1.0
1056,624,-1.0
74,624,1.0
792,624,-1.0
790,625,-1.0
213,625,-1.0
1687,625,1.0
2727,625,1.0
128,626,-1.0
2674,626,1.0
2070,626,-1.0
374,627,-1.0
993,627,1.0
1271,627,1.0
1181,628,-1.0
92,628,1.0
910,628,-1.0
2050,629,-1.0
1618,629,1.0
2647,629,-1.0
2134,630,1.0
159,630,-1.0
1896,630,-1.0
1346,631,-1.0
2264,631,1.0
946,632,-1.0
800,632,1.0
1687,632,1.0
790,632,-1.0
337,633,-1.0
778,633,-1.0
2130,633,1.0
2396,634,-1.0
2742,634,-1.0
2917,634,1.0
2173,635,-1.0
1489,635,1.0
1550,635,-1.0
804,636,-1.0
1312,636,1.0
2650,636,-1.0
919,637,-1.0
2140,637,1.0
1122,637,-1.0
1808,638,1.0
496,638,-1.0
263,638,-1.0
2959,639,-1.0
1382,639,1.0
1897,639,-1.0
2864,640,-1.0
1103,640,1.0
1339,640,-1.0
2814,641,-1.0
1011,641,1.0
2059,641,-1.0
346,642,1.0
274,642,1.0
825,642,-1.0
1687,643,1.0
790,643,-1.0
2032,643,1.0
1315,643,-1.0
657,644,-1.0
916,644,1.0
117,644,-1.0
1368,645,-1.0
1751,645,-1.0
2411,645,1.0
1328,645,1.0
1687,646,1.0
790,646,-1.0
369,646,-1.0
1184,646,1.0
1392,647,-1.0
488,647,-1.0
282,647,1.0
790,648,-1.0
2388,648,1.0
718,648,-1.0
1687,648,1.0
287,649,1.0
175,649,-1.0
1210,649,-1.0
478,650,1.0
1122,650,-1.0
813,650,1.0
1549,650,-1.0
56,651,1.0
231,651,-1.0
2622,651,-1.0
300,652,-1.0
2251,652,1.0
1168,652,-1.0
574,653,1.0
2306,653,-1.0
790,654,-1.0
2471,654,1.0
2769,654,-1.0
1687,654,1.0
790,655,-1.0
768,655,1.0
2509,655,-1.0
1687,655,1.0
2415,656,1.0
1687,656,1.0
790,656,-1.0
1974,656,1.0
1182,656,1.0
559,656,-1.0
1088,657,1.0
2471,657,-1.0
1223,657,-1.0
2105,658,-1.0
2248,658,1.0
2534,658,-1.0
1487,659,-1.0
2866,659,-1.0
1064,659,1.0
261,660,1.0
747,660,-1.0
1442,660,-1.0
208,661,1.0
591,661,-1.0
900,661,-1.0
1061,662,-1.0
769,662,-1.0
2409,662,1.0
1687,663,1.0
790,663,-1.0
1635,663,1.0
652,663,-1.0
993,663,1.0
776,664,-1.0
1580,664,-1.0
1477,664,1.0
2343,665,-1.0
427,665,1.0
778,665,-1.0
1687,666,1.0
2029,666,-1.0
790,666,-1.0
720,666,1.0
45,667,1.0
1617,667,-1.0
1642,667,-1.0
1255,668,-1.0
2812,668,1.0
2202,668,-1.0
1867,669,-1.0
2028,669,-1.0
1806,669,1.0
2418,670,1.0
219,670,-1.0
909,670,-1.0
117,671,-1.0
609,671,-1.0
1475,671,1.0
109,672,1.0
1073,672,-1.0
1160,672,-1.0
845,673,-1.0
741,673,1.0
1687,673,1.0
790,673,-1.0
134,674,-1.0
1546,674,-1.0
1153,674,-1.0
2786,674,-1.0
298,674,-1.0
523,674,1.0
790,675,-1.0
345,675,-1.0
269,675,1.0
1687,675,1.0
1058,676,1.0
1053,676,-1.0
2658,676,-1.0
222,677,1.0
1027,677,-1.0
358,678,1.0
1030,678,-1.0
1955,678,-1.0
1921,679,1.0
790,679,-1.0
2923,679,-1.0
1687,679,1.0
1942,680,1.0
336,680,-1.0
7,680,-1.0
2283,681,-1.0
796,681,1.0
1920,681,-1.0
752,682,-1.0
1112,682,-1.0
932,682,1.0
389,682,-1.0
2777,683,-1.0
553,683,-1.0
2528,683,1.0
1642,684,-1.0
82,684,1.0
1143,685,-1.0
1870,685,1.0
2594,685,-1.0
998,686,-1.0
2704,686,-1.0
1872,686,1.0
1175,687,1.0
696,687,-1.0
400,687,-1.0
1854,688,1.0
2484,688,-1.0
1550,688,-1.0
2320,689,-1.0
227,689,1.0
1687,689,1.0
790,689,-1.0
179,690,-1.0
2619,690,1.0
242,690,-1.0
1598,691,-1.0
524,691,1.0
1093,691,-1.0
462,692,-1.0
1638,692,-1.0
455,692,1.0
868,693,-1.0
585,693,1.0
2937,693,-1.0
168,694,1.0
690,694,1.0
1699,694,-1.0
2658,695,-1.0
2225,695,-1.0
89,695,1.0
227,696,-1.0
1410,696,1.0
91,696,-1.0
1156,696,-1.0
2036,697,-1.0
1023,697,1.0
936,697,1.0
2648,697,1.0
795,697,1.0
2459,698,-1.0
1431,698,1.0
1952,698,-1.0
1245,699,1.0
1721,699,-1.0
2564,699,-1.0
2006,700,1.0
1834,700,-1.0
2145,700,-1.0
1691,701,-1.0
120,701,1.0
746,701,1.0
2243,702,-1.0
1814,702,-1.0
2859,702,1.0
2,703,-1.0
388,703,-1.0
2224,703,1.0
202,704,-1.0
1970,704,1.0
471,704,-1.0
2654,705,-1.0
1905,705,-1.0
2885,705,1.0
2500,706,1.0
805,706,-1.0
2846,706,1.0
1735,706,-1.0
1206,707,1.0
1122,707,-1.0
2268,707,1.0
2341,707,-1.0
2208,707,1.0
195,708,1.0
589,708,-1.0
1122,708,-1.0
813,708,1.0
2431,709,1.0
1550,709,-1.0
394,709,-1.0
1157,710,1.0
604,710,-1.0
1734,710,-1.0
2911,711,-1.0
626,711,-1.0
1234,711,1.0
2213,712,1.0
2675,712,1.0
2625,712,-1.0
787,712,1.0
1122,713,-1.0
813,713,1.0
2675,713,-1.0
298,713,1.0
790,714,-1.0
722,714,1.0
1687,714,1.0
1886,714,-1.0
2084,715,1.0
389,715,-1.0
542,715,-1.0
1420,715,-1.0
752,715,-1.0
2279,716,-1.0
631,716,-1.0
1371,716,1.0
1156,716,-1.0
2078,717,-1.0
1122,717,-1.0
1609,717,1.0
813,717,1.0
2089,718,-1.0
1875,718,-1.0
1307,718,1.0
2067,718,1.0
2191,719,-1.0
145,719,1.0
1940,719,-1.0
2456,720,1.0
1364,720,-1.0
1635,720,-1.0
2404,721,1.0
47,721,-1.0
1331,721,-1.0
2267,721,-1.0
1510,722,-1.0
276,722,1.0
1122,722,-1.0
813,722,1.0
1968,723,1.0
1550,723,-1.0
125,723,-1.0
1785,724,1.0
146,724,-1.0
1708,724,-1.0
2309,725,1.0
2129,725,-1.0
2396,725,-1.0
225,726,-1.0
429,726,1.0
1068,726,1.0
1122,726,-1.0
1687,727,1.0
790,727,-1.0
2379,727,1.0
826,727,-1.0
868,728,1.0
274,728,1.0
1465,728,-1.0
299,729,1.0
7,729,-1.0
689,730,-1.0
25,730,-1.0
1376,730,1.0
2295,731,-1.0
1547,731,-1.0
492,731,1.0
1283,732,-1.0
2342,732,-1.0
2898,732,1.0
2023,733,1.0
517,733,-1.0
2703,733,-1.0
1587,733,-1.0
1619,733,-1.0
944,734,1.0
183,734,-1.0
474,734,-1.0
2632,735,-1.0
2958,735,1.0
2666,735,-1.0
1875,736,-1.0
2822,736,1.0
587,736,-1.0
2067,736,1.0
1983,737,1.0
556,737,1.0
787,737,1.0
2348,737,-1.0
85,737,1.0
790,738,-1.0
947,738,-1.0
1687,738,1.0
1102,738,1.0
1953,739,-1.0
2697,739,1.0
893,740,1.0
1883,740,-1.0
1793,741,1.0
2085,741,-1.0
2924,741,-1.0
1875,742,-1.0
2067,742,1.0
566,742,-1.0
2008,742,1.0
2476,743,1.0
2572,743,-1.0
532,743,-1.0
1223,744,-1.0
1380,744,-1.0
1852,744,1.0
1122,745,-1.0
813,745,1.0
537,745,1.0
1088,745,-1.0
1751,746,-1.0
2411,746,1.0
1801,746,-1.0
2862,746,1.0
2485,747,-1.0
696,747,-1.0
946,747,1.0
1269,748,1.0
239,748,-1.0
285,748,-1.0
1778,749,-1.0
1598,749,-1.0
2315,749,1.0
2336,750,1.0
1329,750,-1.0
835,750,-1.0
1796,750,-1.0
2786,751,-1.0
1051,751,-1.0
2079,751,1.0
2113,751,-1.0
134,751,-1.0
1546,751,-1.0
1158,752,1.0
2803,752,-1.0
308,752,-1.0
101,753,-1.0
2183,753,1.0
286,753,-1.0
1828,754,1.0
2251,754,-1.0
2486,754,-1.0
1235,755,-1.0
2706,755,-1.0
1438,755,1.0
1343,755,-1.0
1243,756,-1.0
819,756,-1.0
396,756,1.0
2201,757,-1.0
869,757,1.0
255,757,-1.0
867,758,-1.0
38,758,1.0
1720,758,-1.0
1687,759,1.0
1998,759,-1.0
790,759,-1.0
1423,759,1.0
210,760,-1.0
2939,760,1.0
1580,760,-1.0
220,761,-1.0
1122,761,-1.0
813,761,1.0
1096,761,1.0
1191,762,-1.0
1875,762,-1.0
664,762,1.0
1993,763,-1.0
2215,763,-1.0
117,763,-1.0
271,763,1.0
868,764,-1.0
1654,764,-1.0
2475,764,1.0
1485,765,-1.0
790,765,-1.0
2293,765,1.0
1687,765,1.0
2653,766,1.0
752,766,-1.0
389,766,-1.0
119,766,-1.0
2934,767,1.0
1025,767,-1.0
242,767,-1.0
790,768,-1.0
2634,768,-1.0
1719,768,1.0
1687,768,1.0
230,769,-1.0
1122,769,-1.0
499,769,1.0
813,769,1.0
515,770,1.0
2620,770,-1.0
1803,770,-1.0
922,771,1.0
1827,771,-1.0
1825,771,-1.0
752,772,-1.0
389,772,-1.0
254,772,1.0
1237,772,-1.0
2045,773,1.0
2397,773,-1.0
595,773,-1.0
1476,774,-1.0
824,774,-1.0
642,774,1.0
1488,775,-1.0
819,775,-1.0
1610,775,1.0
68,776,1.0
832,776,-1.0
679,776,-1.0
1687,777,1.0
790,777,-1.0
1192,777,1.0
2929,777,-1.0
320,778,-1.0
1105,778,-1.0
1360,778,1.0
1900,779,-1.0
702,779,1.0
2496,780,-1.0
203,780,1.0
2683,780,-1.0
483,781,1.0
1405,781,-1.0
1223,781,-1.0
1304,782,1.0
2520,782,-1.0
961,782,-1.0
368,783,1.0
1453,783,-1.0
1542,784,-1.0
697,784,-1.0
2008,784,-1.0
2529,784,1.0
2675,784,-1.0
833,785,1.0
1632,785,-1.0
2672,785,-1.0
1994,786,1.0
1232,786,-1.0
1672,786,-1.0
2675,787,-1.0
1950,787,-1.0
1838,787,1.0
2295,788,-1.0
81,788,1.0
1813,788,-1.0
655,789,-1.0
8,789,1.0
1800,789,-1.0
1266,790,1.0
842,790,-1.0
1118,791,1.0
1687,791,1.0
790,791,-1.0
1146,791,-1.0
2908,792,-1.0
1635,792,-1.0
28,792,1.0
2675,793,1.0
1687,793,1.0
298,793,-1.0
790,793,-1.0
2675,794,1.0
298,794,-1.0
790,794,-1.0
1687,794,1.0
1875,795,-1.0
2906,795,-1.0
1954,795,1.0
2067,795,1.0
2368,796,-1.0
2504,796,1.0
1156,796,-1.0
1458,796,-1.0
1302,797,1.0
1687,797,1.0
790,797,-1.0
1856,797,-1.0
835,798,1.0
1687,798,1.0
790,798,-1.0
332,798,-1.0
1341,799,1.0
1899,799,-1.0
1299,799,-1.0
2703,799,-1.0
600,800,-1.0
662,800,1.0
2883,800,-1.0
1221,801,-1.0
2451,801,1.0
1073,801,-1.0
1104,801,-1.0
1107,802,-1.0
526,802,-1.0
1716,802,1.0
1687,803,1.0
790,803,-1.0
2866,803,1.0
1185,803,-1.0
850,804,-1.0
2458,804,-1.0
1863,804,-1.0
266,804,1.0
1984,805,-1.0
574,805,-1.0
1010,805,1.0
1717,806,1.0
2214,806,1.0
1550,806,-1.0
1125,806,-1.0
790,807,-1.0
1724,807,1.0
1060,807,-1.0
1687,807,1.0
247,808,-1.0
646,808,1.0
696,808,-1.0
1281,809,1.0
987,809,-1.0
146,809,-1.0
1289,810,1.0
268,810,1.0
1516,810,-1.0
823,811,-1.0
2009,811,1.0
2294,811,-1.0
2578,812,1.0
2103,812,-1.0
2801,812,-1.0
1227,812,1.0
1358,813,-1.0
811,813,-1.0
1039,813,1.0
2754,814,1.0
543,814,-1.0
787,814,1.0
72,814,1.0
462,814,1.0
1957,815,1.0
2124,815,-1.0
1737,815,-1.0
1426,816,-1.0
865,816,1.0
2863,816,-1.0
2046,817,-1.0
325,817,-1.0
2606,817,1.0
1658,818,-1.0
633,818,-1.0
2799,818,1.0
1884,819,-1.0
2563,819,-1.0
2218,819,1.0
1810,820,1.0
395,820,-1.0
1624,820,-1.0
376,821,-1.0
850,821,-1.0
2145,821,1.0
1863,821,-1.0
1730,822,1.0
2573,822,1.0
1980,822,-1.0
2067,823,-1.0
529,823,1.0
1031,823,-1.0
1875,823,1.0
949,824,1.0
205,824,-1.0
1122,824,-1.0
813,824,1.0
248,825,1.0
624,825,-1.0
918,825,-1.0
979,826,1.0
711,826,-1.0
955,826,-1.0
1973,827,-1.0
1303,827,1.0
589,827,-1.0
961,828,-1.0
2118,828,1.0
1479,828,-1.0
1671,829,-1.0
2571,829,1.0
169,829,-1.0
1181,830,-1.0
740,830,-1.0
2429,830,1.0
451,831,1.0
2734,831,-1.0
2411,831,1.0
1751,831,-1.0
1550,832,-1.0
106,832,1.0
237,832,-1.0
162,833,-1.0
672,833,1.0
1025,833,-1.0
2011,834,1.0
423,834,-1.0
299,834,-1.0
2583,835,-1.0
366,835,1.0
575,836,-1.0
257,836,1.0
1627,836,-1.0
1432,837,1.0
163,837,-1.0
1491,837,-1.0
2087,838,-1.0
1550,838,1.0
1386,838,1.0
1122,838,-1.0
2514,838,1.0
298,839,-1.0
790,839,-1.0
2675,839,1.0
1687,839,1.0
2329,840,-1.0
643,840,1.0
790,840,-1.0
1687,840,1.0
1684,841,1.0
445,841,-1.0
2190,841,-1.0
242,842,-1.0
1252,842,-1.0
312,842,1.0
2290,843,1.0
163,843,-1.0
832,843,-1.0
451,844,1.0
1751,844,-1.0
2734,844,-1.0
2411,844,1.0
2907,845,-1.0
2480,845,1.0
1687,845,1.0
790,845,-1.0
1687,846,1.0
1893,846,-1.0
1255,846,1.0
790,846,-1.0
617,847,-1.0
2901,847,1.0
1741,847,-1.0
1404,848,-1.0
2411,848,1.0
2170,848,1.0
1751,848,-1.0
2602,849,-1.0
1186,849,1.0
2750,849,-1.0
2945,850,-1.0
1928,850,-1.0
2558,850,1.0
1550,851,-1.0
2071,851,1.0
1130,851,-1.0
347,852,-1.0
790,852,-1.0
1687,852,1.0
1967,852,1.0
2282,853,-1.0
2000,853,-1.0
2477,853,-1.0
636,853,-1.0
1263,853,1.0
2896,854,1.0
1550,854,-1.0
289,854,-1.0
1687,855,1.0
790,855,-1.0
1187,855,-1.0
1593,855,1.0
1198,855,1.0
1447,855,-1.0
1550,856,-1.0
62,856,1.0
789,856,-1.0
1524,857,-1.0
2398,857,1.0
2557,857,-1.0
1687,858,1.0
1565,858,-1.0
790,858,-1.0
603,858,1.0
156,859,-1.0
1687,859,1.0
790,859,-1.0
1121,859,1.0
997,860,-1.0
2644,860,-1.0
1267,860,1.0
1503,861,1.0
1550,861,-1.0
2032,861,-1.0
205,862,-1.0
277,862,-1.0
265,862,1.0
2704,863,-1.0
831,863,-1.0
2699,863,1.0
2545,864,-1.0
954,864,-1.0
1931,864,1.0
2396,865,1.0
2563,865,-1.0
2105,865,-1.0
1550,866,-1.0
565,866,-1.0
425,866,1.0
1687,867,1.0
1929,867,-1.0
938,867,1.0
790,867,-1.0
2270,868,1.0
2041,868,-1.0
2105,868,-1.0
790,869,-1.0
1645,869,1.0
2539,869,-1.0
1687,869,1.0
476,870,1.0
1284,870,-1.0
1330,870,-1.0
1292,871,-1.0
2567,871,-1.0
424,871,1.0
980,872,1.0
2000,872,-1.0
1913,872,-1.0
326,872,-1.0
2105,872,-1.0
1623,873,-1.0
2792,873,-1.0
550,873,1.0
790,874,-1.0
1687,874,1.0
1644,874,1.0
362,874,-1.0
1573,875,-1.0
186,875,1.0
680,875,1.0
2174,875,-1.0
1008,876,1.0
1969,876,-1.0
2826,876,1.0
2777,877,1.0
1280,877,-1.0
100,877,1.0
14,878,-1.0
1761,878,-1.0
1362,878,1.0
860,879,-1.0
698,879,1.0
1635,879,-1.0
2365,880,1.0
2016,880,-1.0
158,880,-1.0
1046,881,-1.0
1313,881,1.0
1574,881,-1.0
1484,882,1.0
1687,882,1.0
790,882,-1.0
2038,882,-1.0
2212,883,-1.0
187,883,1.0
301,883,1.0
813,883,1.0
37,883,1.0
2349,883,1.0
1122,883,-1.0
2662,884,-1.0
2,884,-1.0
882,884,1.0
1401,885,-1.0
699,885,-1.0
2710,885,1.0
1060,886,-1.0
1724,886,1.0
1687,886,1.0
790,886,-1.0
292,887,1.0
1270,887,-1.0
1070,887,-1.0
868,888,1.0
918,888,-1.0
790,888,-1.0
2407,888,-1.0
1687,888,1.0
801,889,1.0
1772,889,-1.0
1092,889,-1.0
2323,890,1.0
129,890,-1.0
1223,890,-1.0
1359,891,1.0
1687,891,1.0
678,891,-1.0
790,891,-1.0
752,892,-1.0
1804,892,-1.0
389,892,-1.0
2346,892,1.0
1954,893,-1.0
2752,893,-1.0
2240,893,1.0
2178,894,1.0
673,894,-1.0
453,894,-1.0
1875,895,-1.0
2906,895,-1.0
1954,895,1.0
2067,895,1.0
1635,896,-1.0
473,896,1.0
338,896,-1.0
172,896,-1.0
2310,897,-1.0
1308,897,1.0
831,897,-1.0
2722,898,1.0
2013,898,-1.0
2713,898,-1.0
2334,899,1.0
1496,899,-1.0
1281,899,-1.0
2770,900,-1.0
2760,900,1.0
2206,900,-1.0
2782,901,1.0
2280,901,-1.0
2839,901,-1.0
2520,902,-1.0
2161,902,-1.0
2097,902,1.0
1574,903,-1.0
2843,903,-1.0
2810,903,1.0
1536,904,-1.0
179,904,-1.0
1792,904,1.0
696,905,-1.0
1098,905,-1.0
1372,905,1.0
1143,906,-1.0
2609,906,1.0
881,906,-1.0
1261,907,-1.0
787,907,-1.0
1434,907,1.0
1383,908,-1.0
1165,908,1.0
430,908,-1.0
2509,909,1.0
2649,909,-1.0
2675,909,-1.0
2502,910,-1.0
1537,910,1.0
2899,910,-1.0
1469,911,-1.0
807,911,-1.0
2131,911,1.0
2433,912,-1.0
888,912,1.0
2195,912,-1.0
1045,913,-1.0
1467,913,1.0
262,913,1.0
1345,913,-1.0
2065,913,1.0
1613,913,-1.0
2494,913,1.0
1216,913,1.0
2568,914,-1.0
1687,914,1.0
790,914,-1.0
1770,914,1.0
298,915,-1.0
2191,915,1.0
1122,915,-1.0
91,915,1.0
1656,916,-1.0
750,916,1.0
146,916,-1.0
839,917,1.0
551,917,-1.0
600,917,-1.0
2121,918,-1.0
2617,918,-1.0
1134,918,1.0
937,919,1.0
1877,919,-1.0
6,919,1.0
665,920,-1.0
2790,920,1.0
589,920,-1.0
557,921,1.0
660,921,-1.0
2192,921,-1.0
2855,922,-1.0
1988,922,1.0
40,922,-1.0
1483,923,1.0
418,923,-1.0
1220,923,-1.0
2329,924,-1.0
1217,924,-1.0
618,924,1.0
2675,925,1.0
1687,925,1.0
298,925,-1.0
790,925,-1.0
2524,926,1.0
2222,926,-1.0
1056,927,-1.0
279,927,-1.0
1172,927,1.0
1005,928,-1.0
1673,928,1.0
2675,928,-1.0
1479,928,-1.0
2185,929,1.0
1687,929,1.0
1304,929,-1.0
790,929,-1.0
1703,930,1.0
2012,930,-1.0
1632,930,-1.0
359,931,1.0
847,931,-1.0
1568,931,-1.0
982,932,-1.0
1122,932,-1.0
1705,932,1.0
1550,932,1.0
544,933,-1.0
1701,933,-1.0
911,933,1.0
2067,934,1.0
1875,934,-1.0
2906,934,-1.0
1954,934,1.0
2774,935,-1.0
2344,935,1.0
1746,935,1.0
935,936,1.0
114,936,-1.0
1137,936,1.0
1382,936,1.0
1265,936,1.0
1009,936,1.0
1177,936,1.0
1005,937,-1.0
1894,937,-1.0
1611,937,1.0
1687,938,1.0
2314,938,-1.0
1293,938,1.0
790,938,-1.0
921,939,-1.0
505,939,1.0
1001,939,-1.0
2259,940,-1.0
1687,940,1.0
2285,940,1.0
790,940,-1.0
245,941,-1.0
2067,941,1.0
747,941,1.0
1875,941,-1.0
2703,942,1.0
534,942,-1.0
721,942,1.0
1889,942,1.0
342,942,-1.0
1738,943,-1.0
2704,943,-1.0
548,943,1.0
1802,944,1.0
2328,944,-1.0
2680,944,-1.0
834,945,1.0
2391,945,-1.0
2875,945,-1.0
1286,946,-1.0
1505,946,-1.0
1119,946,1.0
204,946,-1.0
2273,947,1.0
983,947,-1.0
1096,947,-1.0
2776,948,-1.0
477,948,1.0
298,948,-1.0
1019,949,1.0
1751,949,-1.0
1517,949,-1.0
2411,949,1.0
1445,949,1.0
1179,950,-1.0
2500,950,-1.0
1384,950,-1.0
1812,950,1.0
1791,951,-1.0
2347,951,1.0
941,951,-1.0
2484,952,1.0
815,952,-1.0
490,952,-1.0
1844,953,-1.0
1687,953,1.0
2095,953,1.0
790,953,-1.0
2906,954,-1.0
1954,954,1.0
1875,954,-1.0
2067,954,1.0
1168,955,-1.0
770,955,1.0
2261,955,-1.0
1122,956,-1.0
919,956,-1.0
2140,956,1.0
2819,957,-1.0
578,957,1.0
328,957,-1.0
1399,958,-1.0
2066,958,1.0
1223,958,-1.0
1894,959,-1.0
2161,959,-1.0
546,959,1.0
661,960,1.0
1122,960,-1.0
813,960,1.0
1895,960,-1.0
637,961,-1.0
1225,961,1.0
788,961,-1.0
117,962,-1.0
1518,962,1.0
2215,962,-1.0
2165,963,-1.0
2145,963,-1.0
493,963,1.0
2936,964,1.0
1687,964,1.0
19,964,-1.0
790,964,-1.0
2067,965,1.0
1875,965,-1.0
2906,965,-1.0
1954,965,1.0
327,966,1.0
1436,966,-1.0
772,966,-1.0
1677,967,1.0
2909,967,-1.0
1922,967,-1.0
2435,968,-1.0
641,968,1.0
2079,968,-1.0
1841,969,-1.0
1868,969,1.0
2489,969,-1.0
2143,970,1.0
1939,970,-1.0
1168,970,1.0
2174,970,-1.0
2083,970,1.0
18,970,1.0
96,971,1.0
1564,971,-1.0
1129,971,-1.0
70,972,-1.0
267,972,1.0
513,972,-1.0
725,973,-1.0
2678,973,1.0
1056,973,-1.0
1399,974,-1.0
2119,974,1.0
2058,974,-1.0
1687,975,1.0
790,975,-1.0
1694,975,1.0
1819,975,-1.0
2865,976,-1.0
690,976,-1.0
841,976,1.0
713,977,1.0
16,977,-1.0
1875,977,-1.0
2067,977,1.0
2068,978,1.0
400,978,-1.0
2077,978,-1.0
1117,979,-1.0
714,979,1.0
2034,979,-1.0
975,980,-1.0
790,980,-1.0
1687,980,1.0
1108,980,1.0
1164,981,-1.0
2507,981,-1.0
1274,981,1.0
2257,982,1.0
1271,982,-1.0
1782,982,-1.0
2237,983,-1.0
790,983,-1.0
1687,983,1.0
2394,983,1.0
450,984,1.0
2369,984,1.0
1583,984,-1.0
2666,984,-1.0
2638,985,1.0
2921,985,1.0
1863,985,1.0
174,985,1.0
2411,985,1.0
2656,985,1.0
848,985,-1.0
1751,985,-1.0
2000,985,1.0
1913,985,1.0
242,986,-1.0
785,986,1.0
1389,986,-1.0
93,987,1.0
998,987,-1.0
2310,987,-1.0
2652,988,-1.0
836,988,-1.0
926,988,1.0
390,989,-1.0
2289,989,1.0
2018,989,-1.0
2563,990,-1.0
2690,990,-1.0
2305,990,1.0
2008,991,-1.0
360,991,1.0
470,991,-1.0
1244,992,-1.0
1133,992,1.0
441,992,-1.0
2166,992,-1.0
50,993,-1.0
1428,993,1.0
1701,993,-1.0
790,994,-1.0
1731,994,-1.0
1687,994,1.0
1421,994,1.0
29,995,1.0
1242,995,-1.0
2067,995,1.0
1875,995,-1.0
2329,996,-1.0
1626,996,1.0
620,996,-1.0
951,997,-1.0
2374,997,-1.0
2181,997,1.0
146,998,-1.0
1734,998,-1.0
1429,998,1.0
2598,999,-1.0
340,999,1.0
1101,999,-1.0
2383,1000,-1.0
794,1000,-1.0
1439,1000,1.0
219,1001,-1.0
1629,1001,1.0
2448,1001,-1.0
2371,1002,-1.0
1224,1002,1.0
339,1003,-1.0
669,1003,1.0
1820,1003,-1.0
1821,1004,1.0
1645,1004,-1.0
2495,1004,1.0
2955,1005,1.0
220,1005,-1.0
2450,1005,-1.0
2448,1006,-1.0
211,1006,1.0
1612,1006,-1.0
1122,1007,-1.0
813,1007,1.0
157,1007,1.0
467,1007,-1.0
1295,1007,1.0
2563,1008,-1.0
567,1008,1.0
1123,1008,-1.0
790,1009,-1.0
206,1009,-1.0
2565,1009,1.0
1687,1009,1.0
1875,1010,-1.0
1393,1010,-1.0
1564,1010,1.0
2067,1010,1.0
2235,1011,-1.0
2221,1011,-1.0
2903,1011,1.0
1932,1012,1.0
1687,1012,1.0
2667,1012,-1.0
790,1012,-1.0
217,1013,-1.0
1414,1013,1.0
1586,1013,-1.0
790,1014,-1.0
1687,1014,1.0
298,1014,-1.0
2675,1014,1.0
552,1015,1.0
2618,1015,-1.0
610,1015,-1.0
2472,1015,-1.0
2590,1015,-1.0
1219,1015,-1.0
774,1016,-1.0
790,1016,-1.0
1319,1016,1.0
1687,1016,1.0
905,1017,-1.0
2000,1017,-1.0
2373,1017,-1.0
1649,1017,1.0
700,1017,-1.0
1296,1017,-1.0
1842,1018,1.0
407,1018,-1.0
1857,1018,-1.0
281,1019,-1.0
301,1019,-1.0
497,1019,1.0
703,1020,1.0
284,1020,-1.0
1687,1020,1.0
790,1020,-1.0
777,1021,-1.0
2771,1021,1.0
924,1021,-1.0
813,1022,1.0
1275,1022,1.0
1122,1022,-1.0
2960,1022,-1.0
2156,1023,-1.0
712,1023,-1.0
48,1023,1.0
1309,1024,-1.0
2571,1024,-1.0
540,1024,1.0
1550,1025,-1.0
814,1025,-1.0
1551,1025,1.0
1687,1026,1.0
198,1026,-1.0
242,1026,1.0
790,1026,-1.0
2587,1027,-1.0
1062,1027,-1.0
2281,1027,1.0
454,1027,1.0
1687,1028,1.0
790,1028,-1.0
23,1028,-1.0
549,1028,1.0
656,1029,1.0
1122,1029,-1.0
1635,1029,-1.0
813,1029,1.0
1528,1030,1.0
2703,1030,-1.0
2236,1030,-1.0
790,1031,-1.0
1839,1031,1.0
1677,1031,1.0
2641,1031,-1.0
1687,1031,1.0
284,1032,1.0
2363,1032,-1.0
2267,1032,-1.0
1590,1032,-1.0
2537,1033,1.0
2825,1033,-1.0
2295,1033,-1.0
727,1034,1.0
2116,1034,-1.0
2135,1034,-1.0
2351,1035,-1.0
2430,1035,-1.0
2042,1035,1.0
2959,1036,-1.0
257,1036,-1.0
811,1036,1.0
2686,1037,1.0
813,1037,1.0
1519,1037,-1.0
2675,1038,1.0
298,1038,-1.0
1687,1038,1.0
790,1038,-1.0
778,1039,-1.0
2413,1039,1.0
1012,1039,-1.0
790,1040,-1.0
1687,1040,1.0
2955,1040,-1.0
731,1040,1.0
223,1041,-1.0
1249,1041,-1.0
563,1041,1.0
102,1042,1.0
904,1042,-1.0
462,1042,-1.0
2494,1043,1.0
262,1043,1.0
1462,1043,1.0
1289,1043,1.0
2065,1043,1.0
1045,1043,-1.0
1345,1043,-1.0
2693,1043,-1.0
1351,1044,1.0
2601,1044,-1.0
2726,1044,-1.0
799,1045,-1.0
937,1045,1.0
6,1045,1.0
2177,1045,1.0
1173,1046,1.0
1638,1046,-1.0
1406,1046,-1.0
215,1047,-1.0
1857,1047,1.0
407,1047,-1.0
2501,1048,1.0
2061,1048,-1.0
925,1048,-1.0
1875,1049,-1.0
2078,1049,1.0
2067,1049,1.0
1609,1049,-1.0
1687,1050,1.0
1182,1050,1.0
2586,1050,1.0
790,1050,-1.0
2712,1050,-1.0
1635,1051,-1.0
2663,1051,1.0
2908,1051,-1.0
730,1051,-1.0
790,1052,-1.0
755,1052,1.0
1687,1052,1.0
833,1052,-1.0
790,1053,-1.0
1194,1053,-1.0
412,1053,1.0
1687,1053,1.0
1050,1054,-1.0
1541,1054,1.0
1327,1054,-1.0
447,1055,-1.0
2271,1055,-1.0
789,1055,1.0
1252,1056,-1.0
104,1056,-1.0
1579,1056,1.0
2745,1057,1.0
2833,1057,-1.0
1119,1057,-1.0
232,1058,1.0
2074,1058,-1.0
2530,1058,-1.0
149,1059,-1.0
290,1059,-1.0
1164,1059,1.0
1728,1060,1.0
801,1060,-1.0
1435,1060,-1.0
335,1061,-1.0
2375,1061,1.0
667,1061,-1.0
2194,1062,1.0
1592,1062,-1.0
2230,1062,-1.0
1773,1063,-1.0
1744,1063,-1.0
1136,1063,-1.0
920,1063,1.0
1687,1064,1.0
1250,1064,1.0
2444,1064,-1.0
790,1064,-1.0
66,1065,1.0
674,1065,-1.0
1687,1065,1.0
790,1065,-1.0
1584,1066,1.0
2684,1066,-1.0
2427,1066,-1.0
2906,1067,-1.0
1954,1067,1.0
2067,1067,1.0
1875,1067,-1.0
1070,1068,-1.0
1533,1068,-1.0
2419,1068,1.0
2198,1069,-1.0
1443,1069,1.0
1025,1069,-1.0
2197,1070,-1.0
615,1070,1.0
1550,1070,-1.0
809,1071,-1.0
51,1071,1.0
2940,1071,1.0
2478,1072,-1.0
2495,1072,-1.0
1385,1072,1.0
2591,1073,1.0
1687,1073,1.0
790,1073,-1.0
179,1073,-1.0
209,1074,1.0
1687,1074,1.0
790,1074,-1.0
908,1074,-1.0
2555,1075,-1.0
270,1075,1.0
2191,1075,-1.0
353,1076,-1.0
2696,1076,-1.0
742,1076,1.0
2261,1076,-1.0
1340,1076,-1.0
77,1076,-1.0
978,1077,1.0
1025,1077,-1.0
1374,1077,-1.0
1757,1078,-1.0
825,1078,1.0
1687,1078,1.0
790,1078,-1.0
2295,1079,-1.0
1025,1079,-1.0
1278,1079,1.0
2024,1080,1.0
1246,1080,-1.0
2423,1080,1.0
149,1080,-1.0
2245,1081,-1.0
1743,1081,-1.0
2019,1081,1.0
1805,1082,1.0
2668,1082,-1.0
2607,1082,-1.0
2871,1083,-1.0
2821,1083,1.0
31,1083,1.0
970,1084,1.0
1751,1084,-1.0
2411,1084,1.0
122,1084,-1.0
2711,1085,-1.0
2584,1085,-1.0
2278,1085,1.0
1170,1086,1.0
1552,1086,-1.0
817,1086,1.0
11,1087,-1.0
2642,1087,1.0
1550,1087,-1.0
433,1088,-1.0
1339,1088,-1.0
1188,1088,1.0
2623,1089,-1.0
1131,1089,1.0
1837,1089,-1.0
790,1090,-1.0
1687,1090,1.0
1678,1090,1.0
381,1090,-1.0
1214,1091,1.0
2612,1091,-1.0
1416,1091,-1.0
1687,1092,1.0
790,1092,-1.0
234,1092,1.0
1538,1092,1.0
1901,1092,-1.0
1550,1093,-1.0
1684,1093,-1.0
201,1093,1.0
2318,1094,1.0
2627,1094,-1.0
1687,1094,1.0
790,1094,-1.0
1417,1095,-1.0
1875,1095,-1.0
1630,1095,1.0
2067,1095,1.0
1687,1096,1.0
790,1096,-1.0
560,1096,1.0
2069,1096,-1.0
1025,1097,-1.0
1320,1097,1.0
1733,1097,-1.0
1918,1098,-1.0
566,1098,-1.0
1233,1098,1.0
1916,1099,-1.0
2664,1099,-1.0
2541,1099,1.0
1029,1100,-1.0
1768,1100,-1.0
2751,1100,1.0
177,1101,-1.0
2203,1101,-1.0
1048,1101,1.0
419,1102,1.0
1122,1102,-1.0
2281,1102,1.0
1038,1102,-1.0
2702,1103,1.0
1891,1103,-1.0
1875,1103,-1.0
2067,1103,1.0
772,1104,-1.0
1122,1104,-1.0
132,1104,1.0
813,1104,1.0
2287,1105,1.0
2505,1105,-1.0
2366,1105,-1.0
2876,1106,1.0
37,1106,-1.0
85,1106,-1.0
1556,1107,1.0
2836,1107,-1.0
2217,1107,1.0
1122,1107,-1.0
813,1107,1.0
1729,1108,-1.0
2146,1108,1.0
1344,1108,-1.0
1808,1109,-1.0
2548,1109,1.0
1550,1109,-1.0
822,1110,1.0
790,1110,-1.0
1333,1110,-1.0
1687,1110,1.0
1609,1111,1.0
855,1111,1.0
2308,1111,-1.0
2255,1112,-1.0
790,1112,-1.0
2280,1112,1.0
1687,1112,1.0
2488,1113,-1.0
283,1113,1.0
2268,1114,1.0
818,1114,-1.0
1016,1114,-1.0
1394,1114,1.0
555,1114,1.0
1213,1115,-1.0
918,1115,-1.0
622,1115,1.0
2277,1116,1.0
1687,1116,1.0
790,1116,-1.0
401,1116,-1.0
2098,1117,-1.0
2199,1117,-1.0
60,1117,1.0
1480,1118,-1.0
758,1118,1.0
2139,1119,-1.0
146,1119,-1.0
2559,1119,1.0
1687,1120,1.0
790,1120,-1.0
1241,1120,-1.0
2688,1120,1.0
1789,1121,1.0
2935,1121,1.0
2043,1121,1.0
1367,1121,-1.0
1182,1122,-1.0
928,1122,-1.0
559,1122,1.0
378,1123,1.0
2857,1123,-1.0
894,1123,1.0
805,1124,-1.0
221,1124,1.0
2873,1124,-1.0
1310,1125,-1.0
2160,1125,1.0
518,1125,-1.0
1024,1126,1.0
2441,1126,-1.0
1687,1126,1.0
790,1126,-1.0
299,1127,-1.0
1787,1127,-1.0
434,1127,1.0
2105,1128,-1.0
2157,1128,1.0
1205,1128,-1.0
309,1129,-1.0
95,1129,1.0
681,1129,-1.0
934,1130,-1.0
2405,1130,-1.0
2345,1130,1.0
1596,1131,1.0
2657,1131,-1.0
1606,1131,-1.0
298,1132,-1.0
790,1132,-1.0
2675,1132,1.0
1687,1132,1.0
2511,1133,-1.0
1122,1133,-1.0
813,1133,1.0
2359,1133,1.0
1782,1134,-1.0
1635,1134,-1.0
652,1134,1.0
2375,1135,-1.0
329,1135,1.0
1273,1135,1.0
2174,1135,-1.0
667,1135,1.0
305,1136,1.0
1122,1136,-1.0
386,1136,-1.0
813,1136,1.0
790,1137,-1.0
317,1137,1.0
1687,1137,1.0
1359,1137,-1.0
2513,1138,1.0
2338,1138,-1.0
1435,1138,-1.0
1431,1139,-1.0
198,1139,1.0
2392,1140,-1.0
1300,1140,1.0
2787,1140,-1.0
2675,1141,1.0
1687,1141,1.0
298,1141,-1.0
790,1141,-1.0
2802,1142,1.0
2372,1142,1.0
1720,1142,-1.0
149,1142,-1.0
1132,1143,1.0
368,1143,-1.0
2687,1143,-1.0
562,1144,1.0
2714,1144,-1.0
2150,1144,-1.0
184,1145,-1.0
2640,1145,-1.0
1600,1145,1.0
1003,1146,-1.0
535,1146,1.0
2462,1146,-1.0
2197,1147,1.0
438,1147,-1.0
1076,1147,-1.0
2566,1148,1.0
1664,1148,1.0
249,1148,-1.0
778,1149,-1.0
2005,1149,-1.0
2018,1149,1.0
2067,1150,1.0
589,1150,1.0
195,1150,-1.0
1875,1150,-1.0
2036,1151,1.0
1687,1151,1.0
790,1151,-1.0
1598,1151,-1.0
2155,1152,1.0
310,1152,-1.0
2001,1153,-1.0
43,1153,1.0
1875,1153,-1.0
397,1154,-1.0
2732,1154,1.0
1527,1154,-1.0
298,1155,-1.0
790,1155,-1.0
1687,1155,1.0
2675,1155,1.0
1687,1156,1.0
1159,1156,1.0
790,1156,-1.0
1455,1156,-1.0
32,1157,-1.0
2078,1157,-1.0
1387,1157,1.0
499,1158,-1.0
230,1158,1.0
1875,1159,-1.0
2906,1159,-1.0
2067,1159,1.0
1954,1159,1.0
1687,1160,1.0
790,1160,-1.0
2879,1160,1.0
71,1160,-1.0
2962,1161,-1.0
2406,1161,-1.0
78,1161,1.0
1953,1162,1.0
2691,1162,-1.0
1751,1163,-1.0
1958,1163,-1.0
2411,1163,1.0
827,1163,1.0
1885,1164,-1.0
431,1164,1.0
1919,1164,1.0
2047,1165,-1.0
813,1165,1.0
1122,1165,-1.0
403,1165,1.0
2073,1166,-1.0
1670,1166,1.0
1687,1166,1.0
790,1166,-1.0
2176,1167,1.0
1122,1167,-1.0
1526,1167,1.0
991,1167,-1.0
2720,1168,-1.0
1632,1168,1.0
2202,1168,-1.0
1080,1168,1.0
2928,1169,1.0
1283,1169,-1.0
1232,1169,-1.0
1161,1170,-1.0
2651,1170,-1.0
315,1170,1.0
2311,1170,-1.0
457,1171,-1.0
1054,1171,-1.0
2190,1171,1.0
2692,1172,-1.0
2353,1172,1.0
1750,1172,-1.0
1202,1173,-1.0
1687,1173,1.0
790,1173,-1.0
162,1173,1.0
214,1174,-1.0
928,1174,1.0
2415,1174,-1.0
1109,1175,-1.0
437,1175,-1.0
2241,1175,1.0
1337,1176,-1.0
593,1176,-1.0
1356,1176,1.0
2902,1177,-1.0
1783,1177,-1.0
52,1177,1.0
46,1178,-1.0
2551,1178,1.0
311,1178,-1.0
1635,1179,-1.0
2889,1179,1.0
1025,1179,-1.0
1260,1180,-1.0
2535,1180,1.0
1617,1180,-1.0
752,1181,-1.0
1272,1181,-1.0
389,1181,-1.0
2317,1181,1.0
2067,1182,1.0
1875,1182,-1.0
783,1182,-1.0
1538,1182,1.0
413,1183,-1.0
1550,1183,-1.0
131,1183,1.0
968,1183,1.0
972,1184,1.0
1938,1184,-1.0
1089,1184,-1.0
384,1185,1.0
1927,1185,-1.0
1938,1185,-1.0
1400,1186,-1.0
1440,1186,-1.0
2604,1186,1.0
985,1187,1.0
801,1187,-1.0
1653,1187,-1.0
2246,1188,-1.0
1949,1188,1.0
2597,1188,-1.0
1580,1189,-1.0
2437,1189,1.0
2326,1189,-1.0
1550,1190,-1.0
402,1190,1.0
60,1190,-1.0
1155,1191,-1.0
364,1191,1.0
2082,1191,-1.0
1025,1192,-1.0
2384,1192,-1.0
2827,1192,1.0
2411,1193,1.0
1725,1193,1.0
1751,1193,-1.0
508,1193,-1.0
2776,1194,-1.0
2649,1194,-1.0
2675,1194,-1.0
1454,1194,1.0
1752,1195,-1.0
514,1195,1.0
2822,1195,-1.0
866,1196,1.0
1466,1196,-1.0
2651,1196,-1.0
2778,1197,-1.0
634,1197,1.0
1723,1197,-1.0
1481,1198,1.0
1634,1198,-1.0
1687,1198,1.0
790,1198,-1.0
274,1198,1.0
696,1199,-1.0
185,1199,1.0
2793,1199,-1.0
2910,1200,-1.0
229,1200,1.0
1160,1200,1.0
1952,1201,-1.0
1083,1201,-1.0
2339,1201,1.0
1375,1202,-1.0
2267,1202,-1.0
2125,1202,1.0
812,1202,-1.0
398,1203,-1.0
33,1203,-1.0
39,1203,1.0
999,1204,-1.0
242,1204,1.0
274,1204,1.0
85,1205,1.0
2067,1205,1.0
1737,1205,-1.0
1875,1205,-1.0
1264,1206,1.0
2808,1206,-1.0
2882,1206,1.0
1687,1206,1.0
1954,1206,1.0
790,1206,-1.0
1632,1207,-1.0
1807,1207,-1.0
1379,1207,1.0
571,1208,-1.0
415,1208,1.0
588,1208,-1.0
1687,1209,1.0
2860,1209,1.0
2016,1209,-1.0
790,1209,-1.0
1985,1210,-1.0
1239,1210,1.0
438,1210,-1.0
1687,1211,1.0
790,1211,-1.0
1659,1211,-1.0
2153,1211,1.0
1602,1212,1.0
1687,1212,1.0
790,1212,-1.0
71,1212,-1.0
1758,1213,-1.0
1063,1213,-1.0
1026,1213,1.0
1287,1214,-1.0
2599,1214,-1.0
151,1214,1.0
2228,1214,-1.0
2854,1214,-1.0
2562,1215,-1.0
1512,1215,1.0
1317,1215,-1.0
1168,1216,-1.0
1889,1216,-1.0
1631,1216,-1.0
2454,1216,1.0
1687,1217,1.0
298,1217,-1.0
790,1217,-1.0
2675,1217,1.0
1122,1218,-1.0
9,1218,-1.0
409,1218,1.0
813,1218,1.0
1751,1219,-1.0
2411,1219,1.0
2297,1219,1.0
1470,1219,-1.0
868,1220,-1.0
1163,1220,1.0
966,1220,-1.0
2605,1221,-1.0
790,1221,-1.0
692,1221,1.0
1687,1221,1.0
790,1222,-1.0
2426,1222,1.0
1687,1222,1.0
2076,1222,-1.0
713,1223,-1.0
780,1223,-1.0
2519,1223,1.0
2268,1224,1.0
2208,1224,1.0
1206,1224,1.0
1763,1224,-1.0
1122,1224,-1.0
691,1225,1.0
861,1225,-1.0
774,1225,-1.0
1143,1226,-1.0
1074,1226,1.0
2695,1226,-1.0
596,1227,-1.0
1745,1227,-1.0
992,1227,1.0
1156,1228,1.0
2880,1228,-1.0
2784,1229,1.0
2276,1229,-1.0
1904,1229,-1.0
828,1230,-1.0
889,1230,1.0
1135,1230,-1.0
790,1231,-1.0
2192,1231,-1.0
2660,1231,1.0
1687,1231,1.0
2662,1232,1.0
324,1232,-1.0
1687,1232,1.0
790,1232,-1.0
1122,1233,-1.0
813,1233,1.0
1059,1233,1.0
1088,1233,-1.0
1880,1234,-1.0
787,1234,1.0
350,1234,1.0
913,1234,1.0
1816,1235,1.0
117,1235,-1.0
1444,1235,-1.0
468,1236,1.0
1396,1236,-1.0
2376,1236,-1.0
1796,1237,-1.0
927,1237,1.0
1687,1237,1.0
790,1237,-1.0
575,1238,-1.0
2590,1238,1.0
576,1238,1.0
1575,1239,1.0
132,1239,-1.0
12,1239,-1.0
188,1240,-1.0
1502,1240,1.0
2700,1240,-1.0
1154,1240,1.0
1687,1241,1.0
2749,1241,1.0
790,1241,-1.0
1066,1241,-1.0
2766,1242,1.0
2807,1242,-1.0
1687,1242,1.0
790,1242,-1.0
790,1243,-1.0
1141,1243,1.0
1687,1243,1.0
1333,1243,-1.0
790,1244,-1.0
919,1244,1.0
1373,1244,1.0
627,1245,1.0
84,1245,-1.0
2350,1246,-1.0
1531,1246,-1.0
1507,1246,1.0
1492,1247,1.0
72,1247,-1.0
2301,1247,-1.0
1334,1248,1.0
2368,1248,-1.0
1,1248,-1.0
613,1249,-1.0
2913,1249,-1.0
161,1249,1.0
1550,1250,-1.0
1113,1250,-1.0
1100,1250,1.0
252,1251,-1.0
219,1251,-1.0
541,1251,1.0
1403,1252,-1.0
303,1252,-1.0
948,1252,1.0
498,1253,1.0
511,1253,-1.0
1550,1254,-1.0
2113,1254,-1.0
1591,1254,-1.0
2621,1254,1.0
533,1255,-1.0
439,1255,1.0
1052,1255,-1.0
1242,1256,1.0
1122,1256,-1.0
29,1256,-1.0
813,1256,1.0
2766,1257,-1.0
784,1257,1.0
2156,1258,-1.0
1122,1258,-1.0
2881,1258,1.0
1687,1259,1.0
1195,1259,1.0
790,1259,-1.0
243,1259,-1.0
1240,1260,-1.0
2127,1260,1.0
2105,1260,-1.0
1553,1261,-1.0
2212,1261,1.0
2349,1261,-1.0
2110,1262,1.0
1846,1262,1.0
1322,1262,1.0
558,1262,-1.0
2174,1262,-1.0
668,1263,1.0
1687,1263,1.0
2659,1263,-1.0
790,1263,-1.0
2408,1264,-1.0
2193,1264,1.0
1641,1264,-1.0
2472,1265,-1.0
2618,1265,-1.0
610,1265,-1.0
575,1265,1.0
2590,1265,-1.0
709,1266,-1.0
1056,1266,-1.0
1522,1266,1.0
372,1267,1.0
730,1267,-1.0
179,1267,-1.0
1687,1268,1.0
790,1268,-1.0
502,1268,-1.0
2614,1268,1.0
2040,1269,-1.0
1007,1269,1.0
242,1269,-1.0
1735,1270,-1.0
2432,1270,1.0
743,1270,-1.0
2846,1270,1.0
676,1271,-1.0
1529,1271,1.0
525,1271,-1.0
1954,1272,-1.0
629,1272,1.0
2863,1272,-1.0
759,1273,1.0
2436,1273,-1.0
33,1273,-1.0
2914,1274,-1.0
332,1274,1.0
2493,1274,1.0
647,1274,-1.0
1128,1275,-1.0
1106,1275,-1.0
2105,1275,-1.0
2835,1275,1.0
1446,1275,1.0
2845,1276,1.0
1875,1276,-1.0
1122,1276,-1.0
849,1276,-1.0
813,1276,1.0
2067,1276,1.0
2469,1276,-1.0
1543,1277,1.0
2730,1277,-1.0
2288,1277,-1.0
993,1278,-1.0
2115,1278,1.0
2411,1279,1.0
2021,1279,-1.0
1751,1279,-1.0
1817,1279,1.0
1365,1280,-1.0
197,1280,1.0
752,1280,-1.0
389,1280,-1.0
2547,1281,-1.0
752,1281,-1.0
389,1281,-1.0
2479,1281,1.0
1707,1282,1.0
148,1282,-1.0
2473,1282,-1.0
2582,1283,-1.0
2738,1283,-1.0
1140,1283,1.0
2154,1284,1.0
813,1284,1.0
1544,1284,-1.0
140,1285,-1.0
2200,1285,1.0
171,1285,-1.0
50,1286,-1.0
974,1286,-1.0
903,1286,1.0
790,1287,-1.0
1687,1287,1.0
298,1287,-1.0
2675,1287,1.0
787,1288,-1.0
2902,1288,1.0
2177,1288,-1.0
1875,1289,-1.0
2906,1289,-1.0
1954,1289,1.0
2067,1289,1.0
329,1290,1.0
1324,1290,1.0
44,1290,-1.0
1062,1290,-1.0
2281,1290,1.0
2781,1290,1.0
2413,1291,-1.0
390,1291,-1.0
701,1291,1.0
1775,1292,1.0
812,1292,-1.0
1212,1292,-1.0
638,1293,-1.0
2720,1293,1.0
1632,1293,-1.0
107,1294,1.0
1550,1294,-1.0
990,1294,-1.0
1168,1295,-1.0
1322,1295,-1.0
558,1295,1.0
2204,1296,-1.0
774,1296,-1.0
1990,1296,1.0
709,1297,-1.0
2704,1297,-1.0
240,1297,1.0
2233,1298,1.0
2120,1298,-1.0
2122,1298,-1.0
451,1299,1.0
2734,1299,-1.0
2411,1299,1.0
1751,1299,-1.0
1357,1300,1.0
179,1300,-1.0
1577,1300,-1.0
1002,1301,-1.0
597,1301,1.0
1687,1301,1.0
790,1301,-1.0
1845,1302,1.0
2174,1302,-1.0
1086,1302,-1.0
663,1303,-1.0
142,1303,1.0
1092,1303,-1.0
1472,1304,-1.0
829,1304,1.0
2552,1304,-1.0
2772,1305,1.0
1525,1305,-1.0
813,1305,1.0
1122,1305,-1.0
1941,1306,-1.0
704,1306,1.0
2850,1306,-1.0
20,1306,-1.0
157,1306,-1.0
790,1307,-1.0
1687,1307,1.0
394,1307,1.0
1831,1307,-1.0
906,1308,1.0
813,1308,1.0
2597,1308,-1.0
1122,1308,-1.0
484,1309,1.0
896,1309,-1.0
307,1309,-1.0
774,1310,-1.0
1570,1310,1.0
964,1310,-1.0
790,1311,-1.0
1687,1311,1.0
1831,1311,1.0
2480,1311,-1.0
2411,1312,1.0
965,1312,1.0
1258,1312,-1.0
1751,1312,-1.0
2055,1313,1.0
1594,1313,-1.0
1933,1313,-1.0
399,1314,1.0
1448,1314,-1.0
1935,1314,-1.0
2392,1315,-1.0
2086,1315,1.0
790,1315,-1.0
1687,1315,1.0
1290,1316,1.0
2177,1316,1.0
2686,1316,-1.0
1550,1317,-1.0
1581,1317,-1.0
2621,1317,1.0
1279,1318,1.0
2863,1318,-1.0
2600,1318,-1.0
1687,1319,1.0
790,1319,-1.0
403,1319,-1.0
2377,1319,1.0
2666,1320,-1.0
1550,1320,-1.0
1830,1320,1.0
1713,1321,-1.0
2906,1321,1.0
2067,1321,-1.0
393,1322,1.0
357,1322,-1.0
387,1322,-1.0
212,1323,1.0
612,1323,-1.0
1174,1323,-1.0
826,1324,1.0
1122,1324,-1.0
813,1324,1.0
2379,1324,-1.0
124,1325,1.0
1534,1325,-1.0
1478,1325,-1.0
707,1325,1.0
2593,1326,1.0
1954,1326,-1.0
2689,1326,-1.0
2818,1327,-1.0
1769,1327,-1.0
1860,1327,1.0
1954,1328,1.0
1875,1328,-1.0
2906,1328,-1.0
2067,1328,1.0
884,1329,1.0
2323,1329,-1.0
1687,1329,1.0
790,1329,-1.0
533,1330,-1.0
2254,1330,-1.0
1530,1330,1.0
2654,1331,-1.0
76,1331,1.0
452,1331,-1.0
298,1332,1.0
1687,1332,1.0
790,1332,-1.0
584,1332,-1.0
1032,1333,-1.0
1739,1333,-1.0
451,1333,-1.0
2000,1333,-1.0
1444,1333,-1.0
2332,1333,1.0
1326,1333,-1.0
123,1334,-1.0
651,1334,1.0
2182,1334,-1.0
324,1335,-1.0
1687,1335,1.0
790,1335,-1.0
2662,1335,1.0
685,1336,-1.0
170,1336,1.0
230,1336,-1.0
1005,1337,-1.0
947,1337,1.0
224,1337,-1.0
1687,1338,1.0
790,1338,-1.0
760,1338,1.0
1714,1338,-1.0
1562,1339,1.0
2076,1339,-1.0
1632,1339,-1.0
1231,1340,-1.0
1323,1340,1.0
2368,1340,-1.0
1481,1341,-1.0
1950,1341,-1.0
2244,1341,1.0
1486,1342,-1.0
590,1342,-1.0
1781,1342,1.0
2670,1343,-1.0
2811,1343,-1.0
2252,1343,1.0
1606,1344,-1.0
408,1344,-1.0
677,1344,1.0
981,1345,-1.0
1539,1345,-1.0
2615,1345,1.0
2750,1346,1.0
1650,1346,-1.0
256,1347,-1.0
135,1347,-1.0
2912,1347,1.0
1199,1348,-1.0
385,1348,-1.0
2470,1348,1.0
564,1349,1.0
1914,1349,-1.0
2811,1349,-1.0
301,1350,-1.0
1681,1350,-1.0
2180,1350,1.0
746,1351,-1.0
1025,1351,-1.0
1178,1351,1.0
2193,1352,-1.0
1486,1352,1.0
2369,1352,1.0
1583,1352,-1.0
189,1353,-1.0
274,1353,1.0
2520,1353,1.0
2101,1354,1.0
2877,1354,-1.0
686,1354,-1.0
909,1355,-1.0
2075,1355,1.0
1162,1355,-1.0
1687,1356,1.0
696,1356,1.0
2852,1356,1.0
790,1356,-1.0
422,1356,-1.0
1962,1357,1.0
2658,1357,-1.0
2150,1357,-1.0
523,1358,1.0
1122,1358,-1.0
2538,1358,-1.0
813,1358,1.0
1516,1359,1.0
1446,1359,-1.0
1289,1359,-1.0
1122,1360,-1.0
813,1360,1.0
1724,1360,-1.0
1060,1360,1.0
1687,1361,1.0
166,1361,1.0
704,1361,-1.0
790,1361,-1.0
890,1362,1.0
1670,1362,-1.0
274,1362,1.0
2412,1363,1.0
787,1363,1.0
1569,1363,1.0
1307,1363,-1.0
967,1363,1.0
2257,1364,-1.0
374,1364,1.0
1687,1364,1.0
790,1364,-1.0
2310,1365,-1.0
2443,1365,1.0
58,1365,-1.0
97,1366,-1.0
958,1366,-1.0
1390,1366,1.0
1014,1367,1.0
354,1367,-1.0
482,1367,-1.0
1688,1368,-1.0
2277,1368,-1.0
2755,1368,1.0
577,1369,1.0
2420,1369,-1.0
1164,1369,-1.0
2783,1370,1.0
1946,1370,-1.0
2329,1370,1.0
2067,1371,1.0
1875,1371,-1.0
2123,1371,1.0
377,1371,-1.0
569,1372,-1.0
2914,1372,1.0
2897,1372,-1.0
1097,1373,1.0
2518,1373,-1.0
235,1374,-1.0
1463,1374,1.0
1415,1374,-1.0
847,1375,-1.0
2747,1375,1.0
2478,1375,-1.0
2403,1376,-1.0
143,1376,-1.0
351,1376,1.0
790,1377,-1.0
2538,1377,1.0
1687,1377,1.0
523,1377,-1.0
2295,1378,-1.0
2392,1378,1.0
302,1378,-1.0
416,1379,1.0
2381,1379,-1.0
2465,1379,-1.0
142,1380,-1.0
1286,1380,1.0
1126,1380,-1.0
1015,1381,-1.0
196,1381,-1.0
2891,1381,1.0
2445,1382,1.0
883,1382,-1.0
1555,1382,-1.0
1687,1383,1.0
790,1383,-1.0
1256,1383,-1.0
2320,1383,1.0
77,1384,1.0
1925,1384,-1.0
988,1384,-1.0
2703,1384,-1.0
1936,1385,1.0
1635,1385,-1.0
2613,1385,-1.0
1687,1386,1.0
696,1386,1.0
790,1386,-1.0
1679,1386,1.0
185,1386,-1.0
1557,1387,-1.0
2553,1387,1.0
79,1388,-1.0
1663,1388,-1.0
1822,1388,1.0
1563,1388,-1.0
43,1389,-1.0
1540,1389,1.0
491,1389,-1.0
862,1390,-1.0
773,1390,1.0
259,1390,-1.0
15,1391,1.0
390,1391,-1.0
111,1391,-1.0
2905,1392,1.0
1602,1392,-1.0
778,1392,-1.0
215,1393,1.0
2269,1393,1.0
842,1393,-1.0
1266,1393,-1.0
1065,1394,-1.0
1667,1394,1.0
2779,1394,-1.0
1545,1395,-1.0
2256,1395,-1.0
2056,1395,1.0
2806,1396,-1.0
1501,1396,1.0
1062,1396,-1.0
2174,1396,1.0
2630,1397,-1.0
532,1397,-1.0
2515,1397,1.0
1427,1398,1.0
813,1398,1.0
1492,1398,-1.0
1975,1399,-1.0
2364,1399,1.0
1635,1399,-1.0
790,1400,-1.0
687,1400,-1.0
141,1400,1.0
1687,1400,1.0
1051,1401,1.0
857,1401,1.0
1917,1401,-1.0
1875,1402,-1.0
121,1402,-1.0
1174,1402,1.0
2596,1403,1.0
1687,1403,1.0
2869,1403,-1.0
790,1403,-1.0
220,1404,-1.0
806,1404,1.0
2410,1404,-1.0
1915,1405,-1.0
2150,1405,-1.0
1951,1405,1.0
1751,1406,-1.0
2099,1406,-1.0
2411,1406,1.0
2367,1406,1.0
1493,1407,-1.0
635,1407,1.0
1647,1407,-1.0
1162,1408,1.0
933,1408,-1.0
850,1408,-1.0
1863,1408,-1.0
1178,1409,-1.0
1687,1409,1.0
790,1409,-1.0
1691,1409,1.0
790,1410,-1.0
2809,1410,-1.0
130,1410,1.0
1687,1410,1.0
2616,1411,-1.0
1043,1411,-1.0
173,1411,1.0
2610,1412,1.0
2438,1412,-1.0
1874,1412,-1.0
2411,1413,1.0
1745,1413,-1.0
1751,1413,-1.0
2167,1413,1.0
2188,1414,-1.0
899,1414,1.0
1687,1414,1.0
790,1414,-1.0
1687,1415,1.0
790,1415,-1.0
1523,1415,1.0
1579,1415,-1.0
810,1416,1.0
370,1416,-1.0
152,1417,-1.0
2795,1417,1.0
1687,1417,1.0
790,1417,-1.0
1687,1418,1.0
790,1418,-1.0
908,1418,-1.0
209,1418,1.0
2014,1419,-1.0
671,1419,1.0
2664,1419,-1.0
1751,1420,-1.0
2297,1420,-1.0
1262,1420,1.0
2411,1420,1.0
1348,1421,-1.0
1875,1421,-1.0
461,1421,1.0
2268,1422,-1.0
1682,1422,-1.0
1016,1422,-1.0
619,1422,1.0
1394,1422,1.0
1687,1423,1.0
1265,1423,-1.0
790,1423,-1.0
1972,1423,1.0
1079,1424,1.0
813,1424,1.0
2821,1424,-1.0
1523,1425,-1.0
2402,1425,-1.0
1893,1425,1.0
1970,1426,-1.0
123,1426,-1.0
291,1426,1.0
1338,1427,1.0
306,1427,-1.0
2274,1427,-1.0
117,1428,-1.0
146,1428,-1.0
2870,1428,1.0
822,1429,-1.0
1532,1429,1.0
1687,1429,1.0
790,1429,-1.0
324,1430,-1.0
1687,1430,1.0
2662,1430,1.0
790,1430,-1.0
2758,1431,-1.0
2680,1431,-1.0
367,1431,1.0
2666,1432,1.0
1501,1432,-1.0
1122,1433,-1.0
2245,1433,-1.0
813,1433,1.0
580,1433,1.0
1247,1434,-1.0
2723,1434,-1.0
1084,1434,1.0
451,1435,1.0
1751,1435,-1.0
2734,1435,-1.0
2411,1435,1.0
1655,1436,-1.0
1976,1436,1.0
2700,1436,1.0
2348,1437,1.0
1879,1437,-1.0
1236,1438,-1.0
2457,1438,-1.0
125,1438,1.0
1673,1439,-1.0
1687,1439,1.0
790,1439,-1.0
2114,1439,1.0
1687,1440,1.0
790,1440,-1.0
2574,1440,-1.0
1910,1440,1.0
1550,1441,-1.0
582,1441,1.0
2645,1441,-1.0
495,1442,1.0
1687,1442,1.0
790,1442,-1.0
2904,1442,-1.0
389,1443,-1.0
1318,1443,1.0
2325,1443,-1.0
752,1443,-1.0
2067,1444,1.0
1954,1444,1.0
1875,1444,-1.0
2906,1444,-1.0
2441,1445,1.0
2395,1445,-1.0
209,1445,-1.0
1881,1446,-1.0
1751,1446,-1.0
2830,1446,1.0
2411,1446,1.0
335,1447,1.0
1751,1447,-1.0
2411,1447,1.0
1168,1447,-1.0
1168,1448,-1.0
1301,1448,-1.0
1554,1448,1.0
790,1449,-1.0
1687,1449,1.0
800,1449,1.0
993,1449,1.0
1794,1449,-1.0
761,1450,-1.0
149,1450,-1.0
2829,1450,1.0
147,1450,1.0
837,1451,1.0
1285,1451,1.0
66,1451,-1.0
566,1452,-1.0
2008,1452,1.0
2067,1452,1.0
1875,1452,-1.0
480,1453,1.0
1687,1453,1.0
790,1453,-1.0
1833,1453,-1.0
2804,1454,-1.0
968,1454,1.0
940,1454,1.0
1550,1454,-1.0
2434,1455,-1.0
1687,1455,1.0
1755,1455,1.0
790,1455,-1.0
897,1456,-1.0
111,1456,1.0
778,1456,-1.0
207,1457,-1.0
236,1457,1.0
18,1457,-1.0
1168,1457,-1.0
2389,1458,1.0
1122,1458,-1.0
813,1458,1.0
1490,1458,-1.0
1730,1459,1.0
1687,1459,1.0
790,1459,-1.0
1796,1459,-1.0
87,1460,1.0
527,1460,-1.0
2268,1460,1.0
1583,1460,-1.0
625,1460,1.0
1122,1460,-1.0
320,1461,-1.0
1277,1461,1.0
1726,1461,-1.0
365,1461,-1.0
1017,1462,-1.0
1704,1462,1.0
2599,1462,-1.0
1687,1463,1.0
882,1463,-1.0
790,1463,-1.0
644,1463,1.0
2807,1464,-1.0
2766,1464,1.0
1687,1464,1.0
790,1464,-1.0
2145,1465,-1.0
531,1465,-1.0
252,1465,-1.0
1633,1465,1.0
344,1466,-1.0
2887,1466,-1.0
330,1466,1.0
1687,1467,1.0
790,1467,-1.0
1740,1467,1.0
1782,1467,-1.0
1258,1468,1.0
1461,1468,-1.0
729,1468,-1.0
1425,1469,1.0
620,1469,-1.0
643,1469,-1.0
2943,1470,1.0
1291,1470,-1.0
1339,1470,-1.0
2706,1471,-1.0
509,1471,1.0
2748,1471,-1.0
57,1471,-1.0
2948,1471,-1.0
1207,1471,-1.0
2544,1471,-1.0
2702,1472,1.0
1875,1472,-1.0
2067,1472,1.0
1891,1472,-1.0
1687,1473,1.0
2910,1473,1.0
790,1473,-1.0
86,1473,-1.0
1122,1474,-1.0
2586,1474,-1.0
813,1474,1.0
1944,1474,1.0
220,1475,1.0
1096,1475,-1.0
1687,1475,1.0
790,1475,-1.0
1753,1476,-1.0
1869,1476,1.0
1998,1476,-1.0
1664,1477,-1.0
21,1477,1.0
778,1478,1.0
1950,1478,-1.0
391,1478,-1.0
2853,1479,1.0
72,1479,-1.0
298,1480,1.0
1687,1480,1.0
2813,1480,-1.0
790,1480,-1.0
790,1481,-1.0
1687,1481,1.0
2068,1481,-1.0
2025,1481,1.0
296,1482,1.0
1559,1482,-1.0
600,1482,-1.0
2926,1483,-1.0
1355,1483,-1.0
2144,1483,1.0
1902,1484,1.0
249,1484,-1.0
1848,1485,-1.0
813,1485,1.0
1609,1485,1.0
762,1485,1.0
392,1486,-1.0
1176,1486,1.0
172,1486,-1.0
2957,1487,-1.0
2092,1487,1.0
146,1487,-1.0
2272,1488,1.0
2858,1488,-1.0
2629,1488,1.0
2728,1488,-1.0
146,1489,-1.0
684,1489,1.0
309,1489,-1.0
2629,1490,1.0
1151,1490,1.0
2453,1490,-1.0
2543,1490,-1.0
2675,1491,1.0
1687,1491,1.0
298,1491,-1.0
790,1491,-1.0
283,1492,-1.0
1748,1492,1.0
930,1492,-1.0
218,1493,1.0
2051,1493,1.0
723,1493,-1.0
790,1494,-1.0
919,1494,1.0
1373,1494,1.0
902,1495,1.0
2117,1495,-1.0
405,1495,-1.0
705,1495,1.0
2249,1496,1.0
2497,1496,-1.0
549,1496,-1.0
907,1497,-1.0
715,1497,-1.0
333,1497,1.0
2585,1498,1.0
2915,1498,-1.0
1417,1498,-1.0
868,1499,-1.0
1648,1499,1.0
2010,1499,-1.0
1634,1500,1.0
1481,1500,-1.0
2040,1500,-1.0
659,1501,-1.0
1946,1501,1.0
1687,1501,1.0
790,1501,-1.0
53,1502,-1.0
2867,1502,-1.0
586,1502,1.0
1947,1503,1.0
2796,1503,-1.0
1435,1503,-1.0
2533,1504,-1.0
653,1504,-1.0
1864,1504,1.0
679,1505,-1.0
1576,1505,1.0
2762,1505,-1.0
2954,1506,1.0
1056,1506,-1.0
58,1506,-1.0
2141,1507,1.0
787,1507,1.0
561,1507,-1.0
1900,1507,1.0
952,1507,1.0
1362,1508,-1.0
1851,1508,-1.0
65,1508,1.0
2933,1509,1.0
157,1509,-1.0
205,1509,-1.0
785,1510,-1.0
1887,1510,1.0
1687,1510,1.0
790,1510,-1.0
479,1511,1.0
1595,1511,-1.0
2337,1511,-1.0
790,1512,-1.0
2650,1512,1.0
1868,1512,-1.0
1687,1512,1.0
2412,1513,1.0
100,1513,1.0
2878,1513,-1.0
2263,1514,1.0
2205,1514,-1.0
