2,362
317,363
12
7
237,392
462,522,729,744
56,746
181
271,331
360
489,604
20
21
236
311,793
8,118,278
542,610
27
269,312,530,535,856
32
116,393
34
36
37
54,90,344,663,709
161
105,790
51
202,818
648
305
37,291,369,397,502,583
679,763
56
58
241,343,545,851
259,392
137,286,420,580,613,678,734,850,855
200,771
4,741,865
155,456
78,280,455,476,642
65
39,80,92,150,407,472,756,800
325
22,36,42,182,190,196,297,299,379,440,451,488,494,506,523,571,577,629,658,682,730,764,769,775,804
71
81,720
72
175,333,464,687
77
1,123,249,735,807
516,557
106,170,418,655
67,707
381,646,755
53
20,22,36,42,182,196,250,299,379,440,451,488,523,551,571,577,629,658,682,730,764,769,775,804
727,843
96
238,691
95
163,303,444,695
99
44
722
36,299,577,682,778,837
620,815
229,694
108
337,392
112
166,390,568
250,602
23,244,770
105,145
186,331
0,519
398
208,230,314,335
624,716,734
499,584,696
68,239,279,345,447,660,701,725
93,270
211,248
136
137
347
140
172,260,416,463,486,772,861
148
149
60,309,421,426,654
153
155
23,244,479,544
492,787
164
228,688
57,749
99,149,556,634,809,825
394,585,736
525,692
491,669
114,115,127,240,262,385,624,716
180
181
128,143,304,350,656,721,794
528,677,723,731
240,509,624
157
188
635,727
117,753
52,477
195
310,777
196
218,358
198
456,818
40,55,87,618
208
503,524,664
512,771
551,666
51,622
358,473
215
22,36,42,182,190,196,297,299,379,440,451,488,506,523,571,577,629,658,682,730,764,769,775,804
149,467,556,634,659,825
154,435
538,578
351,369,573,591
532,558
125,745
227
230
231
232
392,638
22,42,488,628,658,730,764,775
236
238
89,151
240
216
459
91,176,387,630,639,703,788,840
217,392
38,245,417,581,617,625,758
75,358
251,293,453,507,566,652,757,783
468,600
307,392
203,845
255
391,819
724
255,484,685
67,858
41,167
58,294
136,298
268
204
661
386
274
88,491
277
280
536
615,798
330
277,493
290
291
50,832
222,746
294
295
296
300
298
301
24
73,175,276,333,409,703,791,835
392,529
806
315
79
253,281
2,811
518
584,824
537,547
392,533
326
327
165,419
331
129,274,369,594,668,681
72,137,850
335
264,392
97,779
338
559,606
670,796
282,358
375,699
348
277,433,478
91,162,414,515,703,849
126,197,353
354
67,427,645
91,333,346,409,728,784
17,562,718,814
72,606
380,671
364
367
370
233,275
371
864
375
376
225
358,808
381
173,481,693
383
74,320,810,816
457,460,592,711
306,395,412,521,689,786
392,680
436,753
284,561,822
392
393
396
544
397
59,392
400
25,392
392,813
76,257
199
180
392,413
508,653
66,318,520
382,838
419
15,31,479,517,544,683,830
424
144,402,511
674
392,532
180,574
490,558
285,468
578,759
193,246,263,774
558,575
433
23,244,513
602,783
433,627
437
100,425,543
439
28
82,608,631
442
445
267,306,339,833,862
452
454
65,582
147,189,665
458
558,680
358,587
101,256
358,712
319,842
27,782,857
465
563,745
36,110,839
380,798
467
256,593
14
70,321,633,831
215,355
478
13,170,292,418
95,290,327
482
22,36,42,182,190,196,297,299,379,440,451,488,494,506,523,569,571,577,629,658,682,730,764,769,775,804
549,821
7,859
11,753
598,828
446
372,392
495,643
546,706
98,651
9,441
140,430
505
466,697
392,713
5,10,552,603
509
332,580
73,91,94,171,254,333,346,423,510,553,586,676,687,703,704,785,835
377,411
158,362
632
358,548
340
323,422,738,760
560
747,848
273,432
636
525
461,667
255,599
675,848
392,799
649,705,765,795
191,858
541
243,565
544
356,480
550
549
554
392,485
210,571
558
187,287,570,650,768
91,205,687
67,858
560
563
63,288
213,843
111,207,212,219,448,496,647,823
368,567,743
574
576
164,626
577
714
61,177
580
35,358
351,369,591,754
582
83,449
102,179,531,844
392,410
588
73,121,254,346,748,852
168,289,465,541,609
132,651
69,388,510,539,715,802
594
13,292,443
595
316,720
406,737
0,519,549,821
392,860
45,133
601
32,36,196,299,451,523,577,682,769,837
615,671
192,392
18,383
399,579,698
187,188
607
609
497,558
82,429,631
138
558,595
392,742
527,558
637,847
62,570
136,234
621
103,209,322,616
33,84,226,261,270,272,334
624
73,142,254,346
23,244,672
85,358
853
46,48,265,324,328,401,471,487,801,834
635
195,415
326,690
38,86,434,482,826
317,469
206,224,854
201,358
646
130,614
619,662
570,841
498,863
653
6,30,108,412,455,640,689
213,643
424,699
113
659
667
182,235,379,440,629,804
668
234,371,428
240,400,624,716
673
564,761
223,392
214,702
352,403,438
16,404,726
682
596,675
175,283,329,333,342,346,704,789
146,611
686
134,169,504
392,776
185,405,408
141,475
392,474
470
326,367
378,762
242
483
124,392
183,358
119,544,765
708
58,452
358,700
158,558
710
716
540
458,752
156,769
479,544
107
597,657
739
740
358,805
67,302,572
60,309,426,654
152,221,336,431
153,186
751
266,358
198,227,236,338,607,817,836
49,717
686,792
131,392
47,558
122,220,332,570,580,766
763
357
14
768
178,500
373,780
308
365
649,750,765,846
240,295,509,624
3,489
359
29,827
777
23,244,773
32,746,769
370,589
779
19,34,454,482
384,719
23,244,361
792
358,555
294,846
22,36,42,182,190,196,297,299,379,440,451,488,494,506,523,571,577,629,658,682,730,764,775,804
588,684
313,605
803
54,184,295,385,641,781,797
135,341
809
358,450
194,349
817
159,392
818
247,829
819
824
214,392
827
389,745
623
836
139,534
550,740
644
160,501,812,820
732
366,374
843
104,196,523,746,769
258
120,358
850
64,612,733
673
857
767
109,174
43,828
514,526
65,252
155,202
590,753
26
