170,93,-1.0
31,69,-1.0
364,0,1.0
382,166,1.0
422,215,-1.0
133,150,1.0
77,30,1.0
435,63,1.0
542,144,-1.0
105,54,1.0
197,74,-1.0
15,39,-1.0
434,47,1.0
481,131,1.0
83,116,-1.0
448,96,1.0
150,6,-1.0
101,115,-1.0
417,51,-1.0
285,142,-1.0
425,92,-1.0
191,174,1.0
318,126,1.0
318,138,1.0
430,163,-1.0
233,6,-1.0
37,104,-1.0
260,181,1.0
511,35,-1.0
461,185,-1.0
203,1,-1.0
385,48,1.0
401,5,-1.0
547,9,1.0
375,213,-1.0
212,47,-1.0
214,105,-1.0
456,108,-1.0
120,199,1.0
186,120,-1.0
443,156,-1.0
433,214,1.0
171,110,-1.0
139,156,-1.0
439,32,-1.0
234,39,1.0
142,92,-1.0
495,83,-1.0
84,120,-1.0
387,171,-1.0
433,129,1.0
198,24,-1.0
257,84,-1.0
440,201,-1.0
433,171,1.0
202,207,-1.0
330,84,-1.0
433,198,1.0
3,115,1.0
195,121,-1.0
45,211,-1.0
507,129,1.0
50,176,1.0
306,107,1.0
272,109,-1.0
444,209,-1.0
449,157,-1.0
167,121,1.0
446,5,1.0
148,101,-1.0
454,112,1.0
327,144,1.0
148,134,-1.0
489,106,1.0
292,200,-1.0
318,2,1.0
77,37,1.0
534,183,1.0
442,68,1.0
318,115,1.0
542,198,-1.0
409,130,1.0
531,86,1.0
146,172,-1.0
206,203,-1.0
244,2,1.0
148,116,-1.0
505,56,-1.0
275,210,1.0
313,43,-1.0
302,65,-1.0
273,162,1.0
249,87,-1.0
172,12,-1.0
129,97,-1.0
406,125,-1.0
1,156,1.0
30,17,-1.0
515,137,-1.0
20,146,1.0
219,57,-1.0
2,126,-1.0
439,117,-1.0
105,169,1.0
444,161,1.0
415,31,-1.0
346,115,1.0
421,2,1.0
456,122,-1.0
404,47,-1.0
114,128,1.0
474,201,1.0
395,85,-1.0
380,132,-1.0
188,46,1.0
459,2,1.0
99,98,1.0
77,63,1.0
148,75,-1.0
156,172,-1.0
124,89,-1.0
36,162,-1.0
24,167,1.0
88,76,-1.0
298,212,-1.0
359,169,1.0
307,143,-1.0
329,190,-1.0
465,101,1.0
255,57,-1.0
249,71,1.0
76,31,1.0
88,74,1.0
28,11,-1.0
7,197,1.0
196,51,1.0
147,78,1.0
433,125,1.0
33,150,-1.0
387,200,1.0
281,52,-1.0
383,129,-1.0
153,84,-1.0
470,27,-1.0
247,165,-1.0
531,86,-1.0
433,59,1.0
92,10,-1.0
304,62,1.0
477,39,-1.0
389,18,1.0
52,150,1.0
397,176,-1.0
0,48,1.0
253,212,1.0
486,209,-1.0
10,15,-1.0
101,87,1.0
410,161,-1.0
105,112,1.0
209,216,-1.0
148,170,-1.0
261,55,-1.0
546,105,1.0
372,115,1.0
261,34,1.0
487,103,-1.0
239,182,1.0
26,144,-1.0
79,123,-1.0
176,65,1.0
433,197,1.0
228,39,-1.0
542,214,-1.0
459,2,-1.0
30,204,-1.0
318,189,1.0
436,123,1.0
314,36,-1.0
41,84,-1.0
358,121,-1.0
380,36,1.0
533,38,1.0
311,91,-1.0
192,115,1.0
548,0,-1.0
540,29,-1.0
107,92,-1.0
91,79,1.0
77,64,1.0
305,86,1.0
213,132,1.0
523,124,-1.0
318,150,1.0
457,86,-1.0
486,68,1.0
394,78,-1.0
485,96,-1.0
132,80,-1.0
22,57,1.0
85,94,-1.0
214,153,-1.0
23,189,-1.0
433,2,1.0
180,108,-1.0
447,161,-1.0
157,207,1.0
386,207,-1.0
30,134,1.0
416,50,-1.0
439,29,-1.0
542,125,-1.0
433,144,1.0
66,209,1.0
39,150,1.0
306,146,-1.0
503,169,-1.0
426,178,-1.0
481,160,-1.0
67,78,-1.0
318,15,1.0
509,130,-1.0
207,70,-1.0
535,39,-1.0
148,10,-1.0
542,59,-1.0
105,70,1.0
155,98,1.0
516,108,1.0
52,171,1.0
56,168,1.0
252,130,-1.0
550,30,1.0
4,98,-1.0
9,38,-1.0
374,16,-1.0
264,50,1.0
409,204,-1.0
517,73,1.0
237,58,-1.0
427,60,1.0
18,120,1.0
105,137,1.0
381,119,-1.0
17,3,-1.0
184,20,-1.0
74,30,1.0
479,88,-1.0
314,98,1.0
345,187,-1.0
298,151,1.0
100,44,-1.0
423,129,-1.0
77,76,1.0
357,114,-1.0
236,124,-1.0
113,34,-1.0
499,188,-1.0
490,148,1.0
280,171,1.0
314,171,1.0
351,170,1.0
412,82,-1.0
241,89,-1.0
310,140,-1.0
388,152,-1.0
253,39,-1.0
318,98,1.0
126,7,-1.0
26,163,1.0
349,187,-1.0
74,209,-1.0
416,39,-1.0
127,159,-1.0
541,173,-1.0
77,99,1.0
395,203,-1.0
54,216,1.0
293,164,-1.0
316,187,1.0
400,189,1.0
70,183,1.0
440,184,-1.0
445,148,1.0
254,66,-1.0
445,180,-1.0
52,132,1.0
286,80,1.0
25,143,1.0
220,75,-1.0
71,84,1.0
105,157,1.0
41,219,1.0
361,49,-1.0
433,182,1.0
376,0,-1.0
328,81,-1.0
246,18,-1.0
391,39,-1.0
337,167,-1.0
73,2,1.0
498,72,-1.0
439,136,-1.0
482,136,-1.0
433,179,1.0
429,63,-1.0
266,140,-1.0
74,77,1.0
352,186,1.0
321,191,-1.0
7,206,-1.0
52,168,-1.0
474,53,-1.0
308,145,1.0
216,214,1.0
345,186,-1.0
362,11,-1.0
460,131,-1.0
148,138,-1.0
271,193,1.0
433,209,1.0
542,13,-1.0
439,30,-1.0
263,143,-1.0
160,60,-1.0
473,198,1.0
542,35,-1.0
163,74,-1.0
355,69,1.0
32,197,1.0
483,129,1.0
211,101,1.0
112,7,-1.0
508,17,1.0
547,67,1.0
63,113,-1.0
398,202,-1.0
82,132,1.0
95,19,-1.0
226,53,1.0
78,62,-1.0
336,70,1.0
122,188,1.0
456,91,-1.0
432,1,1.0
469,138,1.0
113,162,-1.0
256,159,-1.0
456,207,-1.0
159,61,1.0
492,119,-1.0
224,205,-1.0
77,26,1.0
397,141,1.0
152,26,-1.0
433,132,1.0
318,151,1.0
77,77,1.0
11,57,-1.0
529,98,1.0
35,97,1.0
77,158,1.0
98,139,1.0
318,101,1.0
433,30,1.0
175,56,1.0
348,134,-1.0
77,169,1.0
46,109,1.0
377,181,-1.0
233,215,1.0
168,135,-1.0
148,192,-1.0
136,141,-1.0
319,124,1.0
550,68,-1.0
20,107,-1.0
145,182,1.0
459,68,1.0
364,85,-1.0
12,75,1.0
542,179,-1.0
288,206,-1.0
278,12,1.0
99,48,1.0
181,26,1.0
332,154,1.0
388,175,1.0
179,178,-1.0
230,163,-1.0
288,182,-1.0
363,68,1.0
154,178,-1.0
205,94,1.0
526,47,-1.0
144,122,1.0
547,147,-1.0
109,153,1.0
52,118,-1.0
13,8,1.0
439,37,-1.0
460,160,1.0
217,106,-1.0
279,164,-1.0
438,195,-1.0
318,68,1.0
61,133,1.0
154,1,-1.0
455,198,-1.0
412,19,1.0
471,20,1.0
118,14,-1.0
383,209,-1.0
433,77,1.0
130,196,1.0
182,184,-1.0
108,50,-1.0
119,22,1.0
458,213,1.0
77,176,1.0
274,206,1.0
371,61,-1.0
215,107,1.0
32,206,-1.0
421,194,-1.0
542,195,-1.0
433,68,1.0
57,50,-1.0
77,112,1.0
350,40,1.0
123,133,-1.0
199,69,-1.0
210,6,-1.0
414,201,-1.0
314,150,1.0
463,53,-1.0
491,108,-1.0
421,68,1.0
158,114,1.0
148,2,-1.0
287,6,1.0
418,191,-1.0
300,22,-1.0
148,115,-1.0
467,21,-1.0
105,63,1.0
428,64,1.0
459,68,-1.0
265,5,-1.0
51,68,1.0
254,61,-1.0
248,28,1.0
433,101,1.0
111,119,1.0
342,213,-1.0
149,193,1.0
549,101,1.0
488,20,1.0
431,23,-1.0
532,28,-1.0
384,38,-1.0
501,27,1.0
140,154,-1.0
318,218,1.0
16,108,-1.0
318,170,1.0
33,42,1.0
383,30,1.0
416,9,1.0
4,118,1.0
411,190,-1.0
77,113,1.0
80,173,-1.0
166,107,-1.0
403,174,-1.0
52,200,-1.0
322,33,-1.0
173,90,1.0
44,150,1.0
543,37,1.0
125,92,1.0
209,40,1.0
77,111,1.0
53,111,1.0
506,197,1.0
77,157,1.0
405,44,1.0
439,63,-1.0
77,70,1.0
77,83,1.0
545,95,-1.0
116,115,1.0
493,66,-1.0
216,44,-1.0
418,199,-1.0
507,30,-1.0
148,150,-1.0
51,194,-1.0
90,128,-1.0
514,79,-1.0
434,165,-1.0
48,194,-1.0
77,79,1.0
286,207,-1.0
494,24,1.0
43,18,-1.0
276,194,-1.0
117,190,1.0
530,214,1.0
51,161,-1.0
81,195,1.0
383,77,1.0
77,25,1.0
314,48,1.0
468,72,1.0
149,193,-1.0
268,86,-1.0
223,126,1.0
399,0,-1.0
276,161,-1.0
439,64,-1.0
365,178,-1.0
68,14,-1.0
162,138,-1.0
494,166,-1.0
502,48,1.0
267,17,-1.0
116,149,-1.0
450,41,-1.0
77,100,1.0
42,194,-1.0
371,171,1.0
52,48,1.0
433,35,1.0
283,93,-1.0
396,158,-1.0
404,84,1.0
1,45,1.0
259,172,1.0
483,32,-1.0
239,16,-1.0
423,194,1.0
552,33,1.0
485,76,1.0
519,132,1.0
34,13,1.0
69,0,-1.0
327,217,-1.0
197,51,-1.0
475,84,-1.0
77,54,1.0
296,47,-1.0
439,100,-1.0
314,132,1.0
315,204,1.0
288,16,1.0
513,101,1.0
148,98,-1.0
149,105,1.0
309,50,-1.0
200,132,1.0
551,92,-1.0
439,83,-1.0
430,165,1.0
103,54,1.0
109,12,-1.0
528,37,-1.0
148,171,-1.0
447,32,1.0
203,62,1.0
110,122,-1.0
52,73,-1.0
506,149,-1.0
49,150,1.0
89,2,1.0
55,84,-1.0
318,48,1.0
157,103,-1.0
323,118,-1.0
60,140,1.0
338,137,1.0
318,10,1.0
105,29,1.0
148,15,-1.0
283,22,-1.0
240,167,-1.0
439,99,-1.0
290,58,1.0
105,64,1.0
418,177,-1.0
340,155,1.0
165,201,-1.0
245,215,1.0
544,100,1.0
500,81,1.0
197,9,1.0
5,35,1.0
390,161,-1.0
177,42,-1.0
183,181,-1.0
378,148,-1.0
148,126,-1.0
303,2,-1.0
56,48,-1.0
52,42,-1.0
104,183,1.0
353,1,-1.0
496,101,1.0
94,104,1.0
299,127,-1.0
185,217,1.0
148,132,-1.0
448,50,-1.0
238,81,-1.0
439,76,-1.0
149,105,-1.0
539,185,1.0
320,45,-1.0
450,156,1.0
297,110,1.0
413,174,-1.0
134,24,-1.0
148,151,-1.0
483,209,1.0
433,195,1.0
512,91,1.0
344,43,-1.0
21,31,-1.0
314,168,-1.0
201,199,-1.0
317,61,-1.0
478,145,-1.0
121,59,1.0
65,171,1.0
54,40,-1.0
400,186,-1.0
115,178,1.0
93,184,1.0
424,113,1.0
192,71,-1.0
190,193,-1.0
476,88,1.0
218,111,-1.0
282,202,1.0
534,155,-1.0
356,95,-1.0
294,168,-1.0
242,49,1.0
439,26,-1.0
105,99,1.0
77,32,1.0
105,136,1.0
105,26,1.0
47,192,1.0
262,52,1.0
439,77,-1.0
521,106,-1.0
29,71,1.0
314,118,-1.0
466,5,-1.0
441,125,1.0
354,177,1.0
419,173,1.0
204,86,-1.0
439,158,-1.0
522,105,-1.0
105,158,1.0
508,219,-1.0
77,117,1.0
379,45,1.0
439,169,-1.0
326,212,-1.0
433,217,1.0
91,87,-1.0
312,41,-1.0
131,49,-1.0
347,196,-1.0
471,101,-1.0
231,170,-1.0
408,25,-1.0
78,89,1.0
43,10,1.0
233,34,-1.0
14,86,-1.0
148,68,-1.0
464,154,-1.0
518,43,1.0
392,92,-1.0
75,94,-1.0
135,153,-1.0
523,211,-1.0
198,127,1.0
537,47,-1.0
169,29,1.0
137,115,1.0
137,59,-1.0
209,133,-1.0
542,217,-1.0
375,85,-1.0
407,171,1.0
188,123,-1.0
318,192,1.0
420,3,1.0
141,66,-1.0
80,211,1.0
331,45,-1.0
318,134,1.0
59,72,-1.0
250,82,1.0
472,127,-1.0
145,16,-1.0
29,36,-1.0
208,116,1.0
231,164,1.0
439,176,-1.0
480,183,-1.0
102,177,-1.0
318,116,1.0
462,23,1.0
149,153,1.0
439,112,-1.0
453,180,1.0
62,92,-1.0
416,67,1.0
361,135,1.0
335,56,-1.0
360,136,1.0
148,218,-1.0
50,178,-1.0
479,205,1.0
421,161,-1.0
369,11,1.0
339,60,-1.0
525,145,-1.0
484,101,1.0
547,142,-1.0
368,97,-1.0
66,77,-1.0
265,159,1.0
96,114,-1.0
174,3,-1.0
71,219,-1.0
141,4,1.0
265,8,-1.0
531,68,1.0
224,196,-1.0
105,37,1.0
185,135,-1.0
354,208,-1.0
206,15,1.0
326,96,-1.0
318,75,1.0
394,46,-1.0
403,202,-1.0
72,112,-1.0
161,4,-1.0
221,131,1.0
480,66,1.0
488,180,-1.0
439,113,-1.0
350,149,-1.0
105,113,1.0
548,84,1.0
0,98,1.0
303,77,1.0
214,153,1.0
254,167,-1.0
52,36,-1.0
77,29,1.0
367,102,1.0
486,129,-1.0
214,193,1.0
314,200,-1.0
251,191,1.0
8,1,-1.0
274,65,-1.0
291,100,-1.0
370,53,1.0
178,84,-1.0
77,137,1.0
527,147,-1.0
324,166,-1.0
536,107,-1.0
222,7,1.0
19,93,1.0
126,109,-1.0
193,62,1.0
325,80,-1.0
97,47,-1.0
439,70,-1.0
149,153,-1.0
408,95,1.0
374,117,1.0
402,102,-1.0
51,2,1.0
128,71,-1.0
269,155,-1.0
285,87,-1.0
196,151,-1.0
132,67,1.0
301,83,1.0
439,137,-1.0
341,139,-1.0
27,20,-1.0
437,85,-1.0
229,139,-1.0
221,159,1.0
106,146,-1.0
176,197,-1.0
58,73,-1.0
373,197,1.0
197,67,1.0
86,132,1.0
331,13,1.0
194,205,-1.0
417,142,1.0
127,8,1.0
27,180,1.0
3,65,-1.0
87,84,-1.0
348,85,1.0
243,188,-1.0
148,189,-1.0
346,216,-1.0
334,218,1.0
270,71,1.0
187,4,-1.0
538,99,1.0
343,182,1.0
451,185,-1.0
314,73,-1.0
439,111,-1.0
6,179,1.0
284,58,-1.0
251,199,1.0
346,142,-1.0
164,0,-1.0
510,25,1.0
163,147,1.0
439,157,-1.0
436,178,-1.0
210,179,-1.0
340,66,-1.0
214,193,-1.0
310,27,-1.0
289,103,1.0
105,83,1.0
524,92,-1.0
297,175,-1.0
439,79,-1.0
225,21,1.0
148,48,-1.0
439,54,-1.0
258,41,1.0
520,99,-1.0
151,141,-1.0
453,148,-1.0
333,0,-1.0
375,203,-1.0
232,157,1.0
235,208,1.0
422,55,1.0
138,128,-1.0
64,218,-1.0
295,14,-1.0
514,149,1.0
314,42,-1.0
439,25,-1.0
38,191,1.0
242,214,-1.0
486,2,1.0
497,54,-1.0
325,207,1.0
366,210,-1.0
386,28,-1.0
189,64,-1.0
343,117,-1.0
74,129,-1.0
447,194,-1.0
106,9,1.0
234,67,-1.0
113,152,1.0
10,192,-1.0
40,207,-1.0
393,114,-1.0
452,158,1.0
214,105,1.0
277,14,1.0
394,52,-1.0
227,102,-1.0
504,85,-1.0
264,9,-1.0
518,90,-1.0
285,71,1.0
256,131,-1.0
52,98,1.0
77,136,1.0
105,111,1.0
143,208,-1.0
375,210,-1.0
379,13,-1.0
105,100,1.0
399,203,1.0
258,46,-1.0
