0
216,422,452,531,757,1142,1676,1763,1838,1923,2053,2314
1
880,1816
2
1097,2833
2523
2099,2346
2411
208,2953
1772
1178,2658,2688
804,1010
14
795,1945
366,1619
372,2650
22
1107,1140,2321
1407,2361
874,1851
585,1375,1469
1344,1960,1966
81,1093,1450,1509,1813,2365,2957
1631,1660
38
40
43
1125,2666
87,324,761,788,1388,1625,1897,2131,2255,2685,2696
103,194,414,606,1052,1200,1466,2323
50
52
1749,2138
401,1303,1874,2030
772,1682
56
59
410,573,1413,1809,1821,2581
705,2179
356,1140,2321
67
81,1093,1450,1813,1909,2365,2957
73
75
2146,2765
1194,2684
84
85
528,2243
99,2680
92
2815
532,2853
1804,2332
2031,2359
35,1595
97
613,920,1136,1474,1567,2380
99
100
105
107
696
857,1719,2384
110
1841,1871,2162
111
113
223,1827,1853,2045,2921,2927
115
116
216,422,452,497,757,1007,1142,1569,1676,1763,1838,2314,2496
768,1009
1622,2371
1999,2283
125
1016,2061
1588,2310
1830,2914
1323,2157
661,1057
129
130
2078
753,2952
135
1863
564,2635,2922
709,772
300,568
144
505,1178,2658,2688
1876,2503
2300,2768
874,2580,2663
1210,1836
115,132
151
400,423,1230,2799
1915,2654
407,852
1938,2830
158
159
160
13,216,422,452,531,757,1142,1676,1763,1838,1923,2202,2314
783,1980
162
165
166
168
1685,2610
2045,2156
14,469
1361,1883
170
958,1172,2119
477,605,1490,2006
276,1750
179
1131,1655
249,2159
182
762,1145,2269
609,1903
184
176,2890
188
189
81,86,509,1026,1093,1450,1509,1924,2025,2424,2613,2957
171,1827
806,894
1358,2734
890,2702,2715
193
401,1808,1874,2030
137,597
197
520,1854
27,1977,2270
202
1501,1945
241,2478
81,1093,1450,1813,1924,2365,2957
209
210
211
214
482,583,758,787,941,1159,1232,2247,2502,2672
366,1575,2263,2536
218
2414,2501
75,1497
220
2116,2479
225
228
1604,2648,2703
539,2734
88
694,2880
1638,2127
1977,2360
234
231
237
2570,2725
18,95,431,545,1049,1447,2086,2299
682,1018,1038,1420,1649,1857,2016,2028,2062,2092,2277,2357,2474,2486,2603,2935
209,858
48,612,1855
243
246
75,2850
1517,2336
252
772,1995
253
254
255
2311,2673
262
264
265
926,2889
2022
274
10,59
141,296,1260,1633,1727,2228,2579
361,2562
278
279
1100,2056
1031,2930
366,1575,1605,2536
2290,2477
281
1233,1869
210,902,2189
777,924,1168
351,380,603,1377,1504,2402,2542
521,1418
580,1785,2026,2228
1184,2614
600,632,2313,2900
49,151,2047
293
112,565,998,1070
185,473,1224,2541,2647
178,1340
298
902,1935
674,2332
302
303
2366,2916
306
715,2734
1588,2310
947,1767,1801,1987,2130,2306,2406
165,422,452,757,874,1007,1838,2314,2496,2791,2903
311
223,310,1036,1101,1827,1967,1985,2045,2388,2761,2927
312
1004,1333
313
758,2256
320
1221,1434,1556
571,1738,1943,2101,2776,2876
717,2734
325
922,1838
328
544,2134
1878,2415
81,1093,1450,1813,2365,2613,2957
321,384,402,535,664,687,954,1394,1478,1484,1773,1916,1944,1946,2160,2278,2510,2951
464,1861
339
2367,2562
2056,2463
530,1349
995,1309
344
345
2881
233,427
347
348
349
1387,1982
352
353
245,2177
1539
357
2593
362
1808,1874,2030,2955
1166,2304
1521
1244
372
366,655,1575,2536
904
243,2896
379
728,1644
385
740,2721
387
1410,1915
388
524,2448
390
399
540,861,1216,1273,1552,1593,1688
366,1121,1575,2536
2040,2831
407
899,1891
412
413
1597,1672
221
366,1575,2536,2911
1313,2113
588,2945
420
421
422
332,449
91,519,832,1399,1435,2094,2438,2439,2487
307,627,1001,1222,1778,2273,2505,2817
20,1971,2466,2705
1146,2868
2194,2332
432
143,270,1621,2600
2463,2734
437
440
273,376,726,1403,1858,1954,2469,2825,2828
1682,2853
337,1134
670,768,1898,2201
372,2680
451
819,1853,2045,2770,2921,2927
1008,2887
453
618,626,1317,1761,1847,2653
455
2686,2764
458
459
630,2944
463
1309,1899
945,1518
466
467
315,1260,1633,1727,1790,2228,2579
468
211,1845
1422,1807
10,1948
1958,2782
476
476,816
196,1206,2117
480
585,2738,2919
366,1575,2536,2615
484
120,1276,1341
101,1670
916,2225
495
496
215,680
1542,1959
232
559,659
1832,2807
2447,2833
851,2282
511
512
1690,2926
513
728,2268
1640,1735
19,62,1143,2033,2762,2860,2933,2950
2530,2857
521
668,2401
527
528
532
2368,2493
534
656,901,1541,1626
279
933,1746,1808,1874
536
2268,2926
537
575,1151
396
1979,2275
576,1379,2007,2279
189,2451
2475,2926
1220,2332
1423,2168
1097,1568
1406,2194
142,261,397,600,2289
55,436,1489
659,919
839,1557,2492
559
560
562
1562,2387
566
567
1834,2149
570
840,873
427,2497
442,878
579
315,1067,1260,1633,1727,1790,2228,2579
581
2265,2719
457,2734
59,1527
195,522,999,1066,1295,1320,2618
736,1156,2274
299,1116
1440,2914
589
590
763,1965
598
925,1165
594
559,730
393
30,57,322,507,510,549,580,918,949,963,1082,1137,1187,1229,1325,1383,1428,1511,1608,1785,1791,1983,2026,2228,2293,2337,2341,2397,2459,2624,2677,2820,2908
1406,1898
15,1602
610
909,2229
617
75,796,1497
366,1005,1575,2536
900,1601
482,758,787,2502
624
2494,2866
3,1920,2135
1894,2832
310,1036,1101,1827,1967,1985,2045,2388,2761,2770,2927
631
1063,2844
634
1784,2544
91,519,832,1399,1435,2094,2438,2439,2468,2487
647,1305,1332,1733,1918
639
609,1210,1725
81,1026,1093,1450,1813,2365,2957
410,485,888,1708,1817,1821,2581,2620
2260,2785
1034,1603
650
460,1915
1500,2713
803,2401
137,409
41,841,2266
600,1351,2178
657
122,126,474,750,789,996,997,1237,1686,1990,2444,2843,2875,2956
1171,1746
205,366,1575,2536
660
663
665
1748,2928
109,286,643,875,1122,1179,1238,1364,2577,2605,2669,2886
340,2656
2150,2194
677
366,1575,1674,2536
1479,1780,1911,2405
442,1532,2947
684
874,1582,1932,2408
1799,1800
1242,2772
1419,2350
237,753,792,874
216,422,452,604,757,1142,1676,1763,1838,1923,2314,2533
523,2737
1249
694
25,288,1721
696
1958,2447
277,1630,1785,2026,2228
698
1856,1998
701
1028
704
2267,2882
709
37,260,368,411,416,577,683,746,876,971,980,987,1177,1225,1246,1259,1297,1304,1307,1359,1401,1437,1459,2015,2215,2319,2327,2342,2392,2407,2573,2602,2728
711
1958,2268
1614,1928
1658,1958
718
240,952,1315,2522
723
1565,2194
366,951,1575,2536
403,1977
127
1149,2353,2616
730
732
733
75,1935
579
741
742
1291,2606
2186,2303
2427
927,957,1828
749
158,216,422,452,534,757,1142,1676,1838,2038,2389
752
903,1586,1612,2663
97,825,902,2340
757
758
1426
427,1091
1073,2373
1017,1234,2883
1207,1994
798,2332
763
163,1022
644,1852,1859,1922,2399,2519
768
769
1279
742,2837
1519,2548
774
278,768,2555
635,1581,1864
778
1097,1958
1765,2596
751,968,2423,2508
783
877,2161
556,966,1927
2543,2861
790
64,2697
837,2177
164,689,1080,1577
210,1097
2095,2648,2703
256,2075
75,200,796,985,1497
2369,2491
433,1903
2056,2395
803
2083
807
1882,2174,2464
142,261,397,600,1296,2212,2289
703,1157
812
369,2823
813
815
817
591,1292
214,1953,2822,2883
821
860
822
935
500,1027,1033,2049,2152,2288
209,1457
827
134,1357
830
975,1928
832
1480,2490,2585
831
835
1755,2681
119,301,761,1388
837
29,595,636,838,1415,1528,2088,2651
1749,2842
478,1636
843
133,292,499,1271,1400,1502
845
526,553
1648
855
863
219,1269,2919
865
131,1433,2079,2120,2328,2821
874,1820
205,1609
81,1093,1450,1813,2025,2365,2957
950
856,1547,1846,2920
1097,1749
17,74,430,1150,2507,2512
874
877
879
880
881
542,978
421,1475,2248,2528
886
887
1219,2203
930,2080,2106,2714
890
891
1776,2017
630,1189
1043
895
772,2309
899
900
902
563,1875
1463,2368
874,1696,1820,2854
2268,2833
518,2348
914
916
313,467,650,1414
1699,1835,2410,2631
394,2428
514
1350,2518
1550,2412
747,1263,2809
1106
210,539
1585,2644
1358,1755
932
248,319
934
186,289
366,1575,2511,2536
939
216,422,452,497,757,1007,1142,1569,1676,1763,1838,1934,2314,2496
89,450,1970,2777
622,1330
48,612,1184
550,2332
1329,2445
1792,2246,2771
1076
373,1473
1700,2855
779,2734
227,1823,2291
961,2462
258,1356
43,793,1335
2199,2372
142,226,250,397,600,2289,2873
964
376,726,948,956,1666,1954,2469,2825,2828
967
976
1841,2162
1728,2218
625,1067
2257
212
543,1616
1108,2097,2153
736,1156
2734,2954
991
992
799,969,984,1158,1677
1952
539,1176
723,2918
1054,1747
1002
1003
216,422,452,757,1142,1676,1762,1763,1838,2192,2314
237,753,874,1015
1007
486,1135,1548,1873,2230
124,877
1011
216,422,452,757,1007,1142,1676,1752,1763,1838,2314
371,735,1281,1904
309,1653
370,2171,2436
1020
1021
1784,2540
1211,2237
1414,1720,2671
1030
297,2421
216,422,452,757,1142,1254,1676,1763,1838,2192,2314
432,2462
1035
426,1174
1037
911,2568
1942,2657
592,874
48,1392,1855
1042
1043
785,2450
1044
487
2290,2454,2477
1050
1053
1054
187,358,1486
1058
376,2825,2828
1060
836,2698,2883
1169
1062
2155,2232
81,1093,1450,1813,2365,2424,2957
693,1113
1064
1412,2191,2883
210,902,1009
1067
1199,2442
1071
1074
1078
146,417
1084
391,1533,1905,2270,2923
171,1103,1827
1088
482,1294,2502
565,998,1070,2281
743,1997
728,1097
1749,2189
1093
1094
1722,2386
2157,2443
36,45,1178,2658,2688
1095
734,2720
1098
1235,1602
90,314,671,1264,1302,1515,1704,1774,1831,2051,2057,2105,2136,2144,2172,2426,2588,2683
1614,1739
1103
906,977,1029,1090,1516,2722,2925,2959
567,928,2676
1106
427,517
244,1860,2076,2434,2701
1111
1249,1513,1910
1745
1114
1120
1123
139,552,965,2403,2888
1128
1132
4,216,422,452,757,1142,1676,1763,1838,2314
1138
1139
1632,2929
1141
2419,2919
1268,2471
1115,1622
2137,2244
1446,2054,2632
1146
216,422,452,757,1142,1676,1763,1838,1895,2314
1152
872,1443
175,543
1012,1290
313,467,650,906,977,1029,1090,1152,1516,2722,2925,2959
216,422,452,531,757,1142,1676,1763,1838,2053,2314,2322
419,765
71
163,1163
608,2645
897,2601,2907
1166
251,737
385,2509
999,1381,1520,2009,2778
690,2898
1173
1534,1596
13,216,422,452,531,757,1142,1676,1763,1838,1923,2314
1185
1186
2491,2893
1188
1681,2441
316,744
470,2382
1193
1197
804,2897
1201
2706
811,1036,1103,1827,1967,2045,2388,2761,2770,2921,2927
1202
1203
48,114,1036,1967,2388,2761
1204
1471,2019
228,2829
1209
1487,1878
1210
1212
1603,2221
648,1127
1214
81,509,1093,1450,1509,1813,2365,2957
1217
1218
1165,2206
715,2056
209,1739
1223
61,913,1382,1775
1227
266,1414,1720
1228
1627,2089,2280,2749,2775
2181,2454
301,324,761,788,1388,1625,2131,2255,2685,2696
995,1945
1236
1239
1196,2417
81,509,1093,1450,1813,2365,2957
12,169,304
179,659
682,1018,1038,1420,1649,1857,2016,2028,2062,2092,2277,2357,2370,2486,2603,2935
1507,2569
1245
2699,2858
198,2174
753,1041,2808
326,1822
1417,2318
890,1255
752,1110
293,2250
1256
1303,1663,1874,2030
1257
209,1928
157,366,1575,2536
1836,1903
594,1309
483,2596
682,882,1018,1038,1420,1649,1857,2016,2028,2062,2092,2277,2357,2486,2603,2935
1268
1270
1402,1477
1274
1277
1279
265,874
1282
316,1848
938,1491,1678,2133
1287
1286
1288
1291
137,390
1296
565,998,1070,2643
72,1455,2750
1284,1961,2539
836,1698
100,463
1310
855,1471
137,1682
1312
453,1529
44,48,665,1186,1855,1921,2878
1318
1095,2250
1323
599,1387
229,2349,2838
263,333,461,1051,1226,1651,1657
1334
1262,1461
1335
44,48,1186,1855,1921,2774,2878
203,649,1441,1793
1342
1344
2103
438,1117,2216,2819
853,1798
1352
2915
44,48,1623
794,2372
538,1067
1104,1115
666,712,1769
758,787,941,1232,2247,2549,2672
1285
1363
1365
1366
1367
772,2371
967,2021
366,1575,1884,2536
1375
874,1427,2513,2924
2681,2734
2052,2194
1379
1065,2547,2753,2938
1414,1720,2692
944,1667
653,772
1387
580,1471
166,1665
1389
1390
778,2792
39,890,1583,2081,2200
1398
659,2118
1723
1404
96,2954
2201,2768
897,1702,2867,2907
1407
444,759
282,1505
1816,2494
772,1002,1935
290,529,558
1868,2680
845,1243
1105,1152
1418
772,2715
1419
508
1306,2520,2530
132,135
472,1993
1422
1424
1088,2592
1427
565,946,998,1070
738,1683,1718,2731,2894
1436
698,1468
1850,2071
1442
366,1575,2046,2536
48,527,612,1184
1444
386,1327
1448
1450
1451
1454
44,48,525,1186,1855,1921,2878
1456
60,642,844,1968,2709
30,57,322,507,510,549,918,949,963,1082,1137,1187,1229,1325,1383,1428,1511,1608,1785,1791,1983,2026,2228,2293,2337,2341,2397,2459,2624,2677,2820,2908
1463
1465
1532,1870
1468
1036,1103,1600,1827,1967,2045,2388,2761,2770,2921,2927
652,748,871,1124,1253,1265,1314,1525,2039,2100,2140,2242,2249,2287,2352,2460,2575,2649
1472
557,672
1477
46,866,2883
1353,2557
1482
1615,2122,2636
1707,2455,2941
1487
1488
714,2734
960,1037,1067,1975
1495
1588,2310
725,883
466,2830
68,78,459,706,790,1404,1558,1716,1825
864,1368
1505
1506
659,1742
216,422,452,757,1142,1676,1763,1838,2314,2773
1512
1829,2524,2689
142,226,250,397,600,1296,2212,2289,2873
1654
1585,2010
129,2827
1522
1298,1309
1523
1360,1384
1585,2814
1526
1346
1693
67,763
1532
686,1794,2583
327,859,896,1170,2789,2865,2942
1538
435,1353
142,261,397,600,2289
210,902,1739
1545
170,1661
1546
675,1887
1549
1294,1481,2549
1551
235,491
445,454,972,1937,2145,2718,2740
2018,2562
14,1661
2090
236,2201
731,1930
1568
1569
66,973,1322,1805,2226,2457
824,2629
791,1358
1572
1573
1574
933,1808,1874,2955
2790
1576
1578
1579
1582
1545,2043
92,784,1227,2431,2687
366,1575,2536,2881
839,2492
1152,2595
818,846
1590
912,1347,1714
247,441,448,486,582,1135,1278,1311,1326,1493,1548,1873,1889,1931,2230,2641,2746,2797
1592
47,1724,2781
1599
190,240,318,334,809,940,1019,1315,1736,1812,1847,2014,2292,2302,2522
1432,1652,2910
2362,2792
2095,2648,2703
654,2333
23,425
350,2035
338,1380,1610,1671,2129
1622
75,850
161,501
1628
1627
1630
1631
933,1663,1808,1874
9,354,554,907,1370,2231,2937
614,768,2855
923,2084
1639
336,1474,1786,2380
1164
2067,2780
471,2764
1148,2108
609,1210
1190,1324,1533
24,1072,1316,1481,1689,2219,2416,2502,2874
1656
1449
1073,2686
1660
1661
839,2458,2492
69,719,1411,1664
1665
1667
917,1981
2197
1673
1675
1096,2239
481,721,1337,1726,2285,2545
1679
1680
1681
1682
503,2422
167,222,688,770,1118
2752,2764
1691
1425,1795,1892,2055,2717,2794
370,732
1692
26,805,1079,1544,1584,1598,1684,1879,2667
772,1707
147,2064,2211,2913
1697
548,2807
372,672
1698
2625,2710
623,1166,1531
2315
38,1984
1682,2294
271,439,1498
992,2858
1903,2184
1709
2393,2472
1707
343,1602
742,1637
39,890,1583,1783,2200
1712
48,1023,1855
1715
720,2248,2751
1274,2559
313,467,650
1725
1729
1094,2435
1732
1099,1328
81,86,1093,1450,1813,2365,2957
920,1914
291,1160,1743,1969
172,2816
2252,2682
395,682,1018,1038,1420,1649,1857,2016,2028,2062,2092,2277,2357,2486,2603,2935
48,612,1855
173,329
2164,2724
1948,2529
8,729,847,869,981,1376,2123,2245,2420,2546,2741
1747
1749
144,733
1132,2374
1756
1379,2279
1100,2734
890,2715,2870
541
692,2543
1759
607,828,1955,2096
1345,2173
1589,1720
2383,2550
1768
685,2537
1303,1874,2030,2955
59,766
400,423,1230,2799
1777
601,1993
533,1391,1408,1668,1840,1888,2185,2480
693,1910
1784
1663,1808,1874,2030
1818,2684,2849
1788
1036,1103,1827,1967,1985,2045,2388,2761,2770,2921,2927
2456
1796
1379,2386
1798
2744
2125
1806
408,953,2901
898,1047,2041
21,2594
1814
1813
1815
1423,2489
624
51,201
697,2734
619,986
1824
1825
921,2029,2104,2869
1617,2596
1602,2702
97,902,1802,2340
2170,2324
0,1669
31,1611
1832
1834
512,672
465,1421
1838
115,2180
202,874,1015
892,1198,2519
2163,2954
1843
1215,2739
94,502,702,1102,1758,2786
1845
2161,2441
764
826,2805
1849
832
1851
123,2005
310,2597
1856
522,583,681,908,999,1066,1241,1295,1520,2672,2769
2048,2707
1081,2795
659,943
676,1393,1713,1976
1030,2582
2782,2833
1240,1681
1744
890,1483,1893,2870
1878
1881
2339,2521
1234,2355,2883
1470,2756
1881,2695
1701,1759
1204
152,1268
1390,2783
1112,1789,1988,2351
1896
1898
375,744
1903
1906
1907
574,868,1195,1499,1695,1996,2114,2526
522,583,681,900,908,999,1066,1159,1241,1520,2672,2769
602,1508,2261,2391,2892
614,2855
1913
2652
645,942
1865,2334,2948
18,431,552,611,965,1447
389,800,1885,1939
893,1705
1932
2563
1935
374,1243
1936
191,466
2204,2354
1306,2530
1940
1941
1942
1263,2551,2809
593,2157
48,527,612,1184
1948
1949
910,2885
1951
667,2599
462,1181,1561,2143,2525
1956
1957
1960
1514,1753,2115,2788
181,490,1000,1308,1510
1965
1966
708,1075
46,823,2883
922,1153
807,2680
99,2650
2194,2917
791,2681
1540,2207
1978
1977
1979
1980
1223,1299
1981
599,740,2721
388,1494,2176,2258
398,662,2272
638
2043,2418
1989
2268,2734
209,2842
1991
1992
1248,2564
6,2013
658,1319,1372
488,1766,2059
1429,1536
360,2279
782,1032
2592,2730
284,584
23,1444,1618
434,2670,2934
874,1139
2000
2002
422,452,497,572,757,874,1007,1142,1569,1676,1763,1838,1934,2314,2496
1681,1832,2200
216,422,452,604,757,1142,1676,1762,1763,1838,2314
2012,2793
2008
2010
2116,2205
2012
216,422,452,531,757,1142,1566,1676,1763,1838,2314,2322
1977,2300
2018
158,216,422,452,534,757,1676,1803,1838,2389
174,1757
366,1575,2316
2027
961,1703
1962,2711
2031
2036
1872,2779
2043
2044
1245,2400
236,2300
2047
678,1003
504,2224
2050
108,1837
753,2803,2808
801,889,1925,2166,2902
728,2194
2058
923,982
7,238,1213,1266,1300
1641,2126,2132,2958
716,2325
2063
772,1104
2065
2068
1553,2810
2072
832,2413
1844,2504
2077
2082
993,1354
2083
2084
2085
34,713
268,383,1077,1452,2856
2090
810,1303,1874,2030
1973,2332
2102
73,2796
2107
210,833,902
1154,1412,2883
2112
11,1409
1989,2208
547,1006,1087,1587,1613,1842,2024,2798,2826
98,128,659
2116
1191
239,1395,2286,2344
1849,2699
2121
1609,1919
2125
693,970,1910
2128
682,1018,1038,1420,1649,1857,2016,2028,2062,2092,2277,2357,2486,2603,2877,2935
1261,2250
480,1782,2347,2586
2135
488,1766
1710,2157
914,2364
242,516,695,1069,2034,2233,2500,2931
2142
206,498,771,955,2552
1692,2213
2146
1877,1963
2148
506,615,669,983,1247,2766,2936
2234
2151
2154
342
186,355,2614,2927
1107,1140,2321
933,1808,1810,1874
2158
874,1696,2561,2854
990,1880
2161
367,1289,1438,1851,2827
1089,1591
601,2253
2165
475,2734
2168
2169
2654,2859
979,1197
1397,2863
773,2787
863,1448
1903,2691
2176
1964
5,1687
2668
931
1760
586,1765
2187
2188
60,642,1968,2709
466,2019
576,2007
2193
2194
223,1036,1103,1827,1967,1985,2045,2388,2761,2921,2927
171,1103,1827
2197
2087,2404
2198
2199
710,1144
2205
2209
2210
2220,2851
148,1045
2109,2792
2213
2214
489,967
295,1085
1706,2069,2812
585,1183,2919
2225
2227
1203,2312
2232
2235
58,137
44,76,1186,1635,1921,2878
105,177,234,346,756,842,936,1492,1926,2098
682,1018,1038,1420,1649,1857,2016,2028,2062,2092,2139,2277,2357,2486,2603,2935
2241
808,1563,2264
2243
2394,2723
640,781
2248
2461
44,48,1352,1855
2251
2830,2912
1568,1977
2254
1303,1810,1874,2030
153,960,1386,1933
587,620
2259
709,1878
70,1192,1947
599,1214
2109,2409
2266
2267
1048,2764
2425,2478
1445
2275
281,565,998,1070,2281
2280
469,1286
2295
764
1816,2422
771,2552
974,2174,2464
2298
2300
285,1662,2862
1903,2655
2304
77,2222
2305
2473,2734
421,1717
2307
682,1018,1038,1420,1649,1857,2016,2028,2062,2092,2277,2357,2486,2603,2840,2935
216,452,757,832,1142,1676,1763,1838,2038,2314
670,768,2201
210,902,2842
381,427
2141
1097,2734
154,230,959,1603,1972,2430,2727
93,2084
2313
1818,2684
2316
2314
2317
1620,2848
2326
2320
1503,1559
2329
2330
237,559
2332
922,1283
106,2236
2335
2336
2339
269,1903
810,1808,1874,2030
2343
1243,2223
569
2350
794,1323
287,884
199
1746,1808,1874,2030
2356
488,1373
1336
2358
2359
204,1650,2020,2700
2122,2911
158,216,422,452,534,757,1338,1676,1838,2389
2363
2362
2361
2074,2345
2365
546,2338
2174,2464
1293,2414,2919
2276
2368
2845,2926
2371
2372
1543,2070
249,1331
2375
2376
2378
820,2110
2379
1808,1810,1874,2030
2383
155,479,722,1485,1901,2093,2377,2440,2621
42,441,448,456,679,862,1119,1272,1326,1548,1555,1889,2001,2217,2240,2641,2746,2797,2884
786,2441
2388
2389
443,2891
1614,2842
633,849
2398
2401
2404
1658,2833
1508,1668,1888,2446,2480,2892
267,2674
2408
99,672
2413
780,2175,2661
1024,1908,2284,2381
2414
2415
699,884
1021,2596
2422
2063
2429
739
539,1958
1866
2435
2437
2436
1030,1288
121,365,2073,2190,2396,2607,2904
2441
79,294,596,1560,1629,1711,2470
149,1343,1464,1659,2297
621,1476,1917,2433
1130,1405,1430
2940
1841,2162,2565
2449
2451
2452
140,700,1094
424,659
2462
1243,2259
171,1827
1457,1614
870,962
1036,1103,1827,1967,1985,2045,2388,2761,2770,2921,2927
2358,2858
2154,2210
2465
807,2650
1014,2572
646,2764
1086,2764
269,1210
2476
2042,2070
1548
819,1853,1900,2770,2921,2927
1378,2332
48,159,527,612,1184,1245
2485
657,2158
2488
180,1055
104,492,2693
429,2374
659,1950
2494
1129,1903
2495
2493
1752
2498
539,728
156,259,317,776,1348,1770,2003,2262,2675
1439,2587
1062
1371,1564
255,661
1562,2897
236,278
2513
2514
428,1355
2515
2517
137,1682
97,902,2340,2566
1453,1902
758,1232,2147,2247,2549
382
1682,2294
405,1585
2531
2532
86,361,509,1026,1093,1450,1509,1813,1924,2018,2025,2182,2365,2367,2424,2613,2957
2534
2535
32,33,359,392,446,493,641,707,775,1059,1109,1275,1301,1467,1535,1645,1797,1974,2467,2704,2743,2811,2871
196,1206,1362
2536
283,482,758,787,941,1232,2147,2247,2385
1280,2437
994,2898
2540
691,1111
2544
102,1250
2560,2872
136,1030
150,1624,2331,2484,2604
2394,2527
2554
418,797,2481
727,1730
561,637
2558
1471,2183
183,2499
1642
539,2833
2567
275,2918
1646
1416,1602
767,2340
1517,1578
2574
2576
1267,2238
829,1060
98,1422
308
2584
754
2586
2589
704,1424
2590
2591
2592
2595
2596
2598
2606
2608
2609
2612
1097,2091
48,1036,1967,2388,2483,2761
352,2429
2378,2550
2617
2619
2622
1243,1798
2623
2626
2627
239,760,2286,2344
2628
145,447,885,1643,2066,2296,2726,2732,2800
1036,1827,1967,1985,2045,2388,2761,2770,2921,2927
672,807
2634
2637
2639
2640
2642
158,534,2308,2389
2644
2646
330,2553,2834
28,406
1369,2169
305,2032
1067,1155,1228,1764,2690
217,2478
2659
2660
1685,2468
745,2491
1046,1594
833,1749
2662
1496,2864
2665
724,2332
377,2571
2671
1201,1768
902,1009,1749
1462,2806
616,772
366,755,1575,2536
1734,1819
2679
80,659
1751
44,48,1186,1635,1855,1921,2878
2682
853,1798
771,1737,2552
75,200,796,802,985
54,494
1524,1697
2694
2695
1180,1251
2453
2699
551,1309
512,2650
867,1781
2708
573,1133,1460,1809,2037
2712
2713
2715
1210,2655
1334,2535
2716
810,933,1808,1874
193,488,1373
223,1036,1827,1967,1985,2045,2388,2761,2921,2927
2395,2734
2723
2725
2432,2734
2729
2730
2733
278,1977
2735
138,1833
1092,2846
437,2478
213
2744
2745
1592,2747
1068,1890,2633
2748
515,1040,1771,2900
2330,2452
1321,1580,2759
2754
16,1811
2755
709,1754
2757
2758
673,1741
2760
2761
2763
1385,1765
705,1248
874,2827
375,1848
378,1551
2678,2802
2767
768,2555
2011,2745
1739,1749
2774
1571,1634,1929,2847
512,2680
628,1277
2783
2004
2784
395,854,1018,1197,1420,1857,2016,2028,2357,2603,2935
2785
1208,2174
1039,2301
1147,2491
2220,2851
2792
312,2148
2796
1374
1083,1396,1458,1607
2375,2918
1936,2836
129,874
2804
2807
2808
280,2332
220,2559
929,2259
2329,2495
53,902,2491
772,837
2813
2814
2736
2818
2824
1388,2685
82,404,1013,1731,2196,2271,2611,2946
2827
1826,2124
2830
1298,1602
2833
2835
2836
1056,1637
2839
2841
555,1025,1061,2060,2111,2578
915,988,2919
2846
1182,2506
2630
682,1018,1038,1420,1649,1857,1886,2016,2028,2062,2092,2277,2357,2486,2603,2935
2852
2853
2854
364,456,486,679,862,1119,1135,1272,1548,1555,1873,2001,2167,2217,2230,2240,2797,2884
332,1898
2859
401,933,1808,1874
44,48,118,1855,1921,2878
63,705,2939
2858
223,1036,1103,1827,1967,1985,2045,2388,2761,2921,2927
2193
2868
207,1044
83,117,192,257,272,335,363,905,989,1161,1167,1175,1205,1606,2538,2949
1839,2664
2879
2880
146,2929
2882
65,2390,2638
2883
1827,1853,2045,2770,2921,2927
224
1471,1740
902,1647
449,1712
2895
2897
2896
578,1787
2899
2900
567,1126,2676
2905
1779,2195
2906
2909
922,2019
422
341,2332
2914
331,415,629,937,1530
6,1252
2516,2742
2163,2755,2954
2919
170,691,2556
2924
360,1258,1986
2926
2932
2927
848,1339,2023
1431,1867
323,2157,2372
834,1585
651,836,2883
1162
1465,1554
2943
1231,1640
1537,1912
814,1862
206,498,955
2952
1570,1694,2801
856,1547,2920
2174,2482
1303,1746,1874,2030
2957
