1953,586,-1.0
1896,109,1.0
1890,113,1.0
339,116,1.0
1141,388,1.0
533,26,-1.0
1843,788,1.0
1906,844,-1.0
1377,202,1.0
266,185,1.0
1347,801,1.0
915,500,-1.0
166,52,-1.0
57,384,1.0
1388,492,-1.0
299,213,-1.0
1667,180,-1.0
537,312,-1.0
861,1013,-1.0
450,620,-1.0
1935,122,-1.0
716,143,-1.0
104,694,-1.0
347,490,1.0
1543,18,-1.0
716,969,-1.0
1370,66,1.0
1737,354,1.0
1052,502,1.0
347,783,1.0
1930,330,-1.0
884,381,-1.0
28,983,-1.0
716,844,-1.0
1930,281,-1.0
1210,581,-1.0
347,847,1.0
611,934,-1.0
1106,115,1.0
518,76,-1.0
130,27,-1.0
479,60,-1.0
59,574,1.0
1153,713,1.0
961,820,-1.0
347,968,1.0
1831,715,1.0
1240,306,1.0
1115,952,-1.0
989,113,-1.0
357,205,1.0
1177,797,1.0
1707,1006,-1.0
1146,597,1.0
1657,95,-1.0
843,236,-1.0
1491,564,-1.0
996,687,-1.0
952,714,-1.0
578,688,-1.0
501,709,1.0
1358,34,1.0
1678,475,1.0
949,45,-1.0
1109,777,-1.0
1385,1042,1.0
261,755,-1.0
1738,982,-1.0
1893,401,1.0
1158,305,-1.0
716,630,-1.0
1736,798,-1.0
1093,882,-1.0
628,973,1.0
996,560,-1.0
1142,321,-1.0
347,366,1.0
1050,573,1.0
861,1044,-1.0
1192,71,-1.0
1973,489,-1.0
1982,946,1.0
344,91,1.0
171,742,1.0
364,731,-1.0
907,15,1.0
1132,53,-1.0
878,652,-1.0
18,759,1.0
963,1011,1.0
538,370,1.0
2014,999,1.0
896,695,-1.0
742,748,-1.0
941,664,1.0
534,689,-1.0
1833,289,-1.0
116,1032,-1.0
636,793,-1.0
173,328,-1.0
153,856,1.0
997,1015,1.0
347,187,1.0
557,485,-1.0
1488,696,1.0
688,551,-1.0
1698,63,-1.0
475,122,-1.0
740,360,1.0
741,766,1.0
2013,788,1.0
1019,881,-1.0
565,616,-1.0
1475,526,1.0
55,646,-1.0
972,662,1.0
1499,837,-1.0
57,350,1.0
594,376,1.0
459,89,-1.0
701,733,-1.0
435,162,-1.0
313,218,-1.0
1774,811,-1.0
776,123,1.0
1657,204,-1.0
1128,610,1.0
2013,937,-1.0
1698,446,1.0
649,423,-1.0
1229,157,-1.0
905,986,1.0
1593,2,-1.0
1018,588,-1.0
1871,776,1.0
930,378,-1.0
1072,205,-1.0
1654,927,1.0
215,839,-1.0
143,271,1.0
1025,612,1.0
1046,969,1.0
1336,339,-1.0
1923,291,1.0
1112,195,-1.0
1712,676,1.0
1097,453,1.0
1724,569,-1.0
1264,128,1.0
448,460,-1.0
1300,278,1.0
1921,863,-1.0
1455,584,-1.0
337,489,1.0
1241,2,1.0
1240,563,-1.0
1401,637,1.0
1028,465,1.0
347,673,1.0
1162,711,1.0
832,815,1.0
238,177,1.0
910,681,1.0
1350,852,1.0
1411,884,1.0
281,418,-1.0
25,773,1.0
824,248,1.0
1002,961,-1.0
1916,882,1.0
1511,989,1.0
157,607,1.0
792,765,1.0
1965,156,-1.0
347,457,1.0
1968,877,1.0
347,952,1.0
1659,161,-1.0
716,976,-1.0
280,221,1.0
281,788,-1.0
91,472,-1.0
379,446,-1.0
1046,265,-1.0
347,335,1.0
724,957,-1.0
537,133,-1.0
1352,532,-1.0
666,527,1.0
517,468,-1.0
541,282,1.0
1083,23,1.0
1163,885,1.0
1756,478,-1.0
9,685,-1.0
1736,760,-1.0
1934,595,-1.0
1021,650,-1.0
1150,27,-1.0
1518,148,-1.0
450,904,-1.0
1553,86,1.0
1823,624,1.0
1975,205,-1.0
625,825,1.0
1848,336,-1.0
258,342,1.0
1887,906,-1.0
347,848,1.0
219,303,-1.0
327,436,-1.0
161,978,1.0
1008,549,-1.0
1044,1015,-1.0
1190,782,-1.0
847,478,-1.0
277,960,1.0
562,234,1.0
1492,387,-1.0
1034,5,1.0
1795,652,-1.0
830,578,1.0
407,56,1.0
229,144,-1.0
1199,166,1.0
58,408,-1.0
347,82,1.0
602,570,-1.0
847,113,1.0
360,854,-1.0
579,205,-1.0
1217,399,-1.0
1073,733,1.0
985,771,-1.0
1930,931,-1.0
786,112,1.0
1612,381,1.0
214,327,-1.0
1543,738,-1.0
1222,76,1.0
1238,261,-1.0
1001,106,-1.0
574,713,-1.0
716,306,-1.0
1158,565,1.0
667,566,1.0
187,159,1.0
757,585,1.0
1495,1001,-1.0
79,617,-1.0
716,821,-1.0
1881,65,-1.0
1437,360,-1.0
347,376,1.0
1542,415,-1.0
1345,394,-1.0
563,836,1.0
1321,869,1.0
87,890,1.0
842,85,1.0
535,446,-1.0
347,268,1.0
1714,278,-1.0
651,558,-1.0
1939,647,-1.0
1684,232,-1.0
1473,182,1.0
347,468,1.0
235,103,1.0
347,672,1.0
1630,978,1.0
1985,591,-1.0
347,77,1.0
634,158,1.0
568,277,-1.0
1578,152,1.0
1276,286,1.0
502,1010,-1.0
1786,441,-1.0
1118,29,-1.0
950,472,-1.0
1967,175,-1.0
1813,383,1.0
12,762,-1.0
1977,901,-1.0
412,167,1.0
909,230,1.0
1771,547,1.0
10,683,1.0
5,146,1.0
1595,573,1.0
716,107,-1.0
593,471,1.0
1536,190,-1.0
1159,554,-1.0
839,933,-1.0
1816,332,-1.0
652,732,1.0
1832,172,1.0
758,414,1.0
753,739,-1.0
511,827,1.0
1117,38,-1.0
1270,903,-1.0
1692,128,-1.0
347,611,1.0
1122,650,-1.0
1863,703,-1.0
1410,801,-1.0
288,913,1.0
1908,567,-1.0
181,1010,1.0
863,654,-1.0
838,743,1.0
978,870,1.0
467,520,-1.0
1001,14,-1.0
806,426,-1.0
273,448,-1.0
1484,481,1.0
136,205,-1.0
937,748,-1.0
1961,205,-1.0
347,83,1.0
1976,576,1.0
625,699,1.0
1904,1003,1.0
1650,512,1.0
347,796,1.0
716,746,-1.0
778,577,1.0
1075,582,1.0
1801,10,-1.0
874,50,-1.0
818,504,1.0
1003,42,-1.0
424,111,-1.0
1071,303,1.0
347,760,1.0
567,937,-1.0
434,947,1.0
1677,77,-1.0
1260,412,1.0
1652,341,-1.0
1549,89,-1.0
1052,587,1.0
716,43,-1.0
210,449,1.0
803,181,-1.0
861,264,1.0
1065,375,1.0
1568,589,-1.0
1736,806,-1.0
1385,967,1.0
773,352,-1.0
1903,557,1.0
1799,205,-1.0
1191,799,-1.0
1011,177,-1.0
218,239,1.0
102,675,1.0
1538,143,-1.0
1957,1020,1.0
716,499,-1.0
1433,57,-1.0
356,1022,-1.0
347,969,1.0
60,658,1.0
1589,826,1.0
1355,820,1.0
147,829,1.0
251,406,1.0
387,986,-1.0
242,174,-1.0
228,813,1.0
1766,140,1.0
1562,769,1.0
1993,254,-1.0
1158,629,-1.0
380,580,-1.0
16,105,-1.0
301,260,-1.0
1736,701,-1.0
1155,779,-1.0
1243,761,1.0
560,482,1.0
1372,665,1.0
22,749,-1.0
66,843,1.0
788,627,1.0
1986,649,1.0
556,958,1.0
383,169,-1.0
1156,818,-1.0
1431,507,-1.0
716,455,-1.0
63,450,1.0
57,798,1.0
194,137,1.0
1531,836,1.0
1610,882,-1.0
1562,1035,1.0
642,299,1.0
347,309,1.0
1198,778,-1.0
283,74,-1.0
1005,162,1.0
13,344,-1.0
1811,740,1.0
434,784,1.0
869,895,-1.0
647,824,-1.0
340,401,-1.0
1489,257,1.0
1673,885,-1.0
325,637,-1.0
1872,385,1.0
347,406,1.0
784,775,-1.0
658,289,1.0
926,169,1.0
1829,857,-1.0
354,81,1.0
1993,420,1.0
1478,607,1.0
564,794,-1.0
1551,709,-1.0
195,981,1.0
420,660,-1.0
568,631,-1.0
1049,751,1.0
601,10,1.0
1320,658,1.0
94,2,1.0
876,167,-1.0
861,230,-1.0
506,697,1.0
1644,918,-1.0
444,555,-1.0
389,277,1.0
1102,686,1.0
66,460,1.0
618,465,1.0
79,219,-1.0
304,787,-1.0
392,553,-1.0
87,846,-1.0
683,212,-1.0
1031,912,-1.0
1647,739,-1.0
1125,438,-1.0
1315,919,-1.0
1299,1009,-1.0
1614,305,1.0
1653,205,-1.0
1478,733,-1.0
609,702,-1.0
1945,530,-1.0
625,425,1.0
881,320,-1.0
1580,288,1.0
1543,15,-1.0
897,596,-1.0
1688,892,1.0
667,523,-1.0
1307,971,1.0
256,635,1.0
379,585,-1.0
29,536,-1.0
1242,365,-1.0
601,904,-1.0
984,815,-1.0
0,608,1.0
1739,454,-1.0
2013,573,-1.0
1822,205,-1.0
1149,466,-1.0
311,530,1.0
1729,46,-1.0
1074,498,1.0
1686,591,1.0
909,355,-1.0
989,857,-1.0
1930,425,-1.0
489,897,-1.0
1903,542,1.0
920,181,1.0
1352,340,-1.0
1962,402,-1.0
469,472,1.0
893,682,-1.0
623,170,1.0
1434,719,1.0
347,939,1.0
716,144,-1.0
424,415,1.0
716,440,-1.0
896,689,-1.0
716,325,-1.0
625,571,1.0
573,985,-1.0
1392,1000,-1.0
1849,548,1.0
697,901,1.0
134,916,1.0
1211,918,-1.0
1063,117,-1.0
1706,167,1.0
1668,1044,-1.0
237,827,-1.0
1161,935,1.0
896,242,-1.0
1745,836,1.0
379,238,-1.0
1762,801,-1.0
202,36,-1.0
760,682,1.0
1600,747,-1.0
2013,237,-1.0
63,266,-1.0
503,509,-1.0
573,763,-1.0
880,817,1.0
1140,389,1.0
70,1028,1.0
716,25,-1.0
864,753,-1.0
533,554,1.0
1864,601,-1.0
85,842,-1.0
1517,275,1.0
1205,716,-1.0
260,776,1.0
1808,162,1.0
453,253,-1.0
101,418,-1.0
1837,317,1.0
15,824,1.0
57,256,-1.0
537,250,-1.0
1636,846,1.0
1004,919,1.0
71,88,-1.0
50,712,1.0
1239,864,1.0
716,125,-1.0
935,914,-1.0
1039,791,-1.0
544,796,-1.0
625,502,1.0
347,736,1.0
1418,932,-1.0
1999,1,-1.0
1736,545,-1.0
347,613,1.0
835,859,1.0
1265,543,1.0
1757,198,1.0
775,163,1.0
1222,964,-1.0
57,154,-1.0
1628,768,1.0
1728,612,1.0
168,719,-1.0
1131,336,-1.0
1451,365,1.0
1473,736,1.0
1639,821,-1.0
1885,22,1.0
1889,494,-1.0
1352,854,-1.0
1798,366,1.0
1774,122,1.0
1379,1016,1.0
347,813,1.0
1066,921,-1.0
1352,651,-1.0
1930,496,-1.0
716,894,-1.0
1255,503,-1.0
376,205,-1.0
1423,394,1.0
1474,653,1.0
380,629,1.0
625,281,1.0
379,192,-1.0
1995,910,-1.0
158,1032,-1.0
1657,480,-1.0
1268,956,-1.0
1746,678,-1.0
493,726,1.0
775,872,1.0
1037,555,1.0
347,216,1.0
1473,272,1.0
89,667,-1.0
1323,1026,-1.0
998,833,-1.0
1568,754,1.0
846,180,1.0
296,430,-1.0
1352,913,-1.0
1713,819,-1.0
1772,659,1.0
347,240,1.0
1775,787,1.0
347,979,1.0
36,666,-1.0
1385,758,1.0
716,452,-1.0
771,837,1.0
896,261,-1.0
319,865,1.0
71,533,-1.0
861,510,1.0
891,449,-1.0
1930,735,-1.0
1548,81,-1.0
382,894,-1.0
1769,301,-1.0
1334,850,-1.0
1331,240,-1.0
405,182,-1.0
660,657,1.0
1159,836,1.0
640,30,1.0
1994,615,-1.0
296,949,-1.0
573,1038,-1.0
297,540,1.0
380,565,-1.0
543,308,-1.0
1376,205,-1.0
1655,780,-1.0
948,205,-1.0
411,573,1.0
70,466,-1.0
583,802,1.0
725,1016,-1.0
309,528,1.0
575,78,-1.0
200,205,-1.0
625,875,1.0
1178,994,1.0
2002,772,-1.0
1773,946,1.0
1429,553,1.0
1897,677,-1.0
1322,766,1.0
748,775,-1.0
1319,840,-1.0
716,72,-1.0
716,663,-1.0
716,690,-1.0
1052,699,1.0
1249,7,1.0
1580,462,-1.0
1526,276,-1.0
708,458,-1.0
785,492,1.0
1997,409,1.0
1151,209,-1.0
1985,609,1.0
15,903,-1.0
1402,359,-1.0
1183,47,1.0
1788,964,1.0
1604,171,-1.0
1045,555,1.0
1940,789,1.0
1235,450,-1.0
1736,356,-1.0
1607,203,-1.0
140,549,1.0
1121,620,-1.0
347,477,1.0
716,930,-1.0
859,504,-1.0
1041,434,1.0
886,32,1.0
347,384,1.0
1518,608,-1.0
1736,393,-1.0
1793,936,-1.0
1815,198,1.0
831,650,1.0
1601,797,1.0
547,9,1.0
1957,604,1.0
187,636,-1.0
347,43,1.0
588,538,1.0
612,900,-1.0
255,419,1.0
78,389,-1.0
477,995,1.0
669,836,1.0
1223,1014,-1.0
1355,437,-1.0
1911,923,-1.0
1436,955,-1.0
70,343,1.0
1819,357,1.0
529,481,-1.0
907,674,-1.0
193,598,-1.0
735,928,1.0
347,701,1.0
1642,41,-1.0
761,232,1.0
1944,233,1.0
1385,585,1.0
1439,839,1.0
1749,1044,1.0
2013,531,-1.0
869,165,-1.0
716,104,-1.0
1291,641,1.0
68,648,-1.0
1657,266,-1.0
120,643,-1.0
954,460,1.0
542,185,1.0
716,619,-1.0
167,987,-1.0
128,511,-1.0
522,910,-1.0
1928,573,1.0
1204,121,-1.0
1400,123,-1.0
347,455,1.0
1397,708,-1.0
1953,174,-1.0
1477,44,1.0
1283,320,1.0
1584,297,-1.0
1130,390,1.0
20,0,-1.0
1361,150,1.0
1477,5,-1.0
295,469,1.0
152,767,-1.0
1229,1034,-1.0
629,63,1.0
1118,536,-1.0
1883,18,1.0
421,949,1.0
191,822,1.0
927,1004,-1.0
1011,339,1.0
773,753,-1.0
2013,991,-1.0
773,800,-1.0
204,292,-1.0
1732,201,1.0
1063,338,-1.0
1052,31,1.0
638,85,-1.0
1687,157,-1.0
347,493,1.0
643,775,1.0
146,151,1.0
716,581,-1.0
1945,2,1.0
805,876,-1.0
1486,400,-1.0
1891,1040,-1.0
2013,6,1.0
1906,832,1.0
57,273,1.0
848,547,-1.0
573,574,-1.0
1551,722,1.0
1614,1041,-1.0
625,878,1.0
1731,258,-1.0
716,671,-1.0
762,711,-1.0
607,969,-1.0
1637,62,-1.0
716,765,-1.0
158,1022,-1.0
1588,514,1.0
1666,59,1.0
194,611,-1.0
1523,372,-1.0
347,416,1.0
1920,449,1.0
1406,906,-1.0
284,686,-1.0
1208,19,1.0
1978,930,1.0
1969,1040,1.0
1329,1011,-1.0
826,764,-1.0
916,173,-1.0
537,699,-1.0
362,36,-1.0
868,316,-1.0
996,703,-1.0
1994,227,-1.0
716,708,-1.0
1106,136,1.0
796,404,-1.0
2010,611,1.0
530,831,1.0
1582,889,-1.0
1229,805,-1.0
1373,18,-1.0
1519,223,1.0
862,407,1.0
1236,416,1.0
648,593,1.0
1425,934,-1.0
1972,908,1.0
614,300,-1.0
197,98,1.0
1431,84,1.0
914,1037,-1.0
295,826,-1.0
716,273,-1.0
716,916,-1.0
872,37,1.0
479,322,-1.0
1231,743,-1.0
708,352,-1.0
687,41,1.0
22,475,1.0
1414,789,-1.0
1930,75,-1.0
1289,914,-1.0
716,303,-1.0
381,836,1.0
1552,65,-1.0
1669,81,-1.0
1121,487,-1.0
1481,772,-1.0
573,998,-1.0
1263,1011,-1.0
1352,614,-1.0
58,444,-1.0
394,348,-1.0
1402,614,1.0
164,723,1.0
1000,461,1.0
236,988,1.0
1135,216,-1.0
1131,1007,1.0
1954,338,1.0
789,974,-1.0
661,991,-1.0
1051,48,-1.0
1322,162,1.0
901,289,-1.0
1008,640,1.0
572,200,-1.0
1227,20,1.0
103,11,-1.0
504,985,1.0
30,835,-1.0
57,760,1.0
717,550,-1.0
240,557,1.0
716,593,-1.0
1953,563,-1.0
1338,805,1.0
1783,810,1.0
716,950,-1.0
35,170,1.0
1524,594,-1.0
437,618,1.0
440,759,-1.0
2020,547,1.0
347,125,1.0
425,570,-1.0
773,874,-1.0
1234,769,-1.0
347,980,1.0
1084,418,1.0
232,242,-1.0
1930,587,-1.0
492,946,1.0
455,1011,1.0
1691,403,1.0
2013,558,-1.0
798,377,-1.0
1543,305,-1.0
1512,696,-1.0
591,719,-1.0
889,540,-1.0
1515,286,1.0
1901,703,1.0
1956,1026,-1.0
953,214,-1.0
668,802,-1.0
911,121,1.0
1052,907,1.0
329,166,1.0
885,368,1.0
1362,448,1.0
1086,574,-1.0
600,581,1.0
83,785,1.0
691,684,1.0
1605,77,1.0
1657,202,-1.0
291,527,1.0
933,753,1.0
964,145,-1.0
320,493,-1.0
716,326,-1.0
716,384,-1.0
347,403,1.0
56,542,-1.0
135,61,-1.0
56,80,-1.0
328,505,-1.0
807,69,-1.0
1613,819,1.0
1311,345,1.0
2001,750,1.0
947,597,1.0
1827,465,-1.0
423,231,1.0
716,358,-1.0
981,626,1.0
70,700,-1.0
1813,174,-1.0
716,549,-1.0
537,75,-1.0
1473,57,1.0
792,754,-1.0
1739,838,-1.0
1253,856,-1.0
400,1040,-1.0
350,927,-1.0
222,577,1.0
1491,817,-1.0
716,941,-1.0
1576,376,-1.0
1861,57,-1.0
212,336,-1.0
1830,856,-1.0
190,994,1.0
338,295,-1.0
162,29,1.0
1866,644,1.0
180,214,-1.0
1771,772,1.0
347,873,1.0
347,1002,1.0
1931,817,1.0
1420,648,1.0
893,512,1.0
1885,633,-1.0
1349,747,1.0
1966,205,-1.0
458,283,1.0
1415,85,1.0
1352,519,-1.0
956,851,-1.0
1210,1043,1.0
632,100,1.0
442,515,1.0
1487,463,-1.0
1161,895,-1.0
1385,290,1.0
1736,187,-1.0
1582,1017,-1.0
1809,1021,1.0
1081,729,-1.0
2012,364,1.0
1848,749,-1.0
1689,276,-1.0
186,244,1.0
1610,814,-1.0
764,921,-1.0
781,254,-1.0
149,538,-1.0
865,939,1.0
464,307,-1.0
1295,652,1.0
1968,835,-1.0
729,438,1.0
450,4,1.0
1980,280,-1.0
269,731,-1.0
57,964,-1.0
1266,1002,1.0
1408,959,-1.0
674,154,-1.0
1686,336,-1.0
716,364,-1.0
141,276,1.0
1095,424,1.0
705,786,1.0
1844,97,-1.0
597,171,-1.0
2006,1036,-1.0
347,310,1.0
1591,464,-1.0
1876,826,-1.0
514,21,1.0
93,951,-1.0
1642,256,-1.0
924,851,1.0
35,944,-1.0
57,393,1.0
2019,773,-1.0
1736,673,-1.0
730,371,-1.0
242,741,1.0
1053,562,1.0
347,930,1.0
1102,669,-1.0
1661,612,1.0
537,496,-1.0
561,593,-1.0
1960,905,-1.0
654,335,1.0
1297,349,1.0
1327,13,-1.0
1373,361,1.0
299,724,1.0
540,881,1.0
139,637,-1.0
888,65,-1.0
1237,114,-1.0
57,473,-1.0
1224,179,-1.0
1184,471,-1.0
57,806,1.0
1229,638,1.0
1174,678,1.0
347,899,1.0
262,72,-1.0
141,478,-1.0
1751,915,-1.0
1983,537,1.0
363,95,-1.0
716,756,-1.0
189,799,-1.0
716,791,-1.0
1466,834,-1.0
1493,38,1.0
1151,132,1.0
1116,996,-1.0
1276,346,-1.0
1187,311,-1.0
1951,1030,1.0
644,627,-1.0
1912,633,1.0
1616,461,-1.0
1820,947,1.0
716,64,-1.0
141,113,1.0
1903,1044,1.0
1501,362,1.0
165,245,-1.0
1250,453,1.0
1434,510,1.0
1983,17,-1.0
406,724,-1.0
78,1029,1.0
62,644,1.0
640,517,1.0
1716,600,-1.0
1650,682,-1.0
834,210,1.0
347,619,1.0
1445,957,-1.0
1884,417,-1.0
1318,981,-1.0
896,226,-1.0
63,262,-1.0
56,1013,1.0
479,6,1.0
2018,112,1.0
1856,33,-1.0
1813,563,-1.0
1316,615,1.0
108,124,1.0
1339,27,1.0
960,241,-1.0
114,592,1.0
773,572,-1.0
1712,42,1.0
716,840,-1.0
1308,588,1.0
1123,877,-1.0
1461,988,-1.0
1582,544,-1.0
1048,570,1.0
630,731,1.0
758,675,1.0
1741,251,-1.0
347,634,1.0
979,716,1.0
716,181,-1.0
782,566,-1.0
363,867,1.0
1052,893,1.0
1281,605,-1.0
994,652,-1.0
38,101,-1.0
733,63,-1.0
1052,878,1.0
675,976,1.0
1432,191,-1.0
940,245,-1.0
209,284,1.0
1606,410,-1.0
1657,917,-1.0
917,398,1.0
1638,795,-1.0
1342,534,1.0
947,435,-1.0
732,813,-1.0
1648,960,-1.0
898,776,-1.0
1569,89,1.0
1625,892,-1.0
1776,175,-1.0
310,463,-1.0
347,671,1.0
546,343,1.0
944,1036,1.0
1405,318,1.0
1579,552,-1.0
1540,494,1.0
1474,704,-1.0
1771,541,-1.0
1631,3,1.0
213,185,1.0
591,1028,-1.0
1736,920,-1.0
24,590,1.0
1785,164,1.0
2013,386,-1.0
1648,831,-1.0
1659,845,1.0
7,402,-1.0
896,855,-1.0
868,858,1.0
1156,543,-1.0
1427,557,-1.0
581,906,-1.0
451,154,-1.0
1879,32,-1.0
1970,58,-1.0
1555,203,-1.0
1328,68,1.0
1663,696,1.0
1642,473,-1.0
691,117,1.0
223,564,1.0
487,223,-1.0
267,274,-1.0
809,491,-1.0
716,485,-1.0
1494,5,-1.0
41,178,-1.0
1942,535,-1.0
716,596,-1.0
716,228,-1.0
1449,2,-1.0
1863,204,-1.0
1873,346,-1.0
625,735,1.0
1439,527,1.0
938,388,-1.0
829,966,1.0
1418,649,-1.0
777,600,-1.0
716,436,-1.0
1586,781,-1.0
322,522,1.0
642,367,-1.0
76,211,1.0
531,764,1.0
952,927,-1.0
861,1020,-1.0
1649,608,-1.0
1303,442,1.0
1883,113,1.0
1701,782,1.0
1778,812,1.0
281,6,-1.0
341,908,-1.0
606,171,1.0
707,530,-1.0
474,811,1.0
1139,937,1.0
1884,270,1.0
126,440,1.0
1587,294,1.0
360,310,1.0
1483,550,-1.0
1666,582,-1.0
892,237,1.0
1651,1000,-1.0
1341,355,-1.0
347,35,1.0
559,954,-1.0
1432,1040,-1.0
1352,974,-1.0
1061,9,-1.0
1256,634,1.0
1838,463,1.0
1426,971,-1.0
379,697,-1.0
1013,265,-1.0
1062,866,-1.0
402,213,1.0
573,864,-1.0
1677,539,1.0
1657,984,-1.0
345,151,-1.0
716,579,-1.0
1728,819,-1.0
884,1023,-1.0
1108,114,1.0
716,853,-1.0
263,546,-1.0
833,476,-1.0
1474,737,1.0
1101,594,1.0
1521,984,1.0
1711,592,-1.0
866,990,-1.0
1498,1025,-1.0
636,330,-1.0
1660,254,1.0
1134,244,-1.0
190,788,-1.0
716,578,-1.0
914,492,1.0
1857,705,1.0
1470,110,-1.0
71,808,-1.0
699,639,1.0
111,689,1.0
653,628,1.0
79,341,1.0
724,908,1.0
537,878,-1.0
716,646,-1.0
87,87,-1.0
1813,548,-1.0
347,328,1.0
305,394,-1.0
1574,656,-1.0
1610,378,-1.0
857,716,-1.0
1226,441,1.0
379,559,-1.0
1084,788,1.0
1021,158,-1.0
836,209,1.0
468,302,1.0
1816,770,1.0
1187,748,1.0
1381,173,1.0
1628,367,-1.0
1632,283,-1.0
1645,488,1.0
1173,953,1.0
1519,126,-1.0
1823,774,-1.0
188,442,-1.0
1364,536,1.0
589,982,1.0
1307,1024,-1.0
1943,147,1.0
141,18,1.0
142,625,-1.0
323,659,-1.0
347,196,1.0
1791,556,1.0
1063,684,-1.0
1038,50,-1.0
1229,12,-1.0
1922,522,-1.0
1404,999,-1.0
2006,883,-1.0
1720,519,1.0
1,392,-1.0
1035,707,-1.0
573,23,-1.0
716,149,-1.0
1947,177,-1.0
247,398,1.0
555,695,-1.0
716,798,-1.0
1207,845,-1.0
57,187,1.0
2014,599,-1.0
1663,357,-1.0
962,962,-1.0
1831,192,-1.0
1538,174,1.0
275,458,1.0
49,1010,1.0
1110,70,-1.0
343,458,-1.0
568,504,1.0
53,915,-1.0
1049,1007,-1.0
67,249,-1.0
1209,385,1.0
1148,978,1.0
1060,67,-1.0
513,4,-1.0
30,552,1.0
625,312,1.0
1026,585,-1.0
1640,179,-1.0
1771,990,-1.0
1052,250,1.0
347,867,1.0
1780,797,-1.0
34,11,1.0
1702,573,1.0
620,647,-1.0
1585,127,1.0
1434,897,1.0
716,366,-1.0
1903,145,1.0
178,528,1.0
1543,843,-1.0
1259,889,1.0
1771,676,1.0
1812,783,1.0
145,771,-1.0
347,633,1.0
821,328,1.0
537,587,-1.0
612,33,-1.0
1388,823,1.0
347,364,1.0
875,922,1.0
1520,488,-1.0
455,62,-1.0
1629,439,1.0
795,462,1.0
676,736,1.0
1786,978,1.0
716,664,-1.0
977,503,-1.0
681,512,-1.0
1899,176,-1.0
546,700,-1.0
26,270,1.0
347,925,1.0
716,187,-1.0
1713,679,-1.0
1487,422,1.0
1708,730,1.0
129,194,-1.0
1351,112,-1.0
770,147,-1.0
1332,97,-1.0
2013,243,1.0
1129,119,1.0
279,418,1.0
1758,795,-1.0
253,896,1.0
347,319,1.0
820,912,1.0
1485,777,1.0
885,217,-1.0
1763,898,-1.0
1247,265,1.0
1881,1016,-1.0
1503,755,-1.0
2013,556,-1.0
1247,229,-1.0
298,966,1.0
883,935,-1.0
347,632,1.0
930,882,-1.0
1755,929,-1.0
844,589,1.0
347,756,1.0
1655,768,-1.0
1366,802,-1.0
1389,601,1.0
805,485,1.0
1744,966,-1.0
1551,106,-1.0
625,841,1.0
401,862,-1.0
625,75,1.0
1075,776,1.0
1460,870,-1.0
1359,1031,-1.0
1817,227,-1.0
1825,79,1.0
1646,293,-1.0
1326,1032,1.0
1301,134,-1.0
623,741,1.0
1197,330,1.0
1092,406,-1.0
880,564,1.0
2019,717,-1.0
57,341,1.0
1493,64,-1.0
1952,139,1.0
1525,855,-1.0
1240,383,1.0
527,498,1.0
490,2,-1.0
1599,529,-1.0
384,357,-1.0
819,215,-1.0
706,534,-1.0
1800,194,1.0
1408,888,1.0
1158,8,1.0
896,336,-1.0
2013,604,1.0
1128,470,-1.0
974,908,1.0
1930,825,-1.0
949,93,1.0
1367,879,1.0
1802,603,-1.0
403,381,-1.0
551,408,1.0
716,929,-1.0
1064,239,-1.0
719,220,1.0
2008,319,-1.0
1091,557,-1.0
716,952,-1.0
976,966,-1.0
1146,820,1.0
1458,49,1.0
1213,498,-1.0
497,81,-1.0
211,689,-1.0
6,627,-1.0
1684,249,1.0
1252,632,1.0
52,237,1.0
347,821,1.0
1807,607,1.0
772,840,1.0
501,872,-1.0
171,512,-1.0
1388,339,1.0
1692,515,-1.0
361,186,1.0
1194,422,-1.0
625,587,1.0
1385,697,1.0
1188,681,-1.0
213,1012,1.0
1480,153,-1.0
1005,264,-1.0
332,879,1.0
1930,907,-1.0
347,114,1.0
1088,838,1.0
1380,364,-1.0
896,608,1.0
208,14,-1.0
1057,26,1.0
462,809,1.0
1858,516,1.0
1413,583,1.0
1100,1039,1.0
1347,841,-1.0
1152,444,1.0
163,904,1.0
1282,131,1.0
1011,755,-1.0
591,510,-1.0
1015,459,-1.0
818,531,1.0
623,769,1.0
639,815,-1.0
1881,691,-1.0
1663,404,-1.0
98,298,-1.0
79,387,-1.0
751,910,1.0
1991,624,-1.0
832,605,-1.0
1447,895,1.0
1107,42,1.0
347,258,1.0
347,945,1.0
434,460,1.0
1325,683,-1.0
110,922,-1.0
627,379,-1.0
1936,155,1.0
625,133,1.0
623,1035,1.0
810,32,-1.0
904,644,1.0
1342,172,-1.0
47,836,1.0
167,311,1.0
33,925,-1.0
712,1018,-1.0
1931,314,1.0
1010,483,1.0
1703,660,1.0
537,396,-1.0
472,116,1.0
749,479,1.0
1267,1008,-1.0
282,119,-1.0
762,920,-1.0
1314,529,1.0
707,2,1.0
2013,344,-1.0
347,485,1.0
461,164,-1.0
82,319,1.0
1670,866,-1.0
1080,965,1.0
1562,741,1.0
1170,251,1.0
1081,73,-1.0
208,298,1.0
1142,416,-1.0
738,475,1.0
427,1019,-1.0
716,790,-1.0
473,725,1.0
1385,983,1.0
861,604,-1.0
1675,128,1.0
332,464,1.0
811,814,-1.0
399,596,1.0
847,857,1.0
1964,762,-1.0
1459,106,1.0
1556,58,-1.0
298,348,-1.0
347,746,1.0
1753,902,1.0
138,176,-1.0
710,155,-1.0
527,435,1.0
2013,184,1.0
730,710,1.0
347,11,1.0
1543,714,-1.0
379,140,-1.0
561,970,1.0
1473,942,1.0
1112,919,-1.0
782,105,1.0
1145,311,1.0
413,1022,1.0
1232,382,1.0
80,972,1.0
716,730,-1.0
716,747,-1.0
1029,784,1.0
1382,193,1.0
899,1009,1.0
331,166,-1.0
1176,199,-1.0
422,184,-1.0
2020,772,1.0
711,159,-1.0
1834,818,1.0
616,909,-1.0
861,145,1.0
1930,699,-1.0
1689,971,-1.0
347,499,1.0
1011,677,-1.0
1290,127,-1.0
633,317,-1.0
1333,540,1.0
758,872,1.0
1287,483,-1.0
1276,258,1.0
515,294,-1.0
1310,946,1.0
2013,186,-1.0
1894,752,-1.0
1625,55,1.0
939,208,1.0
347,853,1.0
1014,157,1.0
1096,903,1.0
347,143,1.0
867,405,-1.0
1091,542,-1.0
1813,265,-1.0
1232,287,1.0
716,96,-1.0
1956,1025,-1.0
963,62,-1.0
137,738,-1.0
1434,1028,1.0
1804,259,1.0
1185,145,1.0
1835,334,1.0
347,844,1.0
0,458,1.0
716,1019,-1.0
438,161,1.0
1286,315,1.0
476,476,1.0
347,578,1.0
179,569,1.0
716,395,-1.0
1353,400,-1.0
1738,818,1.0
1828,503,1.0
1742,91,-1.0
260,102,-1.0
910,459,-1.0
2012,335,-1.0
45,926,-1.0
29,279,-1.0
284,891,-1.0
1385,238,1.0
596,912,-1.0
1151,135,-1.0
269,522,-1.0
347,646,1.0
1750,763,-1.0
955,996,-1.0
1388,49,-1.0
519,73,-1.0
1790,823,1.0
1115,154,1.0
1550,639,-1.0
716,332,-1.0
1465,909,-1.0
679,1024,-1.0
2013,292,-1.0
1942,921,1.0
1852,680,-1.0
159,473,-1.0
347,630,1.0
1553,887,-1.0
747,745,1.0
1777,455,1.0
891,690,1.0
1463,642,1.0
998,573,1.0
509,229,1.0
481,149,1.0
1100,169,-1.0
629,482,-1.0
748,274,-1.0
1062,24,-1.0
684,188,-1.0
908,20,-1.0
815,238,-1.0
1424,196,1.0
1562,170,1.0
961,597,-1.0
696,598,1.0
1610,36,-1.0
1482,944,1.0
320,107,1.0
858,204,1.0
1428,886,1.0
1502,420,-1.0
66,147,1.0
203,467,-1.0
1229,761,-1.0
739,240,1.0
1930,893,-1.0
1091,453,-1.0
1391,567,-1.0
532,1000,1.0
624,256,-1.0
599,973,-1.0
1727,470,1.0
1517,270,-1.0
509,490,-1.0
1665,13,1.0
1875,283,-1.0
106,486,-1.0
501,675,-1.0
347,259,1.0
1002,105,-1.0
1069,304,-1.0
840,386,1.0
388,499,-1.0
333,56,-1.0
1344,298,1.0
1385,192,1.0
1539,299,-1.0
856,363,1.0
1193,911,-1.0
1308,576,-1.0
970,704,1.0
1438,203,1.0
680,655,1.0
854,1030,-1.0
1759,784,-1.0
716,350,-1.0
170,290,-1.0
1911,285,-1.0
1843,994,-1.0
1366,749,1.0
716,953,-1.0
264,399,1.0
242,268,1.0
292,934,1.0
75,120,1.0
716,924,-1.0
192,652,-1.0
716,505,-1.0
507,56,1.0
801,451,-1.0
1792,559,-1.0
744,623,1.0
347,25,1.0
1602,814,1.0
415,426,1.0
1967,876,-1.0
662,899,-1.0
347,976,1.0
705,8,-1.0
1508,501,1.0
584,777,-1.0
1718,551,1.0
1043,666,-1.0
850,986,-1.0
581,337,1.0
862,730,-1.0
1387,318,-1.0
1467,430,-1.0
1534,590,-1.0
1810,651,1.0
1056,697,-1.0
995,292,1.0
483,784,1.0
1787,344,1.0
716,804,-1.0
689,556,1.0
435,230,-1.0
295,183,-1.0
1169,849,1.0
591,897,-1.0
1938,739,-1.0
1227,410,-1.0
1956,728,1.0
1159,263,-1.0
1854,972,-1.0
1599,315,-1.0
1397,313,1.0
221,884,-1.0
1543,305,1.0
1024,828,1.0
895,705,-1.0
792,440,1.0
882,413,1.0
1013,563,-1.0
763,269,-1.0
1230,525,-1.0
1013,979,-1.0
1731,410,1.0
931,26,-1.0
56,184,1.0
387,212,1.0
905,607,-1.0
0,352,1.0
1012,501,1.0
1624,646,1.0
2013,923,1.0
716,939,-1.0
1946,452,1.0
873,668,-1.0
1082,128,1.0
957,442,-1.0
1378,206,-1.0
91,874,-1.0
2013,112,1.0
1703,369,-1.0
1945,918,-1.0
1398,336,-1.0
931,70,1.0
1930,502,-1.0
1577,169,1.0
1012,323,-1.0
467,336,-1.0
1697,310,-1.0
1903,453,1.0
1657,424,-1.0
280,275,-1.0
1268,367,1.0
1091,1044,-1.0
1907,630,1.0
48,57,-1.0
2013,982,-1.0
662,432,1.0
1197,793,1.0
529,687,-1.0
625,330,1.0
1160,757,1.0
270,197,1.0
347,306,1.0
1250,604,-1.0
1243,619,-1.0
66,394,-1.0
199,767,1.0
892,1021,-1.0
1430,129,1.0
1443,1018,-1.0
799,778,1.0
1683,792,-1.0
1357,429,1.0
1285,1011,1.0
148,513,-1.0
463,837,-1.0
350,954,1.0
693,208,1.0
141,246,-1.0
126,118,1.0
1974,324,1.0
512,32,-1.0
6,839,1.0
2013,644,-1.0
1658,718,-1.0
15,415,-1.0
14,1008,1.0
1922,948,-1.0
1158,786,-1.0
690,559,1.0
563,728,-1.0
929,196,-1.0
851,175,1.0
692,116,-1.0
726,155,-1.0
268,720,1.0
861,298,1.0
962,1039,-1.0
892,386,1.0
1392,200,1.0
239,167,-1.0
1293,296,-1.0
1841,656,1.0
245,739,-1.0
1739,109,-1.0
240,60,-1.0
1023,349,-1.0
1502,201,-1.0
1710,626,-1.0
716,669,-1.0
352,757,-1.0
252,962,-1.0
1242,974,1.0
1558,832,-1.0
646,520,1.0
379,834,-1.0
1466,1042,-1.0
1900,486,1.0
800,573,1.0
234,28,-1.0
1106,90,-1.0
347,107,1.0
1657,456,-1.0
276,556,1.0
1254,385,-1.0
1543,102,-1.0
663,530,-1.0
625,250,1.0
774,271,-1.0
398,869,-1.0
1394,987,1.0
970,737,-1.0
716,216,-1.0
559,295,1.0
1228,227,1.0
1888,774,1.0
1042,451,1.0
374,93,-1.0
1928,132,-1.0
983,510,-1.0
718,623,-1.0
870,59,-1.0
732,808,1.0
728,779,-1.0
318,989,-1.0
716,146,-1.0
1744,405,1.0
1182,607,1.0
374,14,1.0
670,702,1.0
980,400,1.0
1435,369,1.0
347,730,1.0
347,747,1.0
485,733,-1.0
1461,842,1.0
176,511,-1.0
385,377,1.0
1690,811,1.0
1862,464,1.0
1284,946,1.0
1880,938,-1.0
604,573,1.0
1528,694,-1.0
401,207,1.0
1132,247,1.0
791,128,1.0
1761,325,1.0
1937,898,-1.0
1643,782,-1.0
1033,967,-1.0
537,907,-1.0
1657,583,-1.0
1027,898,1.0
716,356,-1.0
861,690,1.0
591,4,-1.0
1915,40,-1.0
1453,553,-1.0
431,1031,-1.0
1219,69,1.0
1075,15,1.0
57,701,1.0
1160,137,-1.0
973,610,-1.0
716,393,-1.0
2020,990,-1.0
1272,993,1.0
409,745,-1.0
1427,60,1.0
1384,64,1.0
334,79,-1.0
500,271,-1.0
1609,62,-1.0
1728,197,1.0
501,427,-1.0
983,499,1.0
709,848,-1.0
1330,195,1.0
553,301,-1.0
2020,676,1.0
1680,865,-1.0
305,289,-1.0
1748,471,-1.0
1827,168,1.0
217,199,-1.0
716,121,-1.0
1013,548,-1.0
1510,823,-1.0
450,10,1.0
1648,382,-1.0
1298,434,-1.0
1385,446,1.0
821,586,-1.0
1929,698,1.0
716,806,-1.0
1084,6,1.0
1561,666,1.0
656,140,1.0
1052,281,1.0
1883,246,-1.0
602,854,1.0
1644,530,-1.0
975,142,1.0
1611,263,1.0
115,821,1.0
366,391,1.0
996,316,-1.0
1097,333,-1.0
57,193,-1.0
2013,1021,-1.0
1198,262,1.0
100,658,1.0
379,1042,-1.0
1275,1025,1.0
1760,892,1.0
1446,658,-1.0
87,819,-1.0
919,139,1.0
1992,206,1.0
1648,287,-1.0
433,433,-1.0
752,218,1.0
716,535,-1.0
1380,602,1.0
1233,192,1.0
1590,951,-1.0
1399,550,1.0
1834,353,-1.0
278,98,-1.0
1664,955,-1.0
1642,409,-1.0
1452,190,1.0
291,839,1.0
358,668,1.0
2004,779,1.0
31,609,-1.0
735,228,-1.0
77,0,-1.0
193,32,-1.0
330,333,1.0
417,334,-1.0
1562,803,1.0
1836,118,-1.0
1704,33,-1.0
1544,1026,1.0
993,959,1.0
1571,955,1.0
1973,850,1.0
1297,614,-1.0
1905,378,1.0
341,957,1.0
66,147,-1.0
1618,293,1.0
969,39,1.0
777,347,-1.0
284,432,-1.0
2013,543,-1.0
1825,375,-1.0
1052,875,1.0
63,924,1.0
1009,621,1.0
476,243,-1.0
982,50,1.0
1930,878,-1.0
1169,920,1.0
1195,142,-1.0
1422,351,-1.0
404,568,-1.0
1979,944,-1.0
496,850,-1.0
1352,943,-1.0
1171,577,-1.0
57,41,-1.0
232,599,-1.0
1054,595,-1.0
1844,717,1.0
650,23,-1.0
908,863,-1.0
1573,804,1.0
449,718,1.0
382,153,-1.0
1121,323,1.0
1728,517,1.0
1468,723,-1.0
317,616,1.0
773,989,-1.0
347,273,1.0
1218,61,1.0
347,916,1.0
1930,119,-1.0
1579,835,1.0
716,869,-1.0
544,691,1.0
1107,847,-1.0
1920,186,1.0
785,1037,-1.0
347,303,1.0
373,380,-1.0
1005,230,1.0
84,1018,1.0
1346,861,1.0
1990,998,1.0
347,953,1.0
1812,165,-1.0
2020,42,1.0
216,39,1.0
1948,940,1.0
347,144,1.0
1661,327,1.0
716,750,-1.0
347,325,1.0
1551,49,-1.0
917,112,-1.0
1396,80,-1.0
1514,529,1.0
1273,718,-1.0
1693,721,-1.0
370,461,-1.0
924,916,-1.0
1813,803,1.0
578,599,1.0
347,505,1.0
586,255,-1.0
250,344,1.0
1126,947,1.0
716,416,-1.0
422,542,1.0
1597,978,1.0
447,706,-1.0
1022,644,1.0
1363,620,1.0
965,564,1.0
1094,94,1.0
1620,411,1.0
203,371,1.0
850,441,-1.0
1501,453,-1.0
716,217,-1.0
1323,33,1.0
716,397,-1.0
802,619,1.0
1394,722,-1.0
1219,953,-1.0
1747,1008,-1.0
1497,677,-1.0
1654,238,1.0
1583,513,1.0
1547,607,1.0
230,507,1.0
557,307,1.0
930,388,-1.0
529,899,1.0
57,545,1.0
482,15,-1.0
1998,205,-1.0
1385,927,1.0
417,104,-1.0
802,638,-1.0
326,179,1.0
303,219,1.0
739,507,-1.0
1721,589,1.0
21,97,1.0
344,309,-1.0
1562,383,1.0
1977,778,-1.0
537,893,-1.0
185,331,1.0
249,575,1.0
721,683,-1.0
1179,180,-1.0
214,860,-1.0
1817,454,-1.0
1457,173,-1.0
1547,733,-1.0
1154,561,-1.0
765,670,1.0
641,976,-1.0
913,506,-1.0
306,871,1.0
347,229,1.0
1626,218,-1.0
1388,636,-1.0
1955,55,-1.0
768,600,1.0
554,540,1.0
347,549,1.0
1311,455,-1.0
142,625,1.0
823,827,-1.0
1287,277,-1.0
1750,316,1.0
1715,205,-1.0
225,978,1.0
1134,880,1.0
716,783,-1.0
987,474,-1.0
44,855,-1.0
39,366,-1.0
1412,920,-1.0
1563,314,1.0
528,943,-1.0
1812,390,-1.0
1913,972,1.0
1608,401,-1.0
475,141,-1.0
797,513,-1.0
1642,964,-1.0
716,968,-1.0
1860,1038,1.0
999,129,1.0
2021,402,1.0
1582,628,-1.0
1162,849,-1.0
1818,7,-1.0
1901,1038,-1.0
1013,602,-1.0
657,373,1.0
773,47,-1.0
613,933,-1.0
1812,342,-1.0
1054,759,-1.0
792,395,1.0
1262,136,-1.0
672,195,-1.0
787,253,-1.0
1788,35,-1.0
591,343,-1.0
439,755,-1.0
1129,900,-1.0
1794,812,-1.0
1662,770,-1.0
716,115,-1.0
936,452,-1.0
783,225,-1.0
677,302,-1.0
625,793,1.0
321,1006,1.0
716,84,-1.0
2013,182,-1.0
1348,1041,1.0
1506,241,1.0
1510,636,1.0
716,403,-1.0
347,669,1.0
1214,881,-1.0
156,868,-1.0
657,76,1.0
1098,387,1.0
418,88,1.0
1784,84,1.0
814,205,-1.0
1704,900,1.0
1766,497,-1.0
27,226,-1.0
81,1021,1.0
1710,883,1.0
1395,221,-1.0
1077,252,1.0
42,560,-1.0
177,303,-1.0
1292,383,-1.0
347,592,1.0
1573,984,-1.0
670,566,-1.0
347,72,1.0
347,663,1.0
773,606,-1.0
2013,185,-1.0
715,52,1.0
379,927,-1.0
748,447,-1.0
289,407,-1.0
131,219,-1.0
311,734,-1.0
23,266,1.0
1592,756,1.0
1366,118,-1.0
1215,160,1.0
1875,269,-1.0
92,345,-1.0
1953,265,-1.0
2010,602,-1.0
1072,734,1.0
1412,849,-1.0
1736,350,-1.0
79,83,1.0
307,514,-1.0
494,590,-1.0
1986,515,-1.0
271,150,-1.0
347,791,1.0
1176,215,1.0
1610,1005,-1.0
1786,607,1.0
1977,66,-1.0
1939,199,1.0
172,645,-1.0
1200,836,1.0
237,918,1.0
1379,939,-1.0
1813,1035,1.0
542,1012,1.0
57,25,1.0
861,936,-1.0
1633,299,-1.0
198,717,-1.0
56,1020,-1.0
1584,412,-1.0
440,547,-1.0
549,949,-1.0
1613,517,-1.0
1296,725,-1.0
1898,787,-1.0
2013,797,-1.0
524,830,1.0
2011,917,1.0
1726,831,1.0
1855,512,1.0
1336,492,1.0
210,597,-1.0
2013,314,-1.0
1197,422,-1.0
1450,358,1.0
163,902,-1.0
456,87,-1.0
347,121,1.0
716,457,-1.0
1079,622,-1.0
1414,873,1.0
107,1016,-1.0
1448,205,-1.0
1052,396,1.0
2007,531,-1.0
347,806,1.0
746,95,1.0
695,544,1.0
686,809,-1.0
1826,1028,1.0
169,93,-1.0
790,329,1.0
1143,3,-1.0
126,395,1.0
1615,668,-1.0
716,335,-1.0
244,379,-1.0
396,454,1.0
835,125,-1.0
1197,154,-1.0
861,499,1.0
626,55,1.0
1013,586,-1.0
1932,702,-1.0
541,890,-1.0
1056,983,1.0
347,181,1.0
1617,573,1.0
612,347,-1.0
342,724,-1.0
69,183,1.0
1784,524,-1.0
934,739,-1.0
1834,543,1.0
159,963,1.0
577,322,-1.0
1869,476,-1.0
577,355,1.0
1340,954,-1.0
1977,232,-1.0
1246,391,-1.0
1964,549,1.0
471,897,1.0
347,581,1.0
121,685,1.0
395,743,-1.0
867,34,1.0
876,55,-1.0
1679,978,1.0
35,548,-1.0
716,848,-1.0
1528,252,-1.0
580,603,1.0
391,386,-1.0
1244,509,-1.0
780,477,1.0
1067,868,1.0
206,509,1.0
1052,312,1.0
569,224,-1.0
445,572,-1.0
1133,484,-1.0
702,644,1.0
486,290,1.0
1917,631,1.0
71,1034,-1.0
665,456,-1.0
861,458,1.0
988,149,-1.0
429,474,1.0
766,495,1.0
1909,561,1.0
1165,607,1.0
1619,525,1.0
1201,896,-1.0
1032,413,1.0
763,153,1.0
1410,518,1.0
66,784,1.0
158,358,-1.0
483,947,1.0
1109,52,1.0
332,167,1.0
1385,559,1.0
946,494,-1.0
716,57,-1.0
665,672,1.0
347,596,1.0
1690,1033,-1.0
322,469,-1.0
491,883,-1.0
716,634,-1.0
459,349,-1.0
716,376,-1.0
716,469,-1.0
1543,361,-1.0
1202,698,-1.0
1139,888,-1.0
2013,162,1.0
1287,1006,-1.0
3,368,-1.0
508,804,-1.0
1886,439,-1.0
552,500,-1.0
1691,963,-1.0
582,111,-1.0
1251,339,1.0
896,725,-1.0
29,1030,-1.0
716,672,-1.0
1205,1004,-1.0
906,915,1.0
1195,21,-1.0
1087,634,-1.0
657,450,1.0
274,800,1.0
1168,992,-1.0
1933,1015,-1.0
454,46,-1.0
1099,834,1.0
990,153,1.0
1930,571,-1.0
1537,236,1.0
1144,54,1.0
1958,86,-1.0
158,781,1.0
1543,776,-1.0
622,252,1.0
576,242,1.0
645,1027,1.0
1833,394,-1.0
1315,508,-1.0
119,655,1.0
428,820,-1.0
1091,145,-1.0
1881,71,-1.0
1925,382,1.0
1335,972,-1.0
1058,945,1.0
1444,289,-1.0
257,68,-1.0
716,611,-1.0
1291,324,-1.0
1558,844,1.0
1337,101,1.0
1778,748,-1.0
347,593,1.0
254,652,-1.0
498,110,-1.0
1701,282,-1.0
1674,80,-1.0
1634,267,1.0
151,205,-1.0
224,1031,1.0
1354,884,-1.0
1803,923,-1.0
1280,541,1.0
314,886,-1.0
1292,493,1.0
196,363,-1.0
1824,624,-1.0
1526,971,-1.0
123,51,-1.0
624,373,1.0
1950,859,-1.0
1434,10,1.0
1790,727,-1.0
687,671,-1.0
4,252,-1.0
470,846,-1.0
1803,506,1.0
695,946,-1.0
716,760,-1.0
452,220,-1.0
1622,16,1.0
483,460,1.0
1842,538,-1.0
1021,573,1.0
780,259,-1.0
1724,253,1.0
66,289,-1.0
1926,272,-1.0
734,518,-1.0
861,162,-1.0
716,35,-1.0
54,99,1.0
2013,736,-1.0
1651,573,1.0
484,2,-1.0
1737,858,-1.0
347,358,1.0
966,353,-1.0
1288,715,-1.0
1245,0,1.0
28,927,1.0
657,963,1.0
2008,980,1.0
106,691,-1.0
1159,21,-1.0
379,946,-1.0
117,664,1.0
1462,729,-1.0
1814,523,-1.0
1694,47,-1.0
1052,496,1.0
2009,404,1.0
1765,1031,-1.0
347,941,1.0
124,359,1.0
318,489,-1.0
408,272,1.0
1847,1005,-1.0
1188,751,-1.0
716,847,-1.0
1140,231,-1.0
758,908,1.0
1730,28,1.0
1930,31,-1.0
1293,262,-1.0
875,519,-1.0
1794,130,1.0
707,918,-1.0
91,1002,-1.0
2013,766,-1.0
1505,960,1.0
33,65,1.0
845,712,-1.0
716,309,-1.0
367,484,-1.0
95,871,-1.0
704,217,1.0
1796,922,1.0
64,477,-1.0
1099,1042,1.0
1426,276,-1.0
346,905,1.0
1567,1021,1.0
1543,497,-1.0
1984,639,-1.0
1988,661,1.0
713,447,-1.0
1566,32,-1.0
2013,1012,-1.0
1988,140,-1.0
592,200,-1.0
716,406,-1.0
921,665,-1.0
443,129,-1.0
1920,1014,1.0
1052,735,1.0
1383,36,1.0
1619,286,-1.0
1772,512,-1.0
1128,92,-1.0
1089,337,1.0
71,210,-1.0
1930,875,-1.0
391,237,-1.0
525,995,-1.0
537,825,-1.0
1005,1014,-1.0
1388,877,1.0
1221,940,-1.0
756,403,-1.0
57,673,1.0
1098,941,-1.0
1594,830,-1.0
1700,689,-1.0
1388,956,-1.0
537,931,-1.0
1786,986,-1.0
637,552,1.0
1554,853,-1.0
416,886,-1.0
422,1013,1.0
55,676,1.0
1025,501,-1.0
923,169,1.0
1257,622,1.0
1416,555,-1.0
1643,647,1.0
649,1034,1.0
972,268,-1.0
1868,874,1.0
1472,280,-1.0
1613,612,-1.0
315,235,-1.0
828,299,1.0
56,604,-1.0
1713,862,-1.0
327,216,1.0
32,552,1.0
1309,677,-1.0
1743,692,-1.0
1260,199,-1.0
950,1001,-1.0
698,242,-1.0
1989,713,-1.0
64,586,1.0
1739,562,-1.0
775,675,1.0
1736,25,-1.0
716,867,-1.0
657,115,1.0
1222,354,-1.0
508,533,1.0
414,309,1.0
1527,486,-1.0
207,225,1.0
1911,322,1.0
1059,378,-1.0
347,64,1.0
1261,348,-1.0
1703,948,-1.0
353,567,1.0
716,633,-1.0
1546,695,1.0
103,143,1.0
446,205,-1.0
1312,491,1.0
1454,22,-1.0
1313,78,1.0
43,447,1.0
483,776,1.0
1662,832,-1.0
1842,317,-1.0
1657,342,-1.0
1220,385,1.0
1627,739,1.0
518,35,1.0
347,929,1.0
1430,34,-1.0
1782,679,1.0
2013,564,-1.0
1889,654,-1.0
1068,879,-1.0
1541,790,-1.0
1279,58,1.0
932,566,-1.0
1319,500,1.0
2017,707,1.0
716,319,-1.0
1113,670,1.0
1284,348,-1.0
531,41,-1.0
1278,205,-1.0
1430,365,1.0
2015,160,-1.0
248,680,1.0
1287,767,-1.0
347,840,1.0
1662,90,-1.0
1723,205,-1.0
127,429,-1.0
1576,952,1.0
1186,752,-1.0
1258,1017,1.0
1252,745,-1.0
285,588,-1.0
716,632,-1.0
1818,1024,1.0
1813,586,-1.0
1592,988,1.0
1317,913,-1.0
1142,692,1.0
1369,438,-1.0
1972,163,-1.0
995,991,1.0
132,528,-1.0
1706,464,1.0
716,736,-1.0
621,914,-1.0
573,940,-1.0
615,176,1.0
182,582,1.0
1665,632,-1.0
1106,917,-1.0
794,975,-1.0
1331,706,1.0
625,931,1.0
352,568,-1.0
1194,613,1.0
1967,712,-1.0
240,351,-1.0
1121,297,-1.0
1206,643,1.0
1771,1,-1.0
342,419,-1.0
1417,934,1.0
548,1029,-1.0
1736,706,-1.0
1610,616,-1.0
1440,72,1.0
1719,792,1.0
1789,818,1.0
198,336,-1.0
1265,720,-1.0
1865,138,1.0
716,813,-1.0
1103,681,-1.0
709,24,1.0
1005,449,-1.0
943,707,-1.0
1208,304,-1.0
1535,491,-1.0
1736,968,-1.0
716,82,-1.0
1118,109,-1.0
1797,214,1.0
334,860,1.0
230,84,-1.0
773,127,-1.0
57,409,-1.0
2003,138,-1.0
16,961,1.0
605,958,-1.0
1052,571,1.0
450,897,1.0
359,12,1.0
1958,17,1.0
1070,628,-1.0
118,336,1.0
610,336,-1.0
1261,946,1.0
347,469,1.0
589,543,1.0
330,270,-1.0
290,68,-1.0
460,235,1.0
1773,544,-1.0
1845,560,1.0
1046,769,1.0
693,870,-1.0
1385,946,1.0
1006,230,-1.0
1218,431,1.0
1657,488,-1.0
1371,205,-1.0
1736,663,-1.0
1137,298,1.0
49,191,-1.0
876,892,-1.0
1191,906,1.0
296,331,-1.0
1943,233,-1.0
1963,660,-1.0
400,191,-1.0
716,268,-1.0
505,861,-1.0
673,680,-1.0
562,168,-1.0
2003,552,1.0
1894,688,1.0
826,671,1.0
758,126,1.0
631,205,-1.0
716,468,-1.0
1016,618,-1.0
1354,202,-1.0
610,552,1.0
205,388,-1.0
716,77,-1.0
1613,197,-1.0
890,7,-1.0
228,124,-1.0
52,386,1.0
1262,547,1.0
241,643,1.0
2006,744,1.0
296,448,-1.0
1798,373,-1.0
440,331,-1.0
1024,635,-1.0
678,945,-1.0
769,992,1.0
1695,606,1.0
422,285,-1.0
1657,997,-1.0
63,94,-1.0
523,618,-1.0
87,667,-1.0
347,96,1.0
825,9,-1.0
1287,902,-1.0
1390,215,-1.0
113,726,1.0
347,579,1.0
184,654,1.0
1871,460,1.0
1725,1005,-1.0
608,773,-1.0
1657,732,-1.0
808,194,-1.0
727,427,-1.0
1641,1017,-1.0
1169,500,-1.0
1654,981,-1.0
1865,159,-1.0
400,257,-1.0
390,2,1.0
1656,32,-1.0
716,592,-1.0
57,356,1.0
734,540,1.0
269,876,1.0
1025,517,1.0
233,752,1.0
1265,982,1.0
773,323,1.0
1825,327,1.0
716,477,-1.0
1949,942,-1.0
861,505,1.0
716,11,-1.0
226,152,-1.0
861,449,1.0
1409,87,1.0
183,313,-1.0
603,351,1.0
347,332,1.0
1119,44,1.0
1882,595,1.0
716,796,-1.0
1867,839,-1.0
1123,956,1.0
1522,792,-1.0
847,361,-1.0
625,396,1.0
671,678,-1.0
952,807,-1.0
1918,279,1.0
488,641,-1.0
409,977,-1.0
1476,1028,-1.0
855,141,-1.0
348,44,-1.0
220,40,1.0
1360,92,-1.0
877,205,-1.0
1039,74,1.0
179,768,-1.0
871,942,1.0
537,425,-1.0
1110,836,1.0
369,148,-1.0
532,209,-1.0
1124,909,1.0
887,297,1.0
716,701,-1.0
840,237,1.0
1874,456,1.0
716,631,-1.0
1040,397,1.0
931,160,-1.0
1930,396,-1.0
817,816,1.0
1106,296,-1.0
1441,1027,-1.0
1006,355,1.0
1077,389,1.0
886,534,-1.0
480,719,1.0
1977,308,-1.0
633,852,-1.0
233,993,-1.0
394,946,1.0
1781,224,-1.0
74,814,-1.0
760,880,-1.0
1105,691,-1.0
368,853,1.0
1099,101,-1.0
1375,178,1.0
115,13,-1.0
1821,201,-1.0
1651,142,-1.0
1052,133,1.0
347,149,1.0
347,798,1.0
537,571,-1.0
549,676,-1.0
1770,649,-1.0
591,10,-1.0
57,941,-1.0
1048,526,-1.0
294,16,1.0
1557,926,1.0
1399,970,-1.0
11,997,1.0
1496,193,-1.0
1657,481,-1.0
703,657,-1.0
1446,727,1.0
347,359,1.0
1181,125,1.0
590,414,1.0
775,427,1.0
1902,293,-1.0
1670,24,-1.0
1648,726,-1.0
40,117,1.0
1735,922,-1.0
1339,83,-1.0
854,615,-1.0
1575,1043,-1.0
19,885,-1.0
1581,575,-1.0
142,816,-1.0
627,442,-1.0
397,790,1.0
379,871,-1.0
1705,914,1.0
213,644,-1.0
682,572,1.0
1479,925,1.0
1473,359,1.0
344,236,-1.0
716,493,-1.0
1736,711,-1.0
2019,829,-1.0
1147,508,1.0
1248,433,1.0
896,479,-1.0
773,622,-1.0
1849,980,-1.0
355,32,-1.0
585,329,-1.0
418,867,-1.0
347,924,1.0
1507,510,1.0
181,479,-1.0
537,502,-1.0
127,977,1.0
347,664,1.0
1736,273,-1.0
1779,756,-1.0
1817,279,-1.0
1657,495,-1.0
1149,961,-1.0
207,782,-1.0
798,428,1.0
861,973,1.0
1456,911,1.0
1637,755,1.0
26,362,-1.0
1106,88,-1.0
1167,541,-1.0
427,891,1.0
1235,82,1.0
716,258,-1.0
286,80,1.0
1085,326,1.0
1676,251,-1.0
1473,426,1.0
1757,828,-1.0
595,583,-1.0
657,764,1.0
1385,834,1.0
716,259,-1.0
379,967,-1.0
1941,965,-1.0
347,804,1.0
1020,1004,1.0
1802,948,1.0
901,238,1.0
377,341,1.0
1564,830,1.0
501,163,-1.0
1547,205,1.0
902,267,-1.0
537,281,-1.0
864,631,-1.0
347,104,1.0
889,841,1.0
1953,548,-1.0
716,136,-1.0
169,138,-1.0
767,274,1.0
879,757,-1.0
1171,478,1.0
365,37,-1.0
1444,394,-1.0
1269,652,-1.0
868,495,-1.0
537,31,-1.0
754,295,-1.0
2018,398,-1.0
655,374,-1.0
266,1012,1.0
655,245,1.0
965,817,1.0
1637,1011,1.0
1736,208,-1.0
1434,343,1.0
90,1003,-1.0
1464,269,1.0
1271,343,-1.0
750,374,1.0
510,551,-1.0
2015,135,-1.0
66,947,1.0
1955,51,-1.0
1547,978,1.0
520,677,1.0
1532,340,1.0
860,556,1.0
1863,1019,1.0
347,894,1.0
729,532,-1.0
598,62,-1.0
212,311,1.0
1507,264,-1.0
614,700,1.0
1736,384,-1.0
347,858,1.0
1388,156,-1.0
773,302,-1.0
1304,1003,-1.0
745,573,-1.0
716,545,-1.0
825,301,1.0
1547,1037,-1.0
1768,929,1.0
1052,931,1.0
1263,62,1.0
775,414,1.0
537,875,-1.0
364,369,-1.0
678,71,1.0
379,443,-1.0
1996,169,-1.0
1229,894,1.0
1855,682,-1.0
918,918,-1.0
1987,943,1.0
1419,836,1.0
900,648,-1.0
716,980,-1.0
861,186,1.0
1343,370,1.0
688,975,-1.0
1911,60,1.0
86,98,-1.0
347,452,1.0
1203,161,-1.0
1841,693,-1.0
625,496,1.0
1423,843,-1.0
1971,32,-1.0
853,535,1.0
1709,51,1.0
1090,797,1.0
1671,338,1.0
716,613,-1.0
1991,657,1.0
1911,6,-1.0
1599,370,-1.0
870,497,1.0
1025,30,1.0
737,662,-1.0
1533,42,-1.0
57,968,1.0
1997,43,-1.0
1055,255,1.0
2013,818,-1.0
642,727,-1.0
845,708,1.0
1657,12,-1.0
1166,729,1.0
545,644,1.0
635,424,-1.0
719,457,-1.0
42,669,1.0
336,188,1.0
700,623,-1.0
1850,466,1.0
1127,115,-1.0
657,638,1.0
25,766,-1.0
65,1037,1.0
347,690,1.0
207,1009,-1.0
73,1031,-1.0
657,332,1.0
165,226,1.0
1014,950,-1.0
625,31,1.0
714,144,1.0
347,146,1.0
207,705,-1.0
51,9,1.0
1530,233,-1.0
379,983,-1.0
347,790,1.0
1509,205,-1.0
1620,326,-1.0
723,677,-1.0
716,873,-1.0
716,1002,-1.0
716,240,-1.0
623,803,1.0
1225,958,-1.0
716,979,-1.0
1930,250,-1.0
2013,272,-1.0
1136,443,1.0
1055,578,-1.0
1009,146,-1.0
560,933,-1.0
716,359,-1.0
1634,746,-1.0
479,923,1.0
1653,2,-1.0
2013,285,1.0
1114,156,1.0
1674,973,-1.0
70,719,1.0
312,32,-1.0
925,284,-1.0
72,391,-1.0
1644,2,1.0
39,256,1.0
126,119,1.0
646,206,-1.0
896,1010,-1.0
342,1,1.0
1442,346,1.0
1385,871,1.0
433,648,1.0
861,216,1.0
793,750,-1.0
861,436,1.0
1996,134,1.0
722,487,1.0
112,353,1.0
783,521,1.0
1293,805,-1.0
1157,996,1.0
709,866,1.0
302,162,-1.0
96,313,-1.0
834,325,-1.0
776,783,-1.0
567,243,1.0
1878,1023,-1.0
813,872,1.0
1158,843,1.0
335,771,1.0
1204,189,1.0
347,1019,1.0
1752,785,-1.0
1333,665,-1.0
69,985,-1.0
654,803,-1.0
347,326,1.0
1469,524,1.0
478,967,1.0
1767,239,1.0
1144,336,-1.0
1216,855,1.0
1959,744,-1.0
617,994,-1.0
379,291,-1.0
1403,245,-1.0
716,899,-1.0
952,238,-1.0
487,427,1.0
1845,864,-1.0
1036,715,-1.0
1910,66,-1.0
1078,108,1.0
822,126,1.0
1572,694,1.0
1017,222,-1.0
2016,685,-1.0
347,535,1.0
105,205,-1.0
2013,208,-1.0
962,244,-1.0
685,417,-1.0
759,652,-1.0
17,721,1.0
1981,443,-1.0
1125,459,1.0
756,473,1.0
1776,409,-1.0
1135,505,1.0
644,521,-1.0
861,542,-1.0
1953,602,-1.0
174,300,1.0
1007,275,1.0
246,392,-1.0
259,537,-1.0
1721,822,-1.0
499,99,-1.0
2021,640,-1.0
1294,533,-1.0
379,758,-1.0
17,672,-1.0
992,855,-1.0
1853,257,-1.0
37,1023,1.0
895,1036,-1.0
623,383,1.0
426,3,1.0
99,950,1.0
1717,155,-1.0
1126,460,1.0
716,603,-1.0
1513,329,-1.0
664,141,1.0
1281,573,1.0
214,862,1.0
1681,1021,1.0
675,248,-1.0
1895,795,1.0
716,842,-1.0
324,100,-1.0
2013,549,-1.0
1474,288,-1.0
347,708,1.0
85,48,1.0
1806,71,-1.0
903,110,1.0
1076,1021,1.0
816,158,-1.0
625,907,1.0
1920,264,1.0
1164,135,1.0
849,205,-1.0
645,439,-1.0
7,549,1.0
462,710,-1.0
21,340,-1.0
1421,836,1.0
1733,4,1.0
1061,301,1.0
409,183,-1.0
516,720,-1.0
1293,249,-1.0
1927,670,-1.0
1771,42,1.0
1324,120,-1.0
207,108,-1.0
1930,312,-1.0
1685,601,1.0
608,445,-1.0
1551,829,-1.0
2013,1020,1.0
347,350,1.0
1504,667,1.0
1385,443,1.0
13,292,1.0
15,67,1.0
347,750,1.0
465,926,-1.0
1094,82,-1.0
474,247,1.0
720,28,-1.0
747,998,-1.0
63,808,-1.0
869,930,-1.0
1250,1020,-1.0
847,971,-1.0
640,79,1.0
954,947,1.0
2013,504,-1.0
1804,1035,-1.0
1621,241,-1.0
371,318,-1.0
1213,375,1.0
1407,130,-1.0
1127,90,1.0
1368,568,1.0
1524,552,1.0
587,57,1.0
1609,1011,1.0
432,205,-1.0
1277,278,-1.0
1881,484,-1.0
1859,484,1.0
1005,186,-1.0
989,18,-1.0
29,444,-1.0
657,844,1.0
1457,178,-1.0
347,397,1.0
1867,527,-1.0
1766,661,-1.0
681,693,1.0
952,738,1.0
619,758,-1.0
2020,1,-1.0
876,464,-1.0
659,606,-1.0
24,306,-1.0
1529,2,-1.0
126,765,1.0
716,423,-1.0
385,54,-1.0
1959,627,1.0
580,977,-1.0
803,617,1.0
347,950,1.0
854,838,-1.0
1189,185,-1.0
1434,4,1.0
570,807,1.0
971,1005,1.0
347,136,1.0
1356,991,1.0
155,584,1.0
1925,287,1.0
1587,131,-1.0
506,394,-1.0
1385,140,1.0
536,457,1.0
808,534,-1.0
40,684,1.0
1077,694,1.0
57,96,1.0
1755,772,1.0
1930,841,-1.0
1075,102,1.0
1559,630,-1.0
1924,1039,-1.0
639,605,-1.0
1962,762,1.0
1914,205,-1.0
428,264,1.0
100,569,-1.0
1642,761,-1.0
2013,836,-1.0
56,936,1.0
300,399,-1.0
1528,389,-1.0
1969,642,-1.0
243,20,-1.0
1234,490,1.0
1161,579,-1.0
231,539,-1.0
908,997,-1.0
1673,421,-1.0
1793,1013,-1.0
1623,280,1.0
270,30,-1.0
1696,2,-1.0
294,164,1.0
592,605,1.0
573,429,-1.0
642,116,-1.0
1565,740,-1.0
1395,417,1.0
347,545,1.0
154,430,1.0
1200,516,-1.0
716,490,-1.0
1052,825,1.0
410,352,1.0
388,436,1.0
837,475,1.0
666,521,-1.0
1564,475,-1.0
951,563,1.0
1976,613,-1.0
841,527,-1.0
535,674,1.0
378,532,1.0
872,924,-1.0
1635,398,-1.0
441,337,-1.0
788,521,1.0
1994,408,-1.0
928,432,-1.0
259,445,1.0
1783,397,-1.0
1813,602,-1.0
779,797,1.0
894,40,-1.0
1877,549,1.0
1813,741,1.0
1254,45,1.0
347,115,1.0
1761,480,-1.0
521,46,1.0
347,84,1.0
375,347,1.0
1274,575,-1.0
1473,594,1.0
383,962,1.0
1889,651,-1.0
812,873,-1.0
686,887,1.0
716,328,-1.0
1180,483,-1.0
1944,738,-1.0
1382,617,-1.0
951,107,-1.0
1175,561,-1.0
816,833,-1.0
694,332,1.0
1870,655,-1.0
1345,289,-1.0
539,889,-1.0
549,911,-1.0
436,260,1.0
2013,418,1.0
861,557,-1.0
716,229,-1.0
1385,291,1.0
1023,359,1.0
1563,817,1.0
1013,174,-1.0
1930,133,-1.0
558,189,-1.0
1047,580,1.0
1393,1021,1.0
315,263,-1.0
135,431,-1.0
284,354,-1.0
1352,640,-1.0
1764,975,1.0
648,380,-1.0
692,780,1.0
1930,793,-1.0
1805,308,1.0
479,285,1.0
716,196,-1.0
34,741,-1.0
316,728,-1.0
130,848,1.0
256,19,-1.0
1386,641,-1.0
1712,772,1.0
625,893,1.0
1758,150,-1.0
755,556,-1.0
57,663,1.0
942,836,-1.0
1104,791,1.0
1122,516,-1.0
821,1035,1.0
492,348,-1.0
1682,652,-1.0
1582,78,-1.0
1407,467,1.0
1603,298,1.0
1302,80,1.0
1356,655,-1.0
1138,852,-1.0
318,470,-1.0
624,686,-1.0
1722,103,-1.0
1374,152,-1.0
1813,769,1.0
912,148,1.0
316,514,-1.0
1789,543,1.0
430,740,-1.0
1172,865,-1.0
2013,942,-1.0
175,1031,-1.0
1301,682,1.0
1963,746,1.0
847,18,1.0
1523,861,-1.0
1919,2,1.0
1305,205,-1.0
1543,113,-1.0
1697,380,1.0
823,734,-1.0
182,947,-1.0
347,356,1.0
968,291,-1.0
526,928,-1.0
716,673,-1.0
1473,116,1.0
1734,139,-1.0
945,43,1.0
1580,653,-1.0
1490,932,1.0
186,169,-1.0
347,393,1.0
482,102,1.0
716,925,-1.0
252,682,1.0
42,732,-1.0
716,310,-1.0
466,321,1.0
1341,322,1.0
773,437,1.0
71,721,-1.0
293,883,-1.0
125,104,1.0
349,937,1.0
293,523,1.0
887,412,-1.0
1813,170,1.0
852,754,-1.0
201,995,-1.0
1306,411,-1.0
517,546,1.0
1500,73,1.0
8,511,1.0
150,321,-1.0
737,224,1.0
850,978,1.0
1652,941,1.0
1295,32,-1.0
501,414,-1.0
953,508,-1.0
1473,558,1.0
827,679,-1.0
1559,392,1.0
2005,923,1.0
991,100,-1.0
1892,492,1.0
694,770,-1.0
1657,124,-1.0
82,170,-1.0
1099,188,-1.0
954,776,1.0
1871,947,1.0
109,1001,1.0
1041,742,-1.0
393,758,1.0
1120,664,-1.0
1699,92,1.0
1846,222,-1.0
967,334,-1.0
2013,817,-1.0
861,453,1.0
1672,1014,1.0
156,222,1.0
959,763,1.0
1740,951,1.0
537,735,-1.0
1272,211,-1.0
1196,205,-1.0
133,46,-1.0
784,99,-1.0
272,235,-1.0
15,794,1.0
1111,938,1.0
1839,336,-1.0
1287,300,-1.0
1624,210,-1.0
61,460,1.0
1994,29,-1.0
97,480,1.0
1910,296,1.0
347,603,1.0
957,1033,1.0
943,487,-1.0
773,683,-1.0
1543,738,1.0
1203,108,-1.0
1516,103,1.0
347,842,1.0
736,246,1.0
510,421,-1.0
379,290,-1.0
372,800,-1.0
2000,137,-1.0
1851,315,1.0
1294,847,1.0
2013,657,-1.0
1354,579,1.0
1338,901,-1.0
986,39,-1.0
736,113,-1.0
227,645,1.0
1,928,-1.0
876,879,-1.0
1800,198,-1.0
188,379,-1.0
1642,94,-1.0
457,151,-1.0
386,690,-1.0
236,48,-1.0
550,379,1.0
221,390,-1.0
817,428,-1.0
347,228,1.0
716,114,-1.0
46,736,-1.0
419,576,-1.0
743,1031,-1.0
716,858,-1.0
422,506,-1.0
58,562,-1.0
664,247,-1.0
2013,359,-1.0
347,869,1.0
347,436,1.0
1544,554,-1.0
351,796,1.0
566,421,1.0
1869,243,-1.0
572,833,1.0
1249,780,-1.0
195,147,-1.0
1570,165,1.0
1545,810,-1.0
554,518,-1.0
599,162,-1.0
1712,547,1.0
287,748,-1.0
1596,372,1.0
595,423,1.0
422,936,1.0
571,526,-1.0
1452,294,-1.0
716,945,-1.0
308,558,1.0
76,234,-1.0
98,304,1.0
1754,836,1.0
1052,75,1.0
1052,425,1.0
1189,1012,-1.0
1582,348,1.0
1427,351,1.0
1598,484,-1.0
1365,182,1.0
152,531,1.0
88,111,1.0
488,261,1.0
160,891,-1.0
122,16,-1.0
1560,372,-1.0
1445,163,1.0
495,468,1.0
347,217,1.0
347,423,1.0
223,314,-1.0
1200,514,-1.0
1030,610,1.0
981,207,-1.0
1212,933,1.0
922,863,1.0
1226,978,-1.0
1086,687,1.0
804,441,-1.0
2013,426,-1.0
1471,621,-1.0
2,896,-1.0
257,932,-1.0
623,979,1.0
1455,191,1.0
141,361,-1.0
441,799,1.0
365,990,1.0
265,662,-1.0
1461,413,-1.0
1736,96,-1.0
1468,714,1.0
65,492,-1.0
608,118,1.0
716,83,-1.0
1566,169,1.0
1840,260,-1.0
2010,803,1.0
1607,360,-1.0
144,645,-1.0
958,228,1.0
0,148,1.0
731,420,-1.0
244,53,1.0
