2847,2850
2851,2849
12
13
398,1114
397,1115
2407
17,16
1398,915
19
1604,1596,1598,1594,1579,1589,1577,1584,1574,1575,1583,1588,1586,1590,1591,573,1600,1597,1595,1581,1578,1605,1601,1576,1603,1582,1585,11,1580,1599,1606,1592,1587
2398,20
21
25,24
23,2415
2418,23
180,29
238,30
31
1152,31
32
32
336,33
34
38
39
42
43
44
2108,44
46
165,46
908,47
48
763,48,1901,321
1691,1692,1690
52
56,976
2688,1193,1870
60,59
58
61
61,1447
2449,1679
1679,778,2449
1829,1038,1356,1796,415,721,1826,491,488,485,1798,1200,341,1802,482,494,1727,96
1726,1801,1199,487,720,340,1037,481,414,490,95,1828,1825,493,484,1355,1799,1795
732,968
1505,968
1682,1679
2296,2240,2304
2305,2297,2241
64,344,768,1981
2048,51
67,66
75,72,74,71
77,78,164,76
2181,73
77
79,80
960,79
1611,79
79,1612
2066,408
83
84
98
102
98,1411
103
108
109
1625,1278,831,990,1143
2518,2517
2456,116
2198,115
1446,1469,116
115,2497
118,1458
783,117
612,891,2521
131,126,129,161,2603,124
121,122,120
125,731
1469,125,1446
125,2456
125,2497
127,783
2522,641,891
650,891,2523
153,150,145,144
1446,146,1469
2456,146
153,150,145,144,2604
731,147
1458,149
783,148
2639
154,155
731,156
156,1469,1446
156,2456
2495,160
465,1126
165
909,47
168
169
171
172
173
174
176
175
1867,1120,183,985,409,912,186,822,1878,177,1503,1511,825,2065,1220,1139,1757,823,1872,185
2373,179,187
2380,289,84
2850,2847
194
1494,194
198
2775,2232,2205,2840,2748
2283,231
1090,232
233
233,2248
237
201,1457,1461,94
1815
848,255
257
257,258
258
260
260,388
270
271
1398,271
780,272
2108,274
276
283
284
287
287,2380,77
77,1387
289
102,296,73
2062,289
237,297
298,1689
302,2380
102,301,73
303
307
806,308
1447,309,2070
365,311,366
313
313,314
314
277,315
318
319
320,318
322
323
324
325
325,502
328
335
932,335,931
351
2803,2233,2422
351,352
355
355,1369
356
848,356
849,357
360
366
367
371,2103,1689,1539
380
388
391,393
392,389
270,390
1261,1262
397
397,741
400
338,339
1278,1143,1625,989
403
2088,763,1524
1539,479,374,480
410
411
413
417
423
432,1015,436,1011
431
431,1324
435
1322,435
1324,435
1273,1549
1273,1375,1549
445
447
444,303,838
449
450
412,1473
452
1809
462,470
470
400,470
472
473
307,472,898
474
475
496
1403,2040,527,1565,1671,420
464,504
307,504,523,898
2115,505
505,2806
307,523,508,898
307,506,898,523
898,513,307,523
523,898,514,307
307,523,515,898
307,523,898,516
1123,516
503
503,307,523,898
523
328,531,533,532,2060
2056,2053,1847,1204
333,334,330,329,331
1479,2063,2787,2641,958,868,1607,1541,1477,2048,1215,1393,1225,2047
2265,2257,2262,847,845,904,2261
2262,847,845,1921,1545,904,2265,1546,2257
2226,2742
550,2400
553,557
554,558
560
561
568,566,565,567,564
571
572
2197,1879
593,595
117,781
604
604
891,610,612
614
631,633,627,629
628,626,632,630
622,649
621,648
620,618,616
641,639,891
891,650,651
678,662,660,674,664,655
659,673,677,663,656,661
682,692,688,690,686,684
685,691,683,689,693,687
700,654,681,679
1881,680
660,664,695,666,668,672,662,670
671,667,663,665,661,669,659,694
698
701,699,891
586,582,578,584,583,810,587,590,591,585,581
706
706
703,705
704,702
707,1427
716
2773,716
716,2788
1707,774,537,540
539,773,536,1706
727,728,729
731
733,731
735
2175,2697,1192
736,735
740
741
769,806
743,167
748,167
751,749
752,754
753,1235
755
757
758
759
760
763
776
778
1800,97,1358,1797,1803
1705,780
756,780
1460,782
757,780
788
790
794
798
806
821,742
821,2281
2272,933,949
826
828
828
831
832
833
834
837
838
839
1667,1906,2665,1832,2664,1944,1186
2833,1944,1186,1906,918,1832,2834,1667
1832,2833,1944,1186,1906,2834,1667
1944,1977,379,842
1271,843
842,1391
2737,918,1909,910
1865,918
974,470
2257,2262,847,2261,2265
2262,2261,847,2265,2257
910,413,1959,1953
1971,1937,1953,1980,1946,1959,1960,1543,1963,1955,1949,1994,1993,1968,1940,1909,1944,1905,1977,969,1843,1975,1952,379,1978,1966,1969,1938,842,1964,1947,1967,1939
2060,2265,328,847
848
1759,1390,205,404
852,851
2681,2758,2838,2134,2855
854
855
856
857
858
864,862,860
863,865,861
866
2238,866
548,1553,1807,1273,443,1860,569,364,1794,476,543
1273,443,1860,1794,1554,476,543,569,364,548,1375
476,543,548,1375,1273,443,1860,569,364,1794,1554
1273,1408,443,364,1554,884
798,1804,1806,1805,876,1551
875,798,1552,1804,1808,1805,1806
872
1804,1808,1805,798,1806,876,1552
877
882
1552,1804,1808,1805,1806,877,798
1552,878,1808
1804,1808,1805,1552,879,1806,798
881,1806,1552,1804,1808,1805
1806,882,1552,1808
1552,883,1808
1552,880,1808
880,1808,1552
880,1557,1808
885
889
891
901
1359,899,98,1492,717
899,1360,1492,98,717
899,965,1787
901
902
904
893,892,895,896,897,894
2380,839
510,511,512
750,744
915
916
917
918
919
920,1811
1856,923
1857,924
925,1018,1717
2813,926
930,928
1019,929
934
951
2768,2801,2767
951,952
2798,1538,2378
956,955
953,954
958
2047,1215,2063,2641,959,2049,1489,887,190,1541
959,2269
962
965
966
967
1358
969
971
971,921
965,971
972,974
2386,973
919,975
984,2540,1446
984,1468
576,982
575,982
2498,983
2047,2375,2063,2049,1871,868,759,2787,2379,1541,1477
1089,987
1089,1619
1089,1525
827,916,1510,1146
1143,1278,1625,989
990,1143,1278,1625
993
995
2167,2067
2831,22,2067
2831,2067,994
996
996,312
998,275
2612,366,996,2630
1191,999
1000
2611,1001
1004
1005,273
1005,2611
917,2315
961,2269
2380,102,289,73
302,73,2380,102
820,1352,813,819,1424,815,818,814,1278,830,817,1143,1413,829,2680,1421,816
1010
1010,1335
1014
1014,1322
1335,1014
2802,2132,2210,2764
1023
1027
1284,1034
2660,1764
2618,1085
1086,1724
1088
21,1088
1089
2315,2092,958
1102
1103
1097,1106
2320,1107
741,350,1113
1118
1809
1480,276,451,406,918
1102,2380
1134,781
1123,1122,1124
464,1362
457,455
272,1132
1132,782
1459,1133
1132,1469
1680,1132
1132,2623
1132,2624
2456,1132
1136
1137
1140
1143
1144
1145
1145
1147
1140,1183
1787,1140
1152
1152,1852
1158,1160,1155
1154
1156
1157
1166
1167
1168
1175
1177
1178
1177,1178
1183
1824,1183
900,1184
1186
1186,2666
1187
1189
1722,1188
2010,1195
1195
1196
1198
1202
1203
1213
1214
2787,1607,2379,1541,1477,958,1393,1225,2047,1226,2063,2641,2049,1871,1479,868
1218
1177,1218
1218,1178
396
1227
741,1227
1230
1231
1234
1740
1238
1240
1242,1245
1244,1247
1248
1235,336
1435,1235,1140
1235,1183
1235,1305
1235,1786
1254
1255
1256
1257
1258
1267,850,1790
1269
1270
1271
1272
1276,1275,1277,1274
1278
1279
2219,2374,2781
1285,1035
1540,1287
1291,1290,1289
1292,1288
1293
1298,1294,1299,1295
1701,1296,1537
1305
1307
1308,1498
1305,1737
1311
1312
1313
1314
1315
1316
2011,1321
1319,1338,1328,1327,1340,1339,1330,1331,1326,1320,1325,1332
2012,1322
1329
1426,1297,361,497,1148
1334,316
1334,856
858,1334
1334,859
1337,1336,1333
1346,382,1350,1351
2083,1347
1349
1349,2580
1352
1352,1419
1354
1354
1357
372,1358
373,1358
2254,2252,2215,2190,2250,2184,422,2753,2355,2182,2209,2133,1483,1484,2253,2808,2136,2216,2165,2251,2809,2372,2213
1361
1364
1365
1366
2228,2794
1368
474,1370
1368
986,1369
1371
1370,993
1372
1374
1375
1376
287,2380
2183,2380
70,2183,2380,1416
1388
1624,1623
1271,1270
1527,1474,1831,1382,1520,1395,1380,1396,1377,1378,1384,1268,1669,1394,1381,36,1383,1379
1259,1260
1397
1399
1400
1406,636
1407,776
317,279
278,317
1412,1410
1413
1416
1421
1422
1423
1423,1692
1424
1427
1428
2178,2397,2171
1429,1428
1430
2298,2804,2306
1435,1447
1435,1446
2565,1436
1439
1442
1443
1444
1446
1447
1447,2070
1452,1453
1454,1458
1449,2660
1456
1541,958,2047,2048,1215,2315,2641,1489,887,190,2063
1458
1460,1458
1460
1462
1463
1446,2036
1486,1487,1485
1466,1465
2166,1467
779,1446,1469
1469,1470
1469
2798,2771,2839,2122,2277,2682
1475
1475,1103
1477
1478
1479
460,1745,542,1536
1481
1488
1488,1877
1493
1493,2581
1495
1498
1500,1501
1499
1502
2486,2485,2487
1508
529,597
2461,530
2206,911
1512,759
1485,1486,1487
1513
1513,1196
1518,763
806,1518
2558
2569,2568
1524,806
1526
806,1530
0,1531
1521,1531
2541,1531
2377,1522,2446,1180
2586,2377,1522,2446
1533,2369,2
2696,1533,2369
1534,1153,1180,1522
2446,1534,1180,1522
2586,1522,2446,1534
1267,1537,1701,1790,850
1541
1543
1544
1545
1546
1550,443
1566,1557,1808,880
880,1566,1557,1808
1556,1807
453,1559
2423,439,1558
2763,2759,2762,2760
2761,2763,2759,2762
1625,1087
1568,1089
1622,2638
2414,2402,2405
1607,2047,2048,1215,869,2063,2641,2787,1541,1477,958
2371,2771,2751
1607,1541,1477,2048,958,1215,2367,2362,2047,2854,2063,2641
2047,2048,1215,2843,2063,2641,2366,1607,1541,1477,958
1607,1541,1477,2048,958,1215,2367,2844,2047,2363,2063,2641
2063,2641,1541,1477,958,1607,2048,1215,2842,2047,2848,2363
887,190,1610,1489
958,2364,1607,2048,1215,2843,2047,2063,2641,1541,1477
1541,1477,958,1607,2047,2048,1215,2063,2641,2365
1541,1477,2048,1215,2047,2063,2641,958,870,1607
2367,2047,2048,1215,2854,2063,2641,2363,1607,1541,1477,958
1367,1613
763,1524
1526,1617
844,846,889,324
456,454
1619,1618
1615,2088
1616,1525
1617,1391
872,1541
1541
988,1354
1620,1525
815,814,817,1424,1413,818,816,820,1352,813,819,1421
1626
1814,1626
1627
1627,367
1631
1632
2010,2187,1636,1141
27,1633
1633,27,2230
2231,1633,27
1634
2772,2249,2426
1634,1635
2274,1639,905
27,1637,2230
1637,2229,27
27,1637,2231
1640
1668,1641
2327,1608
1646,1558
1644,1646
1608,2324
1645,1609
2327,1608
1651,1646
1647,1609
1648
1608,1648
1608,1649
1650,1608
1608,1652
1655
1608,2326
1657,1609
1658,1558
1609,1660
1665,1658
1662,1608
1608,1664
1666,1608
1667
1675
1674,1639
1680
1687
423,1687
1687,2255
1688
1689
1692
2774,1693
1695
1696
1698
1702
1703
1705
1718,1712
1717,1712
1235,1714
2628,1719
1720
1721
1722
1718,1712,1723,1721
1725
1725,1398
1736,902
1741
1739
1741
1741
1746,1749
1746,1750,1749
1668,1641,180
163,1389
402,1640
1760
1761,1639
1762
2322,1694
1709,1102,2094,1117,738
1765
1766
1767
1768
1769
1765,1770,1176
1787
1788,1688
2225,2120
1787,2724
2408,1787
796,797,795
1793,1773,1785,1779,1781,1784,1782,1774,1783,1780,1776,1778,1772,1771,1777,1775
799,800
803,801,524,804,525,259,802,805
1812,1814
1814
1813,1639
255,1655
1819
1819,1820
1821,1823
2085,1822
1824
33,1824
1845,1844
1836
1235,1836
1843
1851
1851,1140
1853
1854
1855
2802,2132,2764
1858
1860,569,364,1794,1554,1375,476,545,548,1273,443
1409,1858
1842,1840,1841
1853,1854
918,110
1873
1874
1197
2356,2222,1735,1427
1735,1427,2222,2394,107,203,2351,2312,2356,459
2727,1884
1885
1885,2727
1901
1903
1904
1905
1906
1907
1909
1910
1912
1915
1917
1918
1921
1923
1931
1932
1935
1937
1938
1939
1940
1941
1944
1945
1946
1947
1949
1950
1952
1953
1956,1954
1956
1957
1958
1959
1960
1963
1964
1965
1966
1967
1968
1969
1971
1975
1976
1977
1978
1979
1980
1982
1983
1984
1985
1986
1987
1988
1989
1990
1991
1992
1993
1994
1995
1996
1997
1998
2000
2002
2003
2004
2005
2006
2007
1457,1461,201,2007
1398,2007
1893,1891,1889,1896,1897,1888,1593,1898,1895,1886,1892,1894,1890,1887
2009
2009
2008,428
2015
2019
2021
2022
2024
2025
2026
2027
2031
2037,2035,2038
2039
2137,2743,2164,2116,2684
2042
2041,2043
2047
2048
2060
2062
79,2047
1421,1424,1413
1272,531,533,1430,2068
1607,2379,1541,1477,958,1393,1225,2047,1226,300,2063,2641,2049,1479,868,2787
2047,1226,2049,1479,295,2063,2787,2641,2379,1541,1477,958,868,1607,1393,1225
1393,1225,2047,1226,290,1479,2063,2641,2049,868,2787,1607,2379,1541,1477,958
868,2787,1607,2379,1541,1477,958,1393,1225,2047,1226,291,1479,2063,2641,2049
1226,1479,2063,2641,2049,868,2787,1607,2379,1541,1477,958,1393,1225,282,2047
2063,293,2641,2049,868,2787,1607,2379,1541,1477,958,1393,1225,2047,1226,1479
868,1607,294,1393,1225,2047,1226,2049,1479,2063,2787,2641,2379,1541,1477,958
2061,2060,332,2064
1236,2069
2081,2703
2082,1519
2071,1519,1446,189
2085
2088
2089,1105
2093,2091
2104
2104,1648
2104,2328
2109
1522,1153,1180,2636
2446,1180,2636,1522
2636,2586,1522,2446
2389,170,1119
2120
2123
2139
2140,2143
794,2141,1748
2142,2108
794,2146,1753
1753,794,2146
240,794
2152
2153,243
2108,2154
760,1748,242
2155
2156,245
2157,1374
2108,2158
244,794,1747
2159
2161,2108
1748,794,246
2166
2166,1466
1352,995
2174,1552,395
2176
2181
886,187
2186
2310,2196,2672
2196,2674,2310
2106,600,376,348,602,199,1834
715,709,713,2076,711
710,2075,714,712,708
603,1835,349,2107,377,601,200
2432,2431,2429,2430,2445
2200
2201
2202
2203
2204
2224,2547
2347,1742
1235,2328
2235
496,2235
1442,2235
2236
2237
2237,2236
1434,1432
1070,1045,1043,1053,1068,1041
2242,2244
2242,563,2244
6,2246
2245
2247,6,388
2248
2255
2256
2258,2259
1919,1920,2260,2263
2267,2260,2263
2264,2266
2274
39,2274
210,2017,216,217,224,220,226,219,215,225,218
1522,1180,1153,2283
2446,1180,2283,1522
1522,2446,2586,2283
2284
2285
2286
2293
1066,1060,1073,1080,1057,1078,1055,1083,1075
1048,1062,1058,1084
2320
1763,22
2344,2338,2341,2337,2339,2343,2342,2340
2323
2324
2325
2326
2327
2335,2331,2332,2333,2330,2329,2336,2334
2328
2329
2331
2332
1608,2345
1608,2348
1608,2349
1032,772,2045,207,535
771,206,534,2044,1031
2008,1248
1180,1532,1522,2446
2446,1532,2586,1522
1531,2268,2570
1531,2268,2559
2380
2383
2384
2385
2386
2396
2720,2705
2722,2707
2725,2399
417,2724
2726
2399,2727
2710,2729
1472,2403
2403,2406
2408,2404
2712,2731
2732,2713
2733,2714
2716,2734
2409,2415
2401,2413
2735,2717
2736,2718
2416
2417
1391,1621
2419
2420
2421
2424
2427
2428
2433,1448
2440,2438,2439
781,2433
2435,2434
2436,1448
1713,2433
2556,2554,2447
2456
1504
2458,782
2458,1469
2458,1680
2623,2458
2632,2458
2466,778,2614
1458,2472
2466,778,2614,1493
2467,1720
2467,2581
2468,2473,2474
2469,778
757,2470
1705,778,2469
2614,2470
1460,2471
1493,2471
469,2476
2477,1469
1680,2477
2477,2623
781,2479
2481,469
469,2480
782,2483
1469,2482
469,2488
2489,1469
2491,469
2492,781
2491,1125
1680,2493
2493,2623
2494,781
343,1358,1800,1201,1728,486,1797,492,1039,722,489,1803,416,1827,495,483,97,1830
2512,2514,2513
2515
2526,1522,2446,1180
1522,2446,2586,2526
2613,1363
1459,2529
2475
2530,1680
2530,2623
1460,2199
2533,1458
2631,2456
1437,2542
2544
2544,934
2546
2549
2555
2560
2563
1447,2564
2567
2572
2626,2625
319,2580
2625,2626
2585,2586
2590,2591
2594
2589,2588
2592
2597,2593,2596
2600
2463,2465,2462,2464
2608,1460
538,541,1708,775
780,2606
2607,757
1705,2607
2614,2607
2605,1458
1446,2609,1519,189
1446,189,1519,2616
2669,1460
2621
2628
2353,763
806,2353
2633,1
2634,1523
2637,1440
2695,2635
2662,2663,2661
2643,2654,2644,2655,2647,2645
2648,2658,2649,2659,2657,2653,2651,2640,2656
2650,2646,2642,2652
2664
2665
2665
2667
2668,785
2668,784
68,2675
2676
2677,65
68,2677
2670,388
2678
2689
596,528
2704
2704
2706
2707
2708
2713
2714
2715
2716
2717
2718
2719
2724
2725
2726
2727
2752
2755
1040,1050,1058,1046,1071,1064,1081,1049,1048,1063,1047,1062,1061,1076,1051
2755,2757
2773
2788
1862,761,767
2807
2810
2811
2811
2812
2747,2745,2685,2686,2746,2687,2744
1385,2162,2179,92,2194,2117,2234,106,2318
2814,2818
2683,2191,2125
93,2163,1386,2118,2180,2195
2193,2127,2359
2817,2820
2168,2739,2782,2699,2790,2775,2690
2748,2782,2699,2168,2128,2289,2393,2775,2207,2351,2312
2169,2691,2777,2701,2740,2785,2791
2208,2783,2352,2776,2392,2290,2700,2749
2824,2821
2822,2825
2829,2008,502
2828
1479,2063,2641,868,2787,1607,1541,1477,958,1393,2047,2048,1215
1352,2832
819,816,820,815,813,818,814,817
2833
2834
2837,2088
1424,1413,2831,1421
2836,1278
1421,2832,1143,1424,1413,1278,1352
2090,1093
2047,1215,190,2063,2641,2049,1489,887,1541
2845,1030
2846,1788
1144,1422,1353,1253,1147,836,1425,1372,1414,1371