299,382,-1.0
10,572,-1.0
1105,176,1.0
755,242,1.0
109,91,1.0
1113,113,-1.0
1133,539,-1.0
109,385,1.0
259,153,1.0
538,481,-1.0
705,135,-1.0
765,569,-1.0
48,440,-1.0
646,511,1.0
1006,220,-1.0
1030,325,1.0
71,87,1.0
190,23,-1.0
1223,166,-1.0
48,443,-1.0
903,169,1.0
743,294,-1.0
63,197,-1.0
338,83,1.0
80,440,1.0
727,303,-1.0
1064,232,1.0
299,437,-1.0
877,575,1.0
109,428,1.0
109,526,1.0
182,370,-1.0
284,325,1.0
635,334,-1.0
109,199,1.0
592,279,-1.0
1129,527,1.0
1148,371,1.0
829,105,-1.0
80,552,1.0
647,313,1.0
624,537,1.0
417,289,-1.0
170,448,1.0
536,72,-1.0
745,297,-1.0
1236,572,1.0
109,498,1.0
720,112,1.0
304,468,1.0
869,501,-1.0
173,391,1.0
558,410,-1.0
107,304,1.0
900,279,1.0
1246,583,-1.0
496,491,-1.0
1125,593,-1.0
553,480,1.0
322,340,-1.0
416,254,-1.0
1034,426,1.0
510,507,1.0
880,325,1.0
822,565,1.0
536,237,1.0
599,9,1.0
1232,325,1.0
710,74,1.0
106,1,1.0
1181,588,1.0
969,436,1.0
1293,11,-1.0
350,373,-1.0
692,544,-1.0
378,43,-1.0
78,50,-1.0
1179,130,1.0
1073,378,1.0
1195,221,0.0
664,559,-1.0
1261,334,-1.0
116,496,1.0
1139,279,1.0
1087,431,-1.0
973,173,-1.0
1115,250,1.0
733,202,1.0
29,64,1.0
778,503,-1.0
1089,522,1.0
54,51,1.0
1192,325,1.0
903,156,1.0
352,410,-1.0
109,400,1.0
999,248,1.0
421,252,-1.0
691,106,1.0
450,217,-1.0
508,387,-1.0
99,318,-1.0
299,144,-1.0
477,347,1.0
899,77,-1.0
1221,276,0.0
109,584,1.0
199,330,-1.0
347,592,-1.0
81,517,1.0
781,580,1.0
299,265,-1.0
109,178,1.0
248,134,-1.0
854,115,-1.0
919,256,0.0
862,47,1.0
416,516,1.0
843,564,-1.0
315,478,1.0
486,84,1.0
1103,70,-1.0
1228,207,1.0
665,504,0.0
0,276,1.0
1260,587,1.0
305,159,1.0
789,552,1.0
38,266,-1.0
33,403,1.0
299,417,-1.0
892,393,-1.0
945,554,-1.0
1018,526,1.0
37,535,0.0
109,331,1.0
109,135,1.0
124,253,1.0
818,168,1.0
316,137,1.0
1226,532,1.0
629,437,1.0
299,248,-1.0
515,324,-1.0
636,434,-1.0
1231,192,1.0
989,276,1.0
1014,181,-1.0
650,33,1.0
282,80,-1.0
706,260,1.0
1234,479,1.0
782,392,1.0
800,580,-1.0
1046,201,1.0
23,40,-1.0
109,573,1.0
358,26,1.0
47,189,0.0
417,420,-1.0
418,307,1.0
245,588,1.0
481,447,-1.0
711,240,1.0
923,299,1.0
131,221,-1.0
287,416,1.0
866,322,1.0
385,445,-1.0
732,114,-1.0
244,371,-1.0
847,135,1.0
109,319,1.0
579,257,1.0
612,4,-1.0
1047,76,-1.0
381,576,-1.0
1215,304,-1.0
435,571,-1.0
298,496,1.0
237,564,-1.0
1275,410,1.0
1023,553,0.0
736,325,1.0
299,512,-1.0
118,542,1.0
931,159,1.0
637,66,-1.0
349,371,-1.0
951,434,-1.0
1006,246,1.0
827,407,0.0
817,94,1.0
100,450,-1.0
309,19,-1.0
942,272,-1.0
1110,141,0.0
796,171,1.0
795,324,-1.0
574,124,-1.0
151,332,-1.0
179,425,1.0
140,382,-1.0
555,443,-1.0
335,520,1.0
475,147,-1.0
271,268,1.0
1159,329,-1.0
865,499,1.0
1017,589,-1.0
346,49,1.0
979,171,-1.0
105,538,-1.0
427,93,1.0
222,182,1.0
922,234,1.0
173,558,-1.0
1231,350,1.0
24,190,1.0
165,540,0.0
1154,21,-1.0
1266,92,1.0
274,193,-1.0
1059,170,1.0
343,283,1.0
1213,127,1.0
846,194,-1.0
246,4,-1.0
1034,578,-1.0
728,163,1.0
417,179,1.0
528,177,1.0
856,592,-1.0
299,291,-1.0
298,127,-1.0
109,397,1.0
390,442,-1.0
109,431,1.0
809,455,1.0
930,128,1.0
940,49,-1.0
814,531,1.0
299,521,-1.0
827,118,0.0
896,255,1.0
719,36,1.0
149,56,-1.0
957,154,-1.0
1020,368,1.0
109,26,1.0
114,28,0.0
775,30,-1.0
109,346,1.0
1218,401,-1.0
451,320,1.0
1252,492,-1.0
804,346,1.0
627,173,0.0
512,543,-1.0
1278,261,1.0
508,192,1.0
1061,469,-1.0
1243,149,-1.0
600,206,1.0
1252,85,1.0
903,231,-1.0
148,315,1.0
774,265,1.0
28,534,-1.0
386,325,1.0
221,12,-1.0
658,35,1.0
35,384,1.0
299,5,-1.0
1209,254,-1.0
572,52,-1.0
985,88,-1.0
109,427,1.0
526,208,1.0
569,109,1.0
587,0,0.0
541,8,-1.0
574,452,-1.0
15,300,-1.0
113,181,1.0
432,120,1.0
535,145,1.0
815,22,1.0
906,347,-1.0
242,464,1.0
991,472,1.0
247,101,-1.0
299,465,-1.0
857,46,-1.0
27,325,1.0
508,119,0.0
53,62,1.0
180,289,-1.0
740,386,-1.0
529,579,1.0
1148,521,-1.0
30,61,-1.0
15,54,1.0
315,443,1.0
894,575,-1.0
1239,153,-1.0
525,69,-1.0
1201,19,1.0
1111,291,-1.0
427,167,1.0
699,479,1.0
109,439,1.0
85,256,1.0
580,324,1.0
886,358,-1.0
593,573,-1.0
724,453,-1.0
299,28,-1.0
1079,596,1.0
109,474,1.0
44,195,-1.0
261,41,1.0
414,367,1.0
1072,176,-1.0
999,363,1.0
1265,341,-1.0
726,335,-1.0
482,304,1.0
845,534,-1.0
109,497,1.0
299,545,-1.0
172,460,1.0
1218,64,-1.0
886,108,1.0
652,538,1.0
389,59,1.0
1011,249,1.0
331,17,-1.0
310,359,1.0
167,325,0.0
812,104,1.0
642,236,-1.0
265,166,1.0
287,119,1.0
787,38,-1.0
1126,20,-1.0
1234,536,1.0
1098,408,1.0
19,296,-1.0
580,597,-1.0
823,433,1.0
677,587,1.0
99,547,1.0
1269,102,1.0
1013,576,-1.0
994,269,-1.0
904,280,1.0
571,33,-1.0
1047,24,1.0
803,506,-1.0
2,320,1.0
687,110,1.0
374,553,-1.0
87,11,-1.0
999,385,1.0
972,209,-1.0
299,109,-1.0
971,375,1.0
873,116,-1.0
109,550,1.0
299,502,-1.0
1185,398,1.0
687,511,-1.0
1138,240,-1.0
56,258,1.0
824,397,1.0
883,151,-1.0
1205,42,1.0
0,150,-1.0
1241,87,-1.0
289,192,-1.0
547,339,-1.0
969,143,1.0
1098,87,1.0
931,308,-1.0
321,178,1.0
838,226,1.0
595,560,-1.0
726,335,1.0
1200,581,-1.0
341,458,1.0
299,91,-1.0
653,450,1.0
780,238,1.0
190,312,-1.0
298,567,-1.0
1174,243,1.0
365,37,0.0
437,484,1.0
109,262,1.0
684,525,-1.0
77,103,1.0
1283,289,0.0
466,580,1.0
109,144,1.0
348,35,1.0
852,533,1.0
555,241,-1.0
299,526,-1.0
228,535,1.0
627,4,1.0
267,473,1.0
588,416,1.0
299,199,-1.0
327,85,-1.0
949,25,0.0
1124,86,1.0
208,118,1.0
895,268,-1.0
651,490,1.0
178,338,-1.0
887,45,1.0
224,494,1.0
1180,523,1.0
249,80,1.0
80,281,1.0
396,550,1.0
564,71,1.0
1213,367,1.0
157,405,-1.0
1,59,-1.0
1023,130,0.0
315,438,1.0
285,492,-1.0
1287,575,1.0
188,511,1.0
797,45,-1.0
52,556,-1.0
1045,45,-1.0
1175,470,1.0
694,426,-1.0
952,477,-1.0
175,237,0.0
508,320,1.0
427,37,-1.0
834,499,-1.0
578,301,-1.0
604,278,1.0
1005,147,-1.0
597,179,-1.0
938,412,-1.0
1201,120,1.0
751,345,1.0
268,37,0.0
543,275,1.0
406,132,0.0
1262,530,-1.0
444,214,-1.0
391,524,-1.0
1152,16,1.0
915,538,1.0
1216,505,1.0
995,108,-1.0
607,89,-1.0
1141,139,1.0
178,188,-1.0
138,497,-1.0
137,161,-1.0
298,408,1.0
707,183,-1.0
109,508,1.0
782,568,1.0
1094,114,1.0
110,110,-1.0
690,532,-1.0
1052,139,-1.0
300,277,1.0
766,152,0.0
223,310,-1.0
867,5,1.0
80,195,1.0
104,148,-1.0
1060,44,1.0
884,77,1.0
1248,191,-1.0
299,178,-1.0
290,394,1.0
41,23,-1.0
1202,527,-1.0
67,224,1.0
593,187,-1.0
5,529,1.0
98,130,-1.0
1201,501,1.0
732,536,-1.0
607,433,-1.0
146,392,-1.0
542,289,1.0
1283,420,0.0
656,407,-1.0
299,513,-1.0
849,186,-1.0
746,184,-1.0
1213,120,1.0
368,504,-1.0
514,337,-1.0
185,193,1.0
34,176,1.0
299,573,-1.0
560,325,1.0
1206,446,-1.0
299,585,-1.0
960,20,-1.0
299,201,-1.0
296,217,1.0
979,221,1.0
298,120,-1.0
145,439,1.0
362,325,1.0
534,518,-1.0
309,394,-1.0
109,296,1.0
933,403,-1.0
29,471,-1.0
299,73,-1.0
194,449,-1.0
109,122,1.0
1201,124,1.0
1052,69,1.0
109,140,1.0
611,593,-1.0
210,286,-1.0
415,227,-1.0
1172,180,1.0
1049,465,-1.0
912,75,-1.0
304,20,1.0
1279,209,1.0
522,356,1.0
925,226,0.0
555,242,-1.0
963,558,1.0
109,505,1.0
17,323,1.0
109,574,1.0
713,77,-1.0
1197,271,-1.0
101,50,1.0
1213,24,1.0
25,67,-1.0
318,480,-1.0
819,196,-1.0
566,170,1.0
103,103,-1.0
166,182,-1.0
1186,22,-1.0
283,325,1.0
631,485,1.0
762,243,-1.0
404,501,1.0
326,30,1.0
161,507,0.0
545,574,-1.0
109,465,1.0
1245,325,1.0
184,556,-1.0
553,473,-1.0
1136,588,-1.0
1222,99,1.0
890,419,1.0
1285,553,1.0
1134,553,-1.0
549,581,1.0
794,154,-1.0
1253,360,1.0
555,281,-1.0
1150,361,1.0
618,536,-1.0
218,188,0.0
189,123,1.0
280,61,-1.0
109,482,1.0
337,584,-1.0
781,325,-1.0
984,352,1.0
109,511,1.0
534,518,1.0
299,397,-1.0
879,529,-1.0
1008,358,1.0
770,69,1.0
1224,412,1.0
80,476,1.0
788,69,1.0
299,137,-1.0
1055,472,1.0
1095,580,1.0
641,146,1.0
598,430,1.0
1234,546,1.0
144,74,1.0
1002,502,0.0
250,36,-1.0
333,233,-1.0
339,596,-1.0
62,221,0.0
508,276,0.0
581,486,-1.0
669,191,-1.0
299,26,-1.0
682,313,1.0
227,575,1.0
423,168,-1.0
235,307,-1.0
980,118,-1.0
639,264,1.0
43,200,1.0
964,414,-1.0
1109,594,-1.0
1105,80,1.0
708,72,1.0
517,101,1.0
132,170,1.0
26,128,1.0
1052,352,1.0
681,101,-1.0
557,237,0.0
109,40,1.0
1161,78,-1.0
1036,63,-1.0
299,427,-1.0
1149,355,1.0
837,13,-1.0
719,238,0.0
1201,243,1.0
299,333,-1.0
84,326,-1.0
292,395,-1.0
619,123,-1.0
57,550,1.0
195,451,1.0
726,342,1.0
1121,194,1.0
1161,531,-1.0
45,115,1.0
431,519,1.0
109,456,1.0
1027,218,1.0
589,523,-1.0
1208,364,-1.0
1066,504,1.0
1189,539,1.0
1169,211,1.0
1213,555,1.0
1293,412,1.0
689,317,1.0
745,94,-1.0
537,37,1.0
508,247,1.0
122,234,1.0
299,439,-1.0
888,268,-1.0
1259,250,-1.0
1176,293,1.0
936,186,1.0
299,474,-1.0
336,492,1.0
1090,168,-1.0
183,290,-1.0
379,84,-1.0
455,260,-1.0
1272,325,1.0
1224,11,-1.0
551,376,-1.0
593,319,-1.0
593,122,-1.0
1122,379,1.0
967,482,0.0
593,140,-1.0
70,423,-1.0
712,565,-1.0
153,436,-1.0
373,25,-1.0
501,305,-1.0
501,164,1.0
48,495,-1.0
776,546,-1.0
111,474,1.0
744,327,0.0
4,170,1.0
76,252,1.0
1198,27,1.0
400,491,1.0
299,550,-1.0
439,172,1.0
128,387,1.0
135,346,-1.0
467,420,1.0
152,409,-1.0
1234,120,1.0
1281,350,-1.0
1161,215,-1.0
491,591,-1.0
108,588,0.0
961,267,-1.0
1135,409,1.0
1114,534,0.0
1213,327,1.0
79,53,1.0
511,456,1.0
789,327,-1.0
109,265,1.0
1147,78,-1.0
324,375,-1.0
731,325,1.0
508,106,1.0
839,124,1.0
273,411,1.0
485,74,-1.0
196,253,-1.0
890,430,0.0
446,348,-1.0
293,342,-1.0
298,170,-1.0
411,596,1.0
454,412,1.0
413,434,-1.0
481,35,1.0
842,73,1.0
428,302,1.0
503,435,-1.0
254,179,1.0
155,226,-1.0
810,117,-1.0
48,457,-1.0
1242,128,1.0
275,76,1.0
136,82,-1.0
92,96,1.0
80,242,1.0
688,222,1.0
678,454,-1.0
214,575,1.0
80,457,1.0
661,47,-1.0
1191,35,1.0
1171,591,-1.0
974,595,-1.0
583,408,-1.0
302,35,1.0
546,313,-1.0
295,345,-1.0
299,555,-1.0
213,354,1.0
868,542,-1.0
266,89,1.0
1276,250,1.0
798,132,1.0
997,192,1.0
474,515,1.0
1153,251,-1.0
722,39,1.0
561,488,-1.0
109,512,1.0
881,347,1.0
809,277,-1.0
174,287,-1.0
761,57,1.0
215,316,1.0
253,78,1.0
596,48,1.0
358,235,-1.0
1158,0,-1.0
882,31,1.0
493,411,0.0
612,175,-1.0
109,504,1.0
14,581,-1.0
902,259,-1.0
177,35,1.0
315,292,1.0
620,534,-1.0
1009,462,1.0
476,178,1.0
1122,355,-1.0
806,289,-1.0
607,314,1.0
1254,325,1.0
1050,564,1.0
1229,53,-1.0
946,235,1.0
889,38,1.0
109,513,1.0
996,53,-1.0
397,538,1.0
299,363,-1.0
612,86,-1.0
203,92,1.0
508,89,1.0
373,216,1.0
908,161,-1.0
209,390,-1.0
501,129,-1.0
109,377,1.0
903,288,-1.0
177,218,-1.0
708,403,1.0
270,131,-1.0
591,95,1.0
955,115,1.0
187,427,1.0
513,85,-1.0
663,489,-1.0
8,304,1.0
919,35,0.0
1217,359,-1.0
480,156,0.0
109,299,1.0
109,291,1.0
305,0,1.0
993,75,-1.0
90,505,-1.0
58,56,-1.0
311,35,1.0
12,500,1.0
341,442,1.0
332,237,0.0
784,42,-1.0
12,137,-1.0
299,508,-1.0
315,476,1.0
294,580,1.0
218,519,1.0
492,343,-1.0
1214,415,1.0
133,104,-1.0
298,264,-1.0
1277,117,-1.0
645,120,-1.0
701,346,0.0
733,344,-1.0
554,196,1.0
13,420,-1.0
303,549,-1.0
376,393,1.0
198,571,1.0
364,517,-1.0
869,380,1.0
612,285,1.0
831,522,-1.0
1248,29,-1.0
999,140,1.0
1034,577,1.0
562,432,-1.0
1194,404,-1.0
298,491,1.0
1286,535,-1.0
735,422,-1.0
246,32,-1.0
472,256,1.0
48,466,-1.0
329,128,1.0
534,416,-1.0
1120,561,1.0
1196,423,-1.0
763,1,-1.0
178,298,1.0
162,477,1.0
1033,417,1.0
299,38,-1.0
611,493,1.0
299,296,-1.0
508,37,0.0
200,284,0.0
297,233,1.0
80,495,1.0
737,578,1.0
299,122,-1.0
998,198,1.0
769,244,-1.0
109,293,1.0
665,559,1.0
538,350,1.0
159,408,1.0
119,203,-1.0
505,264,1.0
112,79,1.0
576,35,1.0
1225,288,0.0
80,292,1.0
1287,51,1.0
436,377,1.0
1069,510,1.0
673,116,1.0
773,467,1.0
299,574,-1.0
298,106,-1.0
502,121,-1.0
828,425,-1.0
109,333,1.0
832,256,-1.0
840,65,1.0
841,186,-1.0
299,126,-1.0
303,51,-1.0
47,591,1.0
337,486,1.0
1096,566,1.0
955,270,1.0
72,253,-1.0
958,227,1.0
277,481,1.0
108,72,0.0
457,20,-1.0
1141,311,-1.0
563,294,1.0
863,209,-1.0
154,368,-1.0
956,525,1.0
109,257,1.0
497,17,1.0
1276,503,1.0
1240,162,-1.0
243,434,0.0
1238,28,0.0
1292,467,-1.0
73,6,-1.0
470,400,1.0
1166,238,-1.0
299,482,-1.0
109,354,1.0
299,511,-1.0
1237,459,-1.0
1034,449,1.0
770,302,-1.0
214,458,1.0
1138,13,1.0
568,543,1.0
1244,423,1.0
1026,328,1.0
109,499,1.0
1218,401,1.0
959,8,0.0
309,190,-1.0
981,511,-1.0
1264,152,-1.0
425,170,1.0
573,359,-1.0
387,541,1.0
200,471,1.0
1070,437,-1.0
471,309,-1.0
334,563,1.0
18,85,-1.0
941,402,1.0
469,468,-1.0
717,407,1.0
1128,353,1.0
55,451,1.0
485,406,-1.0
965,81,-1.0
64,272,1.0
53,537,-1.0
286,566,-1.0
648,369,-1.0
409,453,1.0
882,389,-1.0
985,88,1.0
711,211,-1.0
255,582,1.0
999,573,1.0
94,516,-1.0
299,40,-1.0
278,412,-1.0
109,480,1.0
15,300,1.0
269,225,-1.0
796,18,-1.0
153,25,1.0
155,349,-1.0
836,58,-1.0
1262,211,1.0
1053,494,-1.0
807,85,-1.0
11,479,-1.0
22,316,-1.0
518,454,-1.0
293,540,1.0
356,593,1.0
50,68,1.0
719,501,1.0
1188,145,-1.0
1054,198,1.0
1291,128,-1.0
1234,114,1.0
109,16,1.0
460,567,1.0
299,456,-1.0
315,457,1.0
1212,184,1.0
918,333,-1.0
441,97,1.0
109,266,1.0
74,560,-1.0
66,325,1.0
212,454,1.0
441,198,-1.0
1157,111,1.0
654,594,1.0
436,71,-1.0
793,97,-1.0
878,554,1.0
1044,509,1.0
954,234,-1.0
605,115,1.0
245,72,1.0
1029,488,1.0
1039,554,0.0
465,270,-1.0
299,497,-1.0
1076,251,1.0
1078,545,1.0
49,407,0.0
109,368,1.0
567,374,1.0
1279,590,-1.0
754,131,1.0
478,173,1.0
944,477,1.0
31,307,0.0
40,403,1.0
680,138,-1.0
2,2,1.0
109,174,1.0
301,595,-1.0
256,163,-1.0
117,6,1.0
214,472,1.0
109,555,1.0
1213,526,1.0
927,334,1.0
487,10,1.0
1213,199,1.0
1015,0,1.0
523,546,1.0
625,151,1.0
307,239,-1.0
321,43,1.0
1007,548,-1.0
1194,229,-1.0
593,365,-1.0
298,526,-1.0
669,174,1.0
298,199,-1.0
447,320,-1.0
351,21,1.0
228,158,1.0
181,513,1.0
1100,482,1.0
613,114,-1.0
640,338,1.0
1280,63,1.0
928,19,0.0
932,325,1.0
675,308,1.0
251,34,-1.0
793,434,-1.0
298,35,-1.0
924,75,-1.0
1201,536,1.0
158,501,1.0
587,369,1.0
49,118,0.0
909,282,1.0
1220,269,1.0
937,343,-1.0
370,332,1.0
299,463,-1.0
401,39,-1.0
273,189,-1.0
204,340,1.0
190,312,1.0
904,361,-1.0
440,324,1.0
109,363,1.0
1262,441,1.0
246,321,1.0
1193,418,-1.0
667,36,-1.0
555,195,-1.0
299,490,-1.0
570,555,-1.0
42,197,1.0
59,138,1.0
848,225,-1.0
637,143,1.0
288,512,1.0
419,195,1.0
299,262,-1.0
1106,435,-1.0
308,583,0.0
1230,223,-1.0
68,393,-1.0
1252,419,-1.0
312,592,1.0
1251,367,-1.0
844,374,-1.0
1004,389,1.0
1092,199,1.0
1101,551,-1.0
402,325,1.0
109,173,1.0
556,261,-1.0
315,466,1.0
463,356,-1.0
392,147,1.0
299,499,-1.0
121,30,1.0
1065,223,-1.0
329,295,-1.0
999,155,1.0
1201,502,1.0
298,176,-1.0
1085,535,-1.0
1048,483,-1.0
298,283,-1.0
1133,309,1.0
134,16,0.0
1080,273,-1.0
758,583,1.0
742,412,1.0
315,495,1.0
621,373,-1.0
606,152,-1.0
1213,536,1.0
86,3,-1.0
1075,141,1.0
315,241,1.0
1132,413,-1.0
679,55,-1.0
299,504,-1.0
1203,563,-1.0
555,440,-1.0
999,90,1.0
847,100,0.0
306,539,1.0
1014,267,1.0
903,475,-1.0
555,292,-1.0
1083,129,1.0
357,145,1.0
1167,173,1.0
458,7,-1.0
109,38,1.0
1160,133,1.0
1035,351,1.0
992,579,-1.0
299,377,-1.0
391,524,1.0
988,365,1.0
1144,107,-1.0
686,53,1.0
109,31,1.0
1137,25,0.0
405,325,1.0
511,84,1.0
178,188,1.0
695,514,1.0
65,324,1.0
299,299,-1.0
1168,386,1.0
520,246,-1.0
109,437,1.0
228,237,1.0
1016,11,-1.0
1201,221,1.0
828,391,1.0
61,460,-1.0
104,148,1.0
335,381,-1.0
555,120,-1.0
395,325,1.0
48,478,-1.0
21,11,-1.0
356,456,-1.0
555,476,-1.0
752,119,1.0
1257,206,-1.0
129,529,1.0
89,254,1.0
1104,530,-1.0
916,119,-1.0
1117,166,-1.0
80,478,1.0
864,406,1.0
1009,54,-1.0
1250,587,1.0
617,8,1.0
509,61,1.0
314,191,1.0
1039,286,1.0
1028,285,-1.0
696,329,-1.0
615,204,-1.0
241,520,-1.0
309,452,1.0
1292,414,-1.0
236,290,1.0
216,365,-1.0
476,315,-1.0
1116,67,1.0
1206,446,1.0
92,143,1.0
853,557,-1.0
429,534,1.0
602,447,1.0
399,360,-1.0
453,134,1.0
821,11,-1.0
360,370,1.0
850,174,-1.0
205,441,-1.0
590,190,-1.0
534,390,1.0
789,69,1.0
919,297,1.0
1122,582,1.0
109,303,1.0
716,247,-1.0
892,115,1.0
811,60,-1.0
279,486,-1.0
229,325,1.0
461,489,1.0
847,424,-1.0
1114,157,1.0
437,274,-1.0
1197,35,1.0
608,205,-1.0
768,44,-1.0
109,382,1.0
299,293,-1.0
91,271,1.0
1123,7,-1.0
233,528,-1.0
95,439,-1.0
1267,327,0.0
792,287,1.0
897,254,-1.0
1201,452,1.0
321,351,1.0
319,435,1.0
1194,561,-1.0
109,155,1.0
548,576,1.0
718,508,1.0
449,220,1.0
741,124,0.0
1019,490,-1.0
446,98,1.0
732,546,-1.0
970,202,-1.0
728,352,-1.0
772,324,1.0
1142,100,-1.0
819,162,1.0
825,570,1.0
585,165,1.0
1097,124,-1.0
1093,58,1.0
927,126,0.0
1169,13,-1.0
207,496,1.0
732,479,-1.0
903,169,-1.0
252,487,-1.0
1088,284,1.0
199,211,1.0
299,257,-1.0
495,205,1.0
1007,268,0.0
1194,222,-1.0
1064,232,-1.0
1262,528,-1.0
1213,396,1.0
206,465,1.0
299,354,-1.0
232,96,-1.0
539,325,1.0
1201,549,1.0
361,470,-1.0
1201,378,1.0
855,306,-1.0
903,529,-1.0
1042,257,-1.0
437,274,1.0
315,281,1.0
430,56,1.0
753,506,1.0
109,547,1.0
320,11,1.0
588,390,-1.0
255,95,-1.0
704,263,1.0
80,357,1.0
1067,37,1.0
176,530,-1.0
230,379,-1.0
1058,317,-1.0
1136,158,1.0
231,587,1.0
1032,483,-1.0
826,27,-1.0
987,296,1.0
599,9,-1.0
822,262,-1.0
84,326,1.0
147,331,1.0
291,59,1.0
577,150,1.0
298,145,-1.0
703,409,-1.0
109,113,1.0
479,407,0.0
999,319,1.0
702,364,-1.0
2,580,1.0
48,292,-1.0
252,487,1.0
617,112,-1.0
1291,295,1.0
328,203,1.0
299,16,-1.0
1130,2,-1.0
603,303,1.0
109,49,1.0
1164,325,1.0
1102,198,1.0
1012,403,0.0
559,136,1.0
462,310,1.0
1151,57,-1.0
587,159,0.0
903,156,-1.0
1118,533,-1.0
779,325,1.0
2,441,1.0
1290,432,1.0
530,215,1.0
490,283,1.0
299,266,-1.0
120,514,-1.0
962,184,-1.0
109,463,1.0
1201,51,1.0
6,414,1.0
907,382,1.0
150,483,1.0
69,500,-1.0
459,35,-1.0
474,158,-1.0
721,17,-1.0
330,530,-1.0
452,44,-1.0
398,245,-1.0
871,36,-1.0
109,60,1.0
833,165,-1.0
420,458,-1.0
816,464,-1.0
317,490,-1.0
1227,528,1.0
975,321,1.0
1210,304,1.0
1207,83,-1.0
1000,341,1.0
33,237,1.0
299,428,-1.0
299,448,-1.0
785,541,-1.0
152,409,1.0
910,301,1.0
725,239,1.0
448,485,-1.0
1112,67,-1.0
808,213,-1.0
1037,413,1.0
920,386,-1.0
527,109,-1.0
443,107,1.0
317,379,1.0
1289,379,-1.0
341,582,-1.0
1009,276,1.0
1274,540,-1.0
342,291,1.0
1038,117,1.0
917,70,1.0
263,125,-1.0
904,306,1.0
1288,521,1.0
226,180,-1.0
601,264,-1.0
186,69,1.0
693,575,1.0
218,3,0.0
739,142,-1.0
906,503,1.0
109,444,1.0
532,590,1.0
442,502,1.0
650,214,-1.0
109,206,1.0
115,383,1.0
264,404,1.0
1162,81,1.0
1258,10,-1.0
1049,372,1.0
235,362,-1.0
377,154,1.0
1253,16,0.0
427,93,-1.0
382,144,1.0
612,481,-1.0
450,574,1.0
366,288,0.0
623,207,-1.0
1201,355,1.0
369,270,1.0
1247,141,-1.0
298,87,1.0
1091,15,-1.0
982,19,1.0
225,569,1.0
105,272,1.0
1025,37,1.0
802,197,-1.0
282,567,1.0
313,230,-1.0
678,1,-1.0
102,595,1.0
767,298,-1.0
299,584,-1.0
340,297,-1.0
809,455,-1.0
555,466,-1.0
519,411,-1.0
913,127,-1.0
649,474,-1.0
109,269,1.0
767,338,1.0
1024,493,-1.0
371,577,1.0
991,575,1.0
434,445,1.0
48,438,-1.0
898,528,1.0
759,28,1.0
714,183,1.0
299,247,-1.0
220,418,1.0
901,318,1.0
468,222,-1.0
1256,451,-1.0
521,398,-1.0
777,37,0.0
80,438,1.0
531,136,-1.0
939,119,1.0
483,106,1.0
550,98,-1.0
109,24,1.0
217,585,-1.0
933,562,-1.0
498,344,1.0
1284,133,-1.0
760,68,-1.0
299,331,-1.0
632,397,-1.0
946,215,-1.0
1082,92,-1.0
1122,538,-1.0
315,228,1.0
903,288,1.0
143,322,-1.0
870,412,-1.0
1243,230,1.0
1183,510,-1.0
749,28,-1.0
948,107,1.0
171,34,1.0
672,555,1.0
1184,396,1.0
168,426,1.0
299,31,-1.0
109,415,1.0
1108,450,-1.0
299,566,-1.0
53,62,-1.0
1081,413,1.0
1280,258,-1.0
34,567,1.0
398,204,1.0
36,325,1.0
697,279,-1.0
1040,570,-1.0
127,586,-1.0
427,167,-1.0
1156,86,-1.0
80,443,1.0
1107,245,1.0
303,549,1.0
464,35,1.0
983,103,-1.0
372,160,1.0
968,330,1.0
601,583,-1.0
272,229,1.0
344,116,-1.0
130,507,-1.0
1207,554,1.0
1021,142,1.0
735,422,1.0
246,32,1.0
191,477,-1.0
363,526,1.0
315,357,1.0
32,115,1.0
622,597,1.0
921,388,-1.0
626,236,1.0
33,562,1.0
977,266,1.0
83,395,-1.0
384,543,-1.0
708,321,-1.0
904,280,-1.0
3,434,1.0
500,342,1.0
1031,99,1.0
896,7,1.0
1131,60,1.0
345,472,-1.0
158,380,-1.0
424,366,1.0
39,556,1.0
1213,511,1.0
1222,328,-1.0
861,12,1.0
575,219,1.0
299,431,-1.0
298,536,-1.0
1173,101,0.0
1255,39,-1.0
781,185,1.0
533,346,0.0
801,498,-1.0
489,12,-1.0
921,210,1.0
1145,421,1.0
709,597,-1.0
729,517,-1.0
969,143,-1.0
1119,351,-1.0
410,35,1.0
694,14,1.0
929,125,-1.0
93,328,1.0
507,530,1.0
514,584,1.0
299,155,-1.0
830,172,-1.0
999,187,1.0
299,126,1.0
1077,231,1.0
164,562,1.0
1177,179,1.0
756,105,1.0
1178,560,-1.0
257,273,1.0
634,65,-1.0
80,228,1.0
757,121,1.0
786,214,1.0
266,314,-1.0
921,388,1.0
1282,428,1.0
437,484,-1.0
383,2,1.0
747,152,1.0
123,406,1.0
299,90,-1.0
1084,149,1.0
1041,157,-1.0
202,242,-1.0
445,323,-1.0
552,55,1.0
999,91,1.0
1237,459,1.0
609,337,1.0
1118,532,-1.0
659,383,-1.0
192,416,1.0
943,175,1.0
990,316,-1.0
443,89,1.0
1101,333,1.0
20,361,1.0
771,97,-1.0
353,452,-1.0
660,39,-1.0
299,187,-1.0
299,378,-1.0
1182,257,1.0
1099,570,-1.0
756,41,-1.0
805,552,-1.0
676,336,-1.0
139,81,-1.0
299,547,-1.0
504,587,-1.0
426,526,-1.0
109,73,1.0
750,177,-1.0
258,205,-1.0
161,589,1.0
2,267,1.0
499,127,1.0
674,366,-1.0
671,485,-1.0
1293,325,1.0
234,39,-1.0
643,431,1.0
953,327,1.0
1015,462,-1.0
610,39,-1.0
80,516,1.0
109,490,1.0
155,349,1.0
876,100,1.0
16,429,1.0
193,412,-1.0
443,433,1.0
109,448,1.0
299,480,-1.0
508,304,0.0
1146,14,-1.0
163,75,-1.0
261,399,-1.0
15,276,-1.0
670,391,-1.0
211,421,-1.0
734,113,1.0
594,99,-1.0
1165,501,0.0
299,49,-1.0
379,551,1.0
1043,408,-1.0
197,37,1.0
219,177,-1.0
947,225,1.0
1267,69,1.0
1235,339,1.0
1027,542,-1.0
1187,33,-1.0
813,132,-1.0
299,523,-1.0
287,390,-1.0
240,52,1.0
49,193,0.0
498,282,-1.0
1163,325,1.0
782,568,-1.0
508,416,0.0
363,461,-1.0
471,23,1.0
261,589,-1.0
860,325,1.0
299,498,-1.0
905,213,-1.0
380,130,-1.0
298,479,-1.0
783,212,-1.0
198,200,-1.0
835,85,-1.0
1057,311,1.0
460,176,1.0
730,48,-1.0
341,305,1.0
748,280,0.0
67,224,-1.0
109,248,1.0
1201,114,1.0
494,460,-1.0
299,368,-1.0
80,241,1.0
1265,463,1.0
169,569,-1.0
1233,325,1.0
872,284,-1.0
141,396,-1.0
828,348,1.0
109,585,1.0
109,201,1.0
299,174,-1.0
1056,364,1.0
1270,561,-1.0
82,238,1.0
1211,247,1.0
359,185,-1.0
298,250,1.0
261,399,1.0
1007,548,1.0
771,198,1.0
201,208,-1.0
668,585,1.0
1068,509,-1.0
1194,71,-1.0
97,294,-1.0
396,490,1.0
950,40,1.0
433,194,-1.0
1062,63,-1.0
1155,204,1.0
156,73,-1.0
644,515,-1.0
1219,360,-1.0
407,256,1.0
299,400,-1.0
1127,340,-1.0
109,247,1.0
249,176,1.0
593,363,-1.0
1143,545,-1.0
260,323,-1.0
320,412,-1.0
666,325,1.0
146,376,1.0
655,417,-1.0
1051,586,1.0
933,237,-1.0
1022,355,-1.0
1204,469,-1.0
51,213,1.0
782,210,-1.0
367,482,0.0
1071,18,1.0
616,46,1.0
1055,575,1.0
875,461,1.0
999,122,1.0
60,496,-1.0
935,482,-1.0
299,243,-1.0
299,394,-1.0
473,185,-1.0
299,444,-1.0
321,235,1.0
299,206,-1.0
1097,544,1.0
1213,114,1.0
874,24,-1.0
1273,261,-1.0
1263,162,-1.0
88,377,-1.0
565,102,-1.0
934,325,1.0
422,10,1.0
555,536,-1.0
508,350,1.0
298,114,-1.0
299,135,-1.0
614,179,1.0
824,239,-1.0
1003,75,1.0
1190,35,1.0
109,566,1.0
46,250,-1.0
978,353,-1.0
1222,200,1.0
1004,398,0.0
109,137,1.0
516,64,1.0
1010,250,1.0
738,416,1.0
354,131,-1.0
109,521,1.0
394,226,-1.0
851,372,-1.0
299,173,-1.0
506,493,-1.0
125,375,0.0
299,385,-1.0
323,514,-1.0
586,511,-1.0
299,319,-1.0
641,146,-1.0
719,546,1.0
86,3,1.0
630,336,1.0
555,114,-1.0
299,269,-1.0
1194,263,-1.0
1001,469,-1.0
1170,31,-1.0
928,452,0.0
685,522,-1.0
855,212,1.0
903,475,1.0
484,186,-1.0
1201,544,1.0
891,110,-1.0
109,5,1.0
109,523,1.0
1201,479,1.0
388,581,1.0
1123,255,-1.0
508,491,-1.0
262,112,1.0
555,457,-1.0
823,314,1.0
372,541,-1.0
1034,105,-1.0
355,125,1.0
325,160,-1.0
31,362,1.0
719,394,0.0
1194,384,-1.0
321,437,1.0
80,466,1.0
315,440,1.0
555,228,-1.0
584,66,1.0
228,403,1.0
820,119,1.0
966,395,1.0
238,79,-1.0
142,496,-1.0
859,286,-1.0
1268,262,1.0
628,370,-1.0
281,444,-1.0
239,325,1.0
1086,402,-1.0
299,415,-1.0
858,189,1.0
73,43,1.0
375,249,-1.0
438,577,-1.0
582,498,1.0
393,415,-1.0
443,166,1.0
335,381,1.0
764,343,1.0
109,28,1.0
544,159,-1.0
926,183,1.0
657,15,1.0
1271,111,-1.0
247,219,-1.0
976,259,1.0
276,278,-1.0
1113,405,1.0
799,275,-1.0
109,545,1.0
723,430,-1.0
633,352,1.0
403,161,1.0
638,403,0.0
1063,469,1.0
683,182,-1.0
160,373,1.0
299,346,-1.0
1119,497,1.0
1213,479,1.0
408,560,0.0
524,325,1.0
109,90,1.0
1122,379,-1.0
700,223,1.0
488,170,1.0
341,164,-1.0
109,417,1.0
911,536,1.0
698,472,1.0
555,357,-1.0
853,557,1.0
7,325,1.0
211,338,1.0
715,429,-1.0
1249,559,-1.0
508,166,-1.0
790,29,1.0
919,170,0.0
1038,158,0.0
109,109,1.0
638,369,-1.0
412,251,-1.0
791,277,-1.0
9,329,1.0
287,393,-1.0
540,560,1.0
662,441,-1.0
914,231,-1.0
847,424,1.0
885,39,-1.0
109,187,1.0
893,141,-1.0
508,92,1.0
1199,444,1.0
555,479,-1.0
1074,519,-1.0
75,175,-1.0
299,303,-1.0
719,380,-1.0
1034,488,-1.0
986,594,-1.0
96,244,1.0
1140,82,1.0
456,4,-1.0
126,63,-1.0
