0
166,249
1
208,243
2
3
5
6
7
130,165
36,99
140,288
8
9
10
11
90,242
12
14
15
17
18
19
20
21
22
37,135,218
23
24
25
66,181,265
236,272
28
29
30
31
5,214,287
33
34
36
122,198
48,50,324
135,218,259
139,155
38
102
121,175
4,88
114,206
42
75,79,89,112,113,230,238
111,171
117,174
198,264,288
46
47
285
135,193
187,283
52
53
54
55
56
57
58
59
61
63
252
67
69
70
71
72
90,300
73
99,125
76
77
78
14,244
80
82
83
84
85
44
32,99
37,135
91
92
260
93
95
151
96
97
99
100
101
232,298
28,178
103
105
210,257
106
107
171,298
108
100
110
111
196,281
114
216,305
115
116
117
118
120
121
123
148,237
124
94
126
171,241
129
253,283
110,265
43,222
132
133
185,250
134
135
276
137
152
138
5,12,36,67,287
140
141
142
143
144
145
146
131,147,256
49,218
149
213,253
153
154
155
156
157
158
159
67,99
66,181,216
160
161
165,211
163
164
26,215
251,279
167
168
169
35,81,150
172
119,224,323
174
13,173
176
177
162,190
178
16,100,132
179
203,316
180
40
182
72,241
60,309
104,253
188
135,218,277
88,257
189
190
37,98
191
192
98,277
72,111
194
135,259
74,304
195
199
200
171,241
48,197
201
202
203
3,100,132,228
134,246
205
166,244
207
135,277
213
68,233
209
128,312
216,224
26,186
214
62,170
216
217
218
219
220
221
222
223
225
100,183
227
228
231
229,325
234
176
48,324
235
283,292
216,288
39,265
239
240
241
135,198,264,288
207,310
111,171
243
48,197,295
244
64
86,226
245
246
247
267,303
248
204
36,313
253
38,58
257
65,109
119,224
261
243,281
263
28,178
265
30,49
266
165,253
163,273
268
269
270
271
2,59
27,45
274
275
278
279
290
280
121,210
258,262
282
161
284
136,141
146
145,241
286
135,140
287
288
289
291
215,254
253,307
293
294
296
297
51,90
299
127
25,298,319
301
302
303
90,265
212
306
41,93
255
308
87
90,225
311
313
314
315
184
317
318
319
320
321
322
323
98,259
140,216
326
