2632,2631
13
2079,38,236,385,1270,1271
766
1748
389
1072,1074,1047,1049,1045,1057
918,917
373,1545,2108
437
2414
1959
2537,784
1349,1348
400,1119
2422,2408,2417
1427,820
2761,2397
306
1398
309
1009,275
2580
1243
1955
1890
1367
1453,311
1269,183,1477,238
2078
451
127
599,531
452
2310,2089
265
433
1180
794
393,395
1913
507
1572,884,1563
2287
2835
517
1145
2503
1963,845
1190,1187,1186
2592
696,686,694,690,692,688
2145
1002
189
2339,2342,2340,2341,2337,2343
291
2393
1427,1430
1459,1458
36
1958,1972,1914,1849,1944,1980,1960,1999,1951,973,1943,1971,1968,1964,1976,1998,1969,1910,1957,1949,1549,1983,1965,1942,1985,1982,1952,1954,381,1973,1974,1945
2020
1650,1652
1879
195
2841
1956
2173,2072
610,611,612
257
812
831
2684
766
1150
2309,1126
2191
189,181,2380
609
2795
936,2554
554
2273,2266,2269
1106
1152
882
566
1034,2852
2335
2854
2353
2482
2327
2641,2701
8
1423
1857
1188
1683,1684
1772
2829,2832
1896,1902,1892,1897,1900,1901,1904,1599,1893,1903,1898,1899,1895,1894
2696,2746,2797,2174
414,1479
962,1231,2647,2054,1483,1613,873,1230,1547,1485,284,2386,2794,1399,2052,2068
173
1992
1941
1454
2769,2770,2768,2766
437
1530
846
28,2237,1643
149,734
709
1676,1690
1934
1750
2627
1263
1974
2472,2620,781,1499
2578
1504,1314
70
329,327
1301,1300,1304,1305
2566
2154,2151
785
1672
1671
1240
1685,781
581,589,591,585,590,587,593
1260
469,470
1412,639
2261
2455
1335
368,2636,2618
2014
2492,2491,2493
1150
2625
260
196
2637
1254
1451
1979
2093
944,940
2090
1921
168,1226
1030
476
971
1695
1120,399
72
2612
1819
2036
954
2354
960,959
779
997
2053
1747
970
2539
2103,2107,2105,2101,2106,1678,2104
280
2010
1643,2235,28
165,1395
2042,2040,2043
2054,292,1485,1483,1613,2386,1230,1547,1399,2052,2068,962,1231,2794,2647
1608
1528,2384
2023
549,550
2052,2387,2053,762,873,1547,2382
2563
1013
471
320
1329,2018
946,949
2819
842
398
287
2423
2012
2606
1719
1703
1173
2243
1568
1932
1849
449
1235
2236
1940
1481
1969,1910,1985,1982,1952,1954,1974,1945,1958,1914,381,1973,973,1943,1976,1998,1849,1944,1949,1980,1549,1999,1951,1983,847,1965,1942,1971,1968,1964
1528
2331
1820
579,986
1998
1444
2149,2146
920
1739,1736
1614
285
2109
1870,1867
2584,931,926
1355
1951
895,613
2187
887
2013,505
2226
2403
1284,2843
2367,4,1242,2368,5
2447,2446,2445
1930
546,366,479,1800,551,1866,1560,445,1279
2059,2063,2060,2055,2064,2062,2056,2057
303,104
578
1534
983,981
1538
1574
1944
2473
1665,1659
1807,1732,1805,1204,1801,1041,1361,723,490,416,97,496,1831,342,493,487,484,1834
2850,962,2647,1613,2373,2053,1483,1547
2462,782
1985
2019,1330
1541
982
790
843
871
1347
1142
239
2176,2388
1698
1276
2734
2067
1399,2068,962,2647,2054,2052,1231,1485,1613,302,873,1230,1547
278,408,453,1486,922
1706,1839,573,1040,59,1424,57
1136
1453
1822
384,1352,1356,1357
1674
2371,1483,2053,2855,2052,2647,1220,1613
1167
2509,2511,2510,99,1364,1803,2515,2516,2517,2512,725,1806,1809,2514,2513,2508,2505
614,608
193
1848,1846,1847
2629,2536
2093
111
1321
2681
753,747
1427,1358,819,823,1419,1284,1430,1148
2743
704,702
733
1358
2617
2802
235
1089,2624
654,895,653
1520
2098,2096
784
2381,2225,2788
2441,2442
2685
580
1908
1997
33
1616
734,127
1403
622,620,618
2088,1353
1746
2839,1358
375,1364
874,1547,2794,2052,2068,962,2647,1220,1613,1483,2053
1864
924
2845,2765,2687,2862,2140
430
2338
772
1776,1181,1771
2303,2311,2246
2833,2830
1540,1158,1528
288,1140
52
1196
1537
337
990
2475
363
764
435,439,1016,1020
290
1323
2356
2241
2307,721,2315
104
357
1977
1972
2717,2736
1003
836
974
272
1537,2565
2762
1929
64
1251,1248
919
910,186,1764
420
1131,468
1414,1279,551,366,479,1560,572
1176
1962
45
762
2453,2592,2384
160
63
2335
405
1524
2837
1954
359,854
1401,1385,1390,1837,1386,1387,1526,1388,1389,1480,37,1274,1533,1400,1384,1402,1383,1675
1560,445,1381,1414,1279,572,546,366,479,1800
268
1448
1536
1670
1350,1348
2044
34
1446,2643
1625
2721
274
2271,2263,852,2268
1218
283,294
2262
818,821,819,823,817
543,777,1713,540
927,1862
1307
1562,1813
1482
2347,2348,2344,2346,2349,2350,2351
1852
2840
85
1505
2598
592,583,656
1261
1554
2740
370,401
2629
433
1166
12
2390
2426
138,137,140,136,139,142,153,141
1178
848
650,648,649
79
1364,2506,2515,2517,725,2508,2505,495,1043,492,2516,2512,2514,344,486,2509,489,2511,345
1216
1232
81
1843
1116
832
2237
2308,2812,2316
1370
1155,1156,1154
1485,2053,1483,1230,1547,1399,2052,2068,962,1231,2647,1613,2387
1497
432
176
2052,2068,962,2647,2053,1220,1613,2372,1547
354
1860
874
2002
2278
781
1814,1558
1430
473
1288,1286,1287,1289
1375,1421
2254
1244
1004
1614
1688
551,1560,445,1381,1279,572,546,479,1414,1800
732,730
660,676,680,678,699
2109
2292
2394
857,856
2608,988
1552,2271,1926,850,852,908,2268
1472,1471
40
1346,1344,1326,1325,1331,1333,1338,1332,1334,1337,1345,1336
675,673,698,671,669
2274,2576
1170
2729
1634
2601
2387
1210
1483
973
809,310
1547
1887,683
239,299
353
1725
1428
617
2215,2362,2222,2188,2142,2221,2171,2196,2259,1489,2260,424,2816,2379,2256,2760,2815,2257,1490,2190,2258,2219,2139
2210
1946
1317
999
998
2053,1483,1220,1613,1547,962,2374,2052,2068,2370,2647
1132,1134
26,25
952
2660,2661,2650,2653,2651,2649
2571,1442
339,1006
760
391,394
2483
1463
2429,2239,2810
289
381,847,1982
2033
1543
2208
1158,1528
191
1275
2673
1279,1555,1381
40
1093
1793
1563
361
860
1645
1528
763
2828,2831
267
2015
2052,2068,2859,2370,2647,2053,1483,1220,1613,2851,1547,962,2374
1667,420
2009
2503
1521
1841,202,351,606,379,604,2112
1091
259
1644,2280
1122,1106,2099,741,1715
752,754
1731
955
63
2120
2734
1466
374,1364
624,651
2522
2610,152,147,146
2600
932,934
1427
14
119
340,341
1768
1519
1124
805,528,261,807,808,527,804,806
560,556
1171
387
259
124,122,123
1145
776,1712,542,539
2858,2856
1767
282,383
1547,962,2374,2068,2647,2053,1483,1220,1613,2370,2851
300
2809
1976
1993
2172
2053,1613,1547,2068,962,1220
2502,704,895
2558
1663,1615
536,535
895,2528
2672
278
2836,2013
1199,2279
1092
1842
87,115,554
360
1441
1860
975
1564
1449
1014
2032
888,366
511,902,309
2167
1747
110
1372
309,525,526
847
1255
326
891,2647,192,2053,1220,2848,1547,2052,2068,1495
324
1172
2698
1175
2209
2416
28,2237
43
2003
2527,615
1971,1975,1981,1958
1860
564
873,1230,1485,2386,962,1877,2794,1399,2068,1231,2647,2054,1483,1613
2428
308
2587,2473
1625,1624
2189
1138
1273,1707,1796,855
1551
1312
1403
739
2533,2086
1473
1912
1091
1931
2265,2264
129
2337
2864,2383,2745
1996
2700,445,1560
2418
21,2405
2293
1963
597,595
1008
455,1565
2060
2713
1680
1502
2635,2633
207,1765,406,1396
818,1358,1148,817,832,1427,822,833,1419,820,2686,1430
1614
2573
2422
1933
2027
872
248,797
962,2052,2068,2370,2647,2849,1483,1613,2855,1547
869,867,865
2404,2184,2177
993,1284
301
640,641
2794,2054,2052,1231,1485,2647,1483,1613,2386,873,1230,295,1547,1399,2068,962
2160,2113
392
1434
1266,1265
1522,766
76,77,74,73
742
1029
1115
1404
1643
2712,2727
2604
1501
1237
1238
841
1217,1212
2075
2489
1553
2741
2248
1358,1148,1284,1427,1419,1430
1935
2355
2780
1397
1419,1284,1430,1148
2733
2227
1262
2462
2818
1310
731
1842
526
532,600
120
607
1514
1922
895
2360
1630,1629
1068,1062,1075,1085,1055,1065,1051,1050,1067,1044,1054,1053,1080
1187
2559,2579
2866
1382
844
2052
2645
1354
1568
2857
2666
2434
413
1795
316,315
2432,2116,2224,2223,2218
2710
1693
534,1436,2073,536
313,367,368
1662
45
1140
722,2314,2306
1964
1339,1342,1343
1771
1844
837
1148,996
2483
1475
1550
1718
1011,1012
1614,1655
2237,1147
1374
706,708
1168
755,757
1328
121,116,1515,161
1953
2012
102,2183
315
1729
1999
2081,714,716,718,712
1666
744
2818
19
972
2387
249,2166
921
1299
190
330
2155
923
1686
2525
1830
1149
1124,1762,107,1872,2396,814,56,172,1410
1351
1961
2593
2726
922,112
1575,1577
328
81,82
2341,2337,2340,2339,2342
760,2476
309
134,143,145,136
194
1318
2570
1324
766
1578,1576
1223
766
1759,797,2152
1114
744,1118
761
745
902,523,309
1223
380
15,2590
1981
325
1484
1627,1397
1253
167
2282,2281
1241,2074
2330
1542,462,545,1751
1475
1340
2152
403
362
2332
1880
1417
1,2639
642,895
709
2773
1708
472,2487
2162,247
2738,2719
1766
1496
162,2501
1919
2725
1327,2016
853
22
1654
972,2621
2450,2449,2448,2451,2444
2550
1137
1448
1551,2263,1552,2271,852,1926,2268
1201
1429
2249
1245,1145
2433,2255,2779
1830
480
457,459
316
1140,1358
148
445,1279,1800,547,551,1866,479,1560,1381
93,92,88,90,42,91,41,89
1711
2284
1800,551,1866,1560,1381,548,1279,572,366,479
189
2464
743
1983
1430,1427
1942
1360
1936
2134,2762,2213,2358,2319,2705,2789,2755,2782,2400,2296
1285
1495
2671
241
1191
2181,1197,2703
744
2241
157,156
180
1820
1492
861
2288,2245,1105,2375,1104,2124,2137
440,1021,1017,436
2026
2629
1147
1232
184,237
322
1211
2301
738
2339
2427
1452,2622
2345,2347,2348,2349
1541
2207
1137
2192
710
1435
2252
2588,1089,2624
2814
1298,1294
700,681,677,679,661
781
1973
1374
390,262
1861
86
1328
499
358
1405
1651
213,214,216,215,224,225,232,223
1987
689,687,691,685,693,695
978
1436
2333
1761,423
2526
2028
198
1451,1229,49,1234
953
2589
2499
1986,66,771
266
976
2562,2560,2454
763,244,1754
2723
276,2113
2605
944
1018
2471,2470,2469,2468
474
2638
2161
530,422,1409,1571,2045,1677
2148,2113
355
2031
348
2734
1091
2141
425
2051
2668,2669,2667
2732
2261
1320
464,2678,1107
286
2053,1547,2068,962,2647,192,1220
862
1296,1297,1295
563
211,2806,1103,2324,737,1098,1099
2497
1140
2771,2216
1366,1498
69,68
1639,28
1555
1792
1886,628
1816
1775
2250
2824,2827
22
101,740,103
1686
1620,409
2620
725,1364,1043,2516,2517,2512,2513,418,486,2505,489,2511,345,2510,2506,2507,2515
792
1825
1794
1203
2312,2247,2304
1926
327
2156,243
1938
1817
1441
119
264
827
2053,1483,1613,2068,962,2794,2052,1485,2647
912
741
365
53
594,646
1980
965,2275
2551
1918
2291
1433,205,2689,1741
1829,1827
2733
2008
2458,2457,2459,2456,2460,2461
2038
2292
1093,991
30
1316
1494
1276
2630
2435
2129
701
1025
943
251,254
1657
1252,1249
1770
1330
1452
1548
1949
1958
759
1724
51
1654
647,637
1511,972
2764
2724
783
314
885,1558,1811,1812
169,746
2693,2691,2752,2692,2753,2751,2754
327,505
174
581
35
2443
1812,886
2069,2066,2065,334
1284
979,923
30
1466
2284,2147,2286,1380,2285
2710
366
1697,1696
2749
1441
1101
1179
358
914
1158
994,1631
2823,2834
788,2674
269
1971
2715
781
357
1752,1756
835
1702
2014
594,588,585,813,590,586,584,587,593,581,589
2548,1443
2126
58,980
963
2228,1741,1433
347
2000
2249,565
1162
291
2187
1239
71
2799
328
962,2647,1613,873,1547,1485,297,2386,1230,2794,1399,2052,2068
966
508
2742
562,558
1200
1472
2269
668,672,664,670,666,697,662,674
1406
1512
844
756
399
2299,1482
2489
1148,1427,1358
1311
242
1815
1561
1014
1622,1531
2561
1746
104,2387,75,304
1689,1687
1284,1427,1148,823
1623
2620
1475
445,1556
475
1188
2039
1148,1358,1419,1430,822
2212,915
2024
338
1240
1735,1738
1573
312,2616,2623
2820
1614
859
1066,1052,1088
2430,1564,441
2113
1994
1660
1165,1163,1160
2731
2285
1014
1925
1447,2136,2402,2389,2793,2395,2194,2361,2846,2135,2778,2232,2144,2800,2195
2415
1223
1531
1200
2318,2294,2704,2804,2130
829
664,680,662,659
1213
1614,1658
2431
1200
1433
1188
2844
1291,1039
968
1646
1858
1745
1258
159
1527,1537
894
520
2005
1421
382
1504
369
1485
1704
2666
1821
1028
17
510,902
1309
1192
2787,811
1888,1411
1667
307
1815
1664
2377,2576
928,1863
16
1508
1748
48,913
2420,2409
317,279
607
60
2399,2359,2297,2706,2783,2756,2790,2214
598,596
907
151
876
18
1679
369
1158,1538,1528
1722,1721
2336
24
465
1995
1828
652,625
2047
2523,2524
473
1093
1747
87,2077
1106,291
1027
1478,2411
1278
1109
437
1881
182,1647
2552
239
1182
84
2490
1871
346
2723
28
233
1224
2392
908
1905
890
388
305,446
2280,909
1691
889
1968
2127,2302
1488
2795
969
2647,2053,1613,1547,2369,2068,2861,962,2374,2052,1220
1885,2203
829
2739
2289
975
50
552
1567,100,421,1033
2550
309
1859
1207
2231,2126
477
1673
1231,2647,2054,1483,1613,1230,296,1547,1485,2386,962,2794,1399,2052,2068
794
2613
319
420
2484
2343
235
1161
2739
2357
428,429,426,427
1555
410
1709
1279
252,1758
1462
442
518,309,902
834
108,2122,1391,2200,2168,2240,2325,2185,94
734,158
463
1378,1259,840,1149,1359,1420,1377,1428,1431
2615,1452,1525,191
2496,1130
1947
245,2159
2663,2657,2662,2664,2654,2659,2646,2665,2655
1628,2644
770,1868
2298,2708,2763,2785,2748,2757,2791
2001
1860
1638
1253
1549
80,166,78
1539
1415
1544
2575,2574
1572
263
1923
705,707
2642,1528
421
916,1873,185,188,1763,1878,989,1125,411,828,187,179,1517,1225,1884,1144,1509,825,826,2070
1686
27
1800
125,132
2065
1113
228,227,212,220,2022,226,221,222,218,219,217
1978
274
1726
372,371
1127,1129
1614,1656
280
1108
83
1394
2728
1159
2
1917
1018
926,2585
271
2477
1211
891,2647,192,2054,1547,2052,2068
1906,1744
1151,920,830,1516
1952
2631
1811,801,881,1814,1558
1882
1487
2305,2811,2313
2242
1762,107,2396,396,55,1872,172,1124,356
982,1143
751
1419
630,632,636,634
729,727
919
2164
1452
2462
47
246,1753
1682,1453,311
1637
2535
852,330,2065
922
1455
1774
2290
1282,1280,1283,1281
258,853
2233,2328,2803
1845,1566
1381
2011
655,643,627,626
2180,397
2334
886
1264
177
937
504,503
1814,1812,883
1524
868,870,866
2772
291
1701
1374
1097,2095
2134,2358,2319,2789,2174,2755,2782,2400,2296
1552
2097
1856
1974
407
1544
501,1717
677,658,681,665,667,663
1814,1558,801,1811,1812
2360
784
477
1773
2182
1038,1290
2385,1544
1031
1470
2808,2774,2775
200
1112
2572
2716,2735
2759
273
1990
1982
930,1023
1967
1465,2465
2354
1626,1531
2841,2840,1838,1949,1191,1673
1475
2479,2480,2474
1277
864
79
1399,2068,962,2794,1220,1485,2647,2053,1613,873,1230,1547
2822,2826
1355
2440,784
2711
1635
2118,2119
2557
268
1153,363,1303,1432
1379
2647,293,2794,2052,962,2054,1613,873,1547
1393
2676
2697,2707,2792,2747,2784,2175,2798
1461,1456
2591
1078,1076,1069,1058,1086,1083,1081,1060,1063
1573,884,1563,2589
2453
1500,196
240,31
2193,1642,1146
529,1408
1692
1989
1018
888
1475,1476
2772
1364
1681
1279,1813,572,366,551,1866,1559,445
1939
1427,1358,819,1419,1430,1148
2114
997
1183
2586
987
412
1208
2714
2335
2323,1854,2796,2776,2197,2276,1095,2320
2117,100
47
561,557
1640
2204
255,205,461,256,106,1741
1195
1222
1110,2094
104
1513,784
892
2102
1202
1619,1373
2251
2150
1377
829
1710
1950
1957
1019,1015,434,438
49
46
100
1440,1438
1273,1798,1010,858,780,1797
1945
1889,1413
2520,2519,2518
366,2699
1653
815,9,967,10,911
893
522,526,902
1330
1311,1240
2317,2680
2682
1809,99
298,104
2690,2143,2170,2750,2121
2463
2786,2807,2865,2115
839
2387
2556
969,1793
2478
2485
288
1723
1240
1874
2648,2658,2652,2656
20
1468
1991
2131
2488
2614
1315
758
1130
1185,2453
2801,2234
877
117
2494,472
2191
1256,1257
131,2609,128,126,133,163
1380,2163
1914
1920
281
39
2619,1369
773
352
1743
2629
1427,1358,1284,1148,821
891
896,900,898,899,901,897
1559,445,1279,1813,572,546,366,479,1800,551
2364,2132,2229
515,514,513
2728
473
7
382
1245
719
2594,2595
735
797
1416,1418
1737,1740
2675
2006
1528
355
1754
2113
2731
1214,1569
1928
1376
2217,2101
1460
638,616
2568
1422
2406,2734
1221
1100
1491,1493
2007
2387
130,1464
197
1426
1046,1056,1071,1048,1073,1044
6,2253
945,950
67
964
1547
555,559
2695
1851,1850
2611
956
1201
2072
1177
1633
2541,2542,2544,2543
1617
2521
1194
1123
964
506
1457
199,2110,602,377,601,349
2705
2671
1227,460
2125
1247,1250
1499
749
1811,879,801,1814,1558
2744
2300
2272,2270
454
1731
2626
962
951
933
1757
1169
2634,1725
2794
1510
509
0
1499
1714,778,544,541
2202
2634
2267,2263,2271,852,2268
1832,1042,1205,1808,497,491,494,1835,98,1362,724,417,1804,1802,343,1733,485,488
623,621,619
512,309
1474
332,335,333,336,331
1185
2809,2295,2138
2813
2481
1937
2467,533
1711
798,799,800
1467,1463,96,203
86
760
961
1380,2285
1969
1233
1846
2732
1272,783
938
796
270
2407,553
2581
1466,2205
853
273
1506,1507
785
2333
810
1730,1090
1450
719
34
386
2607,2530,2538,2540,2531,2582,2545
54
2550
2387
575
906
144,135,154
1636
1623
948,947
838
1857
1429
2730
447
1368,467
500
1148,995
1001,277
902,521
577
2567
1292
2037
728,726
2670,2671,1673,1191,1911,1838
1649
105
1948
1378
1157
789
2416,2412
1520
1363
2842
1614
2410,2413,2421
1381,1800,572,551,546,479,445
2093,1621
478
1911
1943
903,720,100,1365,1498
2555
2017
878
2025
958,957
2267,850,2271,852,2268
444
1000
1686,1137
782
444
1228
1907
1268,1267
2787
117
1769
2464
905
1547
2034
1360
784
1117
1360
164
2058,2061,1209,1853
2773
1641
158
305
1464
633,629,635,631
472,2486
750
1965
1558
2534
2821,2825
1322
1727
2495
809
262
205,2363,461,2228,2319,2358,109,2401,1433,1741
1191,2840,922,2841,1949,1838,1673
2393,977
801
1371
1652
2453,2532,1185
582,617,645
785
1133,1135
2677
1102
113,114
552
2466
783
644
1340
1096,2277,2321,2365,2198,2777,1855
725,1833,1206,1806,1809,418,486,495,1836,489,345,1734,498,1364,1803,1043
1966
1003
1215,1570
2004
2670
1758
1236
2721
1648
1598,1605,1603,1610,1589,1602,1592,1600,1590,1580,1611,1595,1588,1582,1604,576,1606,1596,1609,1583,1581,1593,1586,1594,1585,1607,11,1597,1584,1591,1612,1601,1587
793
419
1313
519,526,902
1618
2547,1537
791
2720
170
1306
784
906
1694
902,309,516,526
2080,717,711,713,715
2781,1699
748
2376,2702
2583
2048,2046
2128,2805,2778,2688,2283
1705
2603,2599,2602
1128
475
1111
229,2021,231,230
2722
22
1826
2041
1464
234,1094
1246
1358,819,823,1419,817,816,822,1430,821
129,786
2498
1284
2737,2718
925
1890
2243
178
1875
456,458
1869,2113
2714
2857
65
1748,2354
1143
2052,2068,2322,1483,2053,1220,1613,1547,962
1632
795
1727
2087
1823
448,450
921
767,768
1037
2084,2085,2083
2086,2709
1579
2679
742
415
1984
1535
1148
2549
1970
2280
1174
985,984
1184
2178
1728
1164
904,1189
2157
431
61,62
760
1481
1818
609
368
2153
3
425
390
1909
1988
1341
253
992
2326
210,765,2091,1503,2092,206,1121,2863,204
502,1007
784,2500
824
2286
2730
262
1185,1540
1358
1814,1558,801,1811,878
987,2504
1139,784
905
1843
863
2628,2082,1453
308
1032
171
1308
1279,1800,572,551,1866,479,1560,445
1669
1141
1824
2647,2053,1220,1613,875,2052,2068
146,147,155
2206
779
32
2564
1700,2329
703,684,682,657
1810,1811,1812,880,1557,801
2767
1407
1661
2817
1137
1445
1546,1293
1720
2424
2241
1024
2391
2179
1219
2165
1865,1814,479,1800,572
2569
2035
2683
192
2029
321
1794,2853
1924
2462
2419
2230,2553
1425
1645
1915
2335
1760
250
736
1495,891,2647,2054,1220,1547,2068
1518
118
2596,2597
1439,1437
802,803
2742
2438,2439,2437,2452,2436
1392,2123,2169,95,2186,2201
935,936
2425
2387
29
1512
524,902,309,526
2588
2378,2758
1719
376,482,1545,483
1035,2049,774,537,208
1664
2398,962,2068,2647,2053,1483,1613,1547
1340,318
1525,191,2076
1469
479
2100,2577
419
175
787
1814
2529
17
205,2689,109
942,939,941
1319
2244
1482
809
2743
1547,2860,962,2374,2369,2052,2068,2647,2053,1483,1220,1613
1183
784
1668
2705
2228
466,409
1679
769
929,1022
402
2158
2220
2782,2211,2847,2238,2755
1755
770
1284,1427,1430,1358
2199,2133,2366
323,1907,766
1631,1284
2546
2030
23,2838
2387
404
1742
1910
1026,1025
1927
1302,1543
1686
2352,1614
1523
2640,1529
1749,1716
574
1005,2617
881
603,2111,201,350,378,1840,605
1193
1777,1789,1778,1782,1786,1779,1799,1790,1780,1784,1783,1791,1788,1781,1787,1785
855
209,1036,775,538,2050
1198,2694,1876
1891
1532
127
1070,1079,1064,1059,1077,1061,1082,1087,1084
734
1157
1883
150
443,481,364
1916
1547,2794,2382,1877,2054,873,1483
2071
851,849
1380
809
567,571,568,570,569
44