1151,735,-1.0
1407,424,-1.0
186,884,1.0
1588,1024,0.0
632,798,-1.0
1570,179,1.0
1677,904,1.0
1734,363,-1.0
1915,520,-1.0
1635,51,-1.0
463,643,-1.0
1197,219,-1.0
1504,36,-1.0
0,668,-1.0
730,466,-1.0
589,303,-1.0
1045,832,1.0
1092,668,-1.0
584,978,1.0
796,23,-1.0
1146,126,0.0
1551,470,-1.0
1758,720,-1.0
1995,842,-1.0
2002,1088,-1.0
747,914,1.0
217,263,1.0
87,1004,1.0
1915,325,-1.0
1591,914,1.0
48,825,-1.0
1248,1075,-1.0
1251,657,-1.0
1575,395,-1.0
1966,452,-1.0
1716,730,-1.0
1033,762,1.0
852,783,1.0
327,850,-1.0
1537,856,1.0
1947,654,-1.0
1685,4,-1.0
747,1072,1.0
2068,231,0.0
1477,588,0.0
77,983,-1.0
13,501,0.0
761,337,-1.0
490,1048,1.0
602,388,-1.0
128,69,-1.0
603,1042,1.0
1313,649,-1.0
1915,926,-1.0
558,413,1.0
1162,99,-1.0
1245,453,-1.0
118,838,-1.0
1915,508,-1.0
428,1099,1.0
1693,855,-1.0
1805,617,-1.0
735,846,1.0
181,789,-1.0
156,1162,-1.0
1351,1055,1.0
311,164,-1.0
9,967,-1.0
636,1052,-1.0
2027,782,-1.0
747,188,1.0
348,1082,1.0
747,228,1.0
1915,703,-1.0
1151,235,-1.0
549,1181,1.0
1896,80,1.0
1600,345,1.0
1397,1078,1.0
1988,150,-1.0
1151,721,-1.0
1151,350,-1.0
530,514,1.0
1156,606,-1.0
411,714,-1.0
1884,301,-1.0
865,1050,-1.0
1620,870,1.0
932,527,1.0
1988,492,-1.0
1753,100,1.0
660,1082,-1.0
1710,53,-1.0
1590,331,-1.0
965,354,-1.0
1603,999,1.0
1359,72,1.0
490,467,-1.0
747,849,1.0
900,1120,1.0
1093,388,1.0
1815,927,1.0
1079,731,1.0
622,674,1.0
1529,1068,1.0
490,270,1.0
1944,337,1.0
1341,907,-1.0
1212,1100,1.0
1495,993,1.0
1437,1064,1.0
339,1182,1.0
1548,390,1.0
981,642,-1.0
1546,333,1.0
282,194,-1.0
747,1074,1.0
1375,1147,-1.0
747,195,1.0
1215,181,-1.0
661,637,1.0
926,1022,-1.0
1915,125,-1.0
1301,857,1.0
1047,1048,-1.0
2012,244,-1.0
1024,747,1.0
747,836,1.0
522,709,1.0
48,283,1.0
1535,31,1.0
1736,922,-1.0
389,1129,1.0
219,886,-1.0
1444,422,-1.0
1354,1016,-1.0
1314,1121,1.0
1926,406,-1.0
615,1112,1.0
256,589,-1.0
747,716,1.0
1085,1129,0.0
747,460,1.0
2041,501,-1.0
1611,673,1.0
1616,1122,1.0
416,59,-1.0
313,323,1.0
2073,1048,1.0
1773,852,1.0
1915,151,-1.0
1778,155,1.0
1862,795,1.0
1505,1066,1.0
1621,548,-1.0
212,650,1.0
1688,166,-1.0
1707,577,1.0
700,478,-1.0
607,671,1.0
336,79,-1.0
1820,830,-1.0
1562,1024,-1.0
469,1017,-1.0
841,341,-1.0
1767,270,1.0
658,746,-1.0
729,371,1.0
1382,764,1.0
783,761,1.0
1275,399,-1.0
1879,132,-1.0
893,1089,-1.0
2031,1040,-1.0
1975,372,-1.0
237,464,1.0
219,108,1.0
747,234,1.0
756,917,1.0
90,210,-1.0
1332,1042,-1.0
747,135,1.0
1216,183,1.0
1758,562,-1.0
1159,156,1.0
1046,281,-1.0
417,0,-1.0
677,715,-1.0
1355,264,-1.0
1137,194,-1.0
747,618,1.0
506,390,1.0
361,240,1.0
183,991,-1.0
50,323,1.0
1300,390,0.0
1618,586,-1.0
490,759,1.0
547,323,1.0
1346,530,1.0
418,1063,-1.0
1491,882,-1.0
1195,476,1.0
688,14,-1.0
1915,804,-1.0
174,293,-1.0
2076,230,-1.0
1915,37,-1.0
1915,341,-1.0
1340,1012,0.0
319,786,-1.0
378,678,-1.0
1603,719,1.0
195,24,1.0
1915,500,-1.0
1725,68,-1.0
935,260,1.0
1926,324,-1.0
500,992,-1.0
1683,929,-1.0
1820,622,1.0
124,215,-1.0
918,930,1.0
1755,759,-1.0
1098,518,1.0
806,454,-1.0
22,575,-1.0
290,1119,-1.0
1631,44,1.0
208,625,1.0
1317,896,1.0
927,1052,1.0
172,1009,-1.0
1927,859,1.0
1029,433,1.0
1929,689,1.0
1641,967,1.0
902,399,1.0
1223,199,1.0
747,113,1.0
216,582,1.0
1806,748,-1.0
1494,997,1.0
276,194,-1.0
1811,1164,1.0
1139,203,1.0
1466,390,1.0
1029,231,1.0
1472,196,1.0
1332,525,1.0
263,324,1.0
1918,1170,-1.0
747,468,1.0
747,989,1.0
471,390,1.0
319,939,-1.0
412,146,1.0
1130,389,-1.0
109,483,-1.0
1085,741,1.0
747,565,1.0
168,167,-1.0
1751,635,1.0
754,1123,1.0
1069,390,1.0
1943,507,1.0
347,485,1.0
1995,510,-1.0
1124,820,-1.0
276,894,1.0
557,390,1.0
2024,801,1.0
1915,659,-1.0
1742,432,-1.0
461,554,-1.0
1790,894,1.0
1041,842,-1.0
1980,379,1.0
1164,317,-1.0
1694,132,1.0
854,407,-1.0
1786,873,-1.0
546,561,0.0
1391,368,1.0
1512,328,1.0
1449,103,1.0
1106,956,1.0
2060,279,1.0
740,109,0.0
294,282,-1.0
1109,1094,-1.0
667,400,-1.0
1456,408,-1.0
1415,361,1.0
490,662,-1.0
593,1097,-1.0
1466,478,-1.0
653,418,-1.0
1085,877,1.0
1827,825,1.0
501,1121,1.0
783,1009,1.0
2002,3,-1.0
305,682,1.0
1305,540,1.0
554,167,1.0
495,321,-1.0
1546,152,-1.0
836,287,1.0
1753,47,1.0
31,447,1.0
133,390,1.0
285,727,1.0
1565,323,1.0
1161,313,1.0
1723,58,-1.0
218,1025,-1.0
1562,663,-1.0
1974,467,1.0
601,647,-1.0
513,810,1.0
1069,1055,-1.0
2008,437,-1.0
505,672,1.0
1648,516,1.0
355,114,-1.0
1852,1108,-1.0
492,569,1.0
1626,839,-1.0
129,956,1.0
1921,815,1.0
1484,874,-1.0
70,531,-1.0
950,239,1.0
1318,720,1.0
828,5,1.0
1461,86,1.0
255,1016,-1.0
2092,84,1.0
883,402,-1.0
497,493,1.0
1085,689,1.0
193,210,1.0
609,442,-1.0
286,854,-1.0
743,1173,1.0
541,329,1.0
1247,417,1.0
578,266,1.0
1249,229,1.0
307,318,-1.0
1915,573,-1.0
12,817,1.0
679,807,1.0
1739,934,1.0
1766,808,1.0
939,688,-1.0
1314,461,1.0
737,25,-1.0
487,423,-1.0
155,530,-1.0
1318,624,1.0
1531,395,1.0
788,198,-1.0
1247,207,-1.0
102,29,1.0
6,481,1.0
1131,467,0.0
1178,310,1.0
1054,235,1.0
947,16,1.0
1734,790,0.0
602,154,-1.0
1894,315,-1.0
367,84,1.0
626,391,-1.0
2023,717,1.0
927,1164,-1.0
290,738,-1.0
752,751,1.0
537,108,1.0
1095,390,1.0
551,390,1.0
1055,1093,1.0
602,654,-1.0
1507,340,-1.0
1879,888,-1.0
747,673,1.0
747,230,1.0
1915,751,-1.0
1152,512,-1.0
464,390,1.0
461,959,-1.0
930,64,-1.0
1488,710,-1.0
1904,983,-1.0
1610,913,-1.0
326,554,1.0
2058,948,1.0
867,644,1.0
1151,328,-1.0
916,242,1.0
366,1053,1.0
1473,873,1.0
1010,203,1.0
1080,211,-1.0
1885,303,0.0
1467,687,-1.0
677,1027,1.0
469,101,1.0
612,1108,-1.0
747,624,1.0
1323,949,-1.0
1393,85,-1.0
271,488,-1.0
1384,973,-1.0
1038,187,1.0
125,996,-1.0
1480,1192,1.0
800,915,1.0
1734,1134,0.0
747,1186,1.0
585,871,1.0
1244,253,-1.0
747,1160,1.0
854,818,1.0
1508,826,-1.0
704,583,1.0
1511,436,-1.0
923,334,1.0
1828,1128,1.0
1879,758,-1.0
1705,1002,1.0
1734,1118,0.0
1506,634,1.0
94,816,-1.0
747,1058,1.0
116,721,1.0
1915,829,-1.0
368,390,1.0
466,139,-1.0
1660,315,-1.0
755,994,1.0
1060,323,1.0
1348,802,1.0
1512,758,1.0
1400,107,1.0
602,1068,-1.0
1151,672,-1.0
684,336,1.0
727,91,-1.0
1338,248,0.0
1964,997,1.0
1589,443,1.0
1245,594,1.0
1915,914,-1.0
556,355,1.0
861,765,-1.0
1585,306,-1.0
747,485,1.0
1694,619,1.0
1512,274,1.0
1742,606,1.0
1915,149,-1.0
10,555,1.0
1151,430,-1.0
974,1148,1.0
1745,324,1.0
1987,427,1.0
1094,74,1.0
1763,637,-1.0
359,781,1.0
202,90,-1.0
894,1101,1.0
1171,539,1.0
2013,1041,1.0
180,425,-1.0
1915,1072,-1.0
2005,93,1.0
1805,243,1.0
1404,212,-1.0
1898,344,-1.0
1303,147,-1.0
1915,1030,-1.0
1361,711,-1.0
436,107,-1.0
402,465,1.0
2095,88,-1.0
899,712,1.0
2000,182,1.0
562,460,1.0
422,356,-1.0
201,683,-1.0
490,993,-1.0
1746,480,1.0
1830,243,-1.0
1545,694,-1.0
1884,155,-1.0
1555,25,-1.0
1041,510,-1.0
1080,70,-1.0
1085,488,1.0
1619,465,-1.0
707,1121,-1.0
505,495,-1.0
292,502,1.0
106,525,-1.0
1915,489,-1.0
2086,883,-1.0
1758,149,-1.0
1367,681,1.0
1590,1067,-1.0
1915,228,-1.0
1132,393,1.0
1137,374,-1.0
1977,662,-1.0
1758,1072,-1.0
190,631,-1.0
496,901,1.0
1990,719,-1.0
1010,725,1.0
1915,749,-1.0
1260,811,1.0
1318,358,1.0
706,1012,-1.0
786,390,1.0
815,1174,-1.0
747,287,1.0
87,819,1.0
1449,228,-1.0
1615,795,-1.0
1412,30,1.0
1915,849,-1.0
1691,351,1.0
116,221,-1.0
1918,398,1.0
847,436,1.0
344,390,1.0
747,130,1.0
747,1005,1.0
363,468,-1.0
811,236,0.0
1475,79,-1.0
38,415,-1.0
729,954,-1.0
1696,559,1.0
146,1141,1.0
1915,1074,-1.0
1900,30,0.0
1732,974,-1.0
195,653,0.0
1029,922,1.0
686,100,-1.0
496,634,-1.0
501,679,1.0
1823,100,-1.0
1210,984,1.0
1571,238,-1.0
27,553,-1.0
1219,280,-1.0
1545,1076,1.0
834,1018,-1.0
1641,269,-1.0
1809,26,0.0
1838,799,1.0
1555,220,1.0
250,146,0.0
218,803,-1.0
1915,460,-1.0
543,965,-1.0
1456,1025,1.0
241,281,1.0
1383,1110,-1.0
111,336,-1.0
747,1191,1.0
338,878,-1.0
293,856,-1.0
1624,1098,1.0
1727,374,1.0
823,1117,-1.0
1780,1170,-1.0
323,338,0.0
259,508,1.0
1876,1021,-1.0
812,80,-1.0
1335,612,-1.0
1684,1150,1.0
1064,759,1.0
466,213,-1.0
747,271,1.0
1408,704,-1.0
1211,1150,-1.0
383,1104,1.0
270,168,-1.0
1122,342,1.0
1171,17,1.0
413,1055,1.0
1170,259,-1.0
318,909,1.0
1225,245,-1.0
1727,574,-1.0
1880,1151,1.0
490,1096,-1.0
1010,662,1.0
1424,390,1.0
1213,354,1.0
747,1193,1.0
490,223,-1.0
870,1035,-1.0
1220,702,-1.0
1502,1070,-1.0
1555,857,-1.0
1021,588,0.0
401,215,1.0
1395,590,1.0
1334,63,1.0
1406,985,-1.0
1085,199,0.0
1682,797,1.0
1751,1196,-1.0
275,639,-1.0
1520,718,1.0
508,395,-1.0
602,620,-1.0
218,927,-1.0
1855,705,1.0
589,521,-1.0
218,760,-1.0
1433,478,-1.0
192,551,-1.0
982,541,1.0
831,1178,-1.0
272,749,-1.0
731,24,-1.0
1637,423,1.0
1078,169,1.0
1972,517,0.0
1458,1003,-1.0
645,256,-1.0
1729,1153,0.0
218,272,1.0
1802,60,-1.0
747,210,1.0
1008,1093,1.0
2015,121,0.0
1915,480,-1.0
1987,1135,1.0
394,123,-1.0
1244,771,1.0
727,885,1.0
1940,642,1.0
1465,458,1.0
59,526,-1.0
1150,314,-1.0
1358,133,1.0
1318,1006,1.0
1915,468,-1.0
1341,946,-1.0
1298,694,-1.0
274,955,1.0
988,499,1.0
1915,565,-1.0
1884,176,-1.0
1915,596,-1.0
1029,721,1.0
1995,539,1.0
1253,593,-1.0
1801,522,1.0
1891,475,-1.0
1010,368,1.0
453,900,-1.0
1948,985,1.0
1670,124,-1.0
1357,1146,1.0
1068,890,-1.0
1284,1099,-1.0
1151,1073,-1.0
1595,977,-1.0
36,616,1.0
31,165,1.0
1493,17,-1.0
1915,34,-1.0
979,805,1.0
1365,321,-1.0
1465,133,-1.0
898,70,1.0
1758,690,-1.0
197,1052,-1.0
126,322,-1.0
453,572,-1.0
977,125,-1.0
315,1071,1.0
851,355,1.0
226,362,1.0
695,489,-1.0
1737,167,1.0
654,440,1.0
1250,1093,1.0
647,577,-1.0
576,1161,1.0
1513,541,-1.0
1117,385,-1.0
84,870,-1.0
538,622,1.0
829,127,1.0
2050,1061,1.0
1380,200,-1.0
1171,197,1.0
876,222,-1.0
2092,612,-1.0
1446,585,-1.0
39,321,-1.0
1706,1079,-1.0
1151,1039,-1.0
514,388,-1.0
1364,605,1.0
1329,254,1.0
218,6,-1.0
1164,742,1.0
1121,117,1.0
495,189,-1.0
442,379,-1.0
1085,634,0.0
1101,236,-1.0
690,1007,-1.0
1897,390,1.0
1072,1021,1.0
1318,814,1.0
785,858,-1.0
214,323,1.0
1066,1077,-1.0
466,838,-1.0
1010,721,1.0
747,695,1.0
792,497,1.0
832,1145,1.0
747,469,1.0
747,1044,1.0
1043,1102,1.0
1945,916,-1.0
1355,1043,1.0
1372,1159,1.0
825,436,-1.0
299,1050,1.0
1719,810,-1.0
1734,295,-1.0
653,705,-1.0
427,590,-1.0
838,246,-1.0
1513,204,-1.0
531,479,1.0
1142,1145,1.0
2027,319,-1.0
1998,112,-1.0
1362,1171,-1.0
1249,96,-1.0
1063,371,-1.0
667,318,1.0
362,1070,1.0
426,644,0.0
87,1004,-1.0
1029,203,1.0
1228,43,1.0
323,65,1.0
1085,794,1.0
1413,120,1.0
1053,249,1.0
167,251,1.0
1694,328,1.0
1879,666,-1.0
1454,8,-1.0
1498,584,1.0
2037,1055,1.0
672,317,1.0
479,43,-1.0
2085,216,-1.0
1704,743,-1.0
269,1083,-1.0
1653,728,1.0
1903,247,1.0
671,455,-1.0
306,918,1.0
1010,34,1.0
1085,266,1.0
747,814,1.0
1734,525,0.0
1516,563,-1.0
340,108,0.0
944,812,-1.0
1401,1086,-1.0
1915,673,-1.0
1915,230,-1.0
1543,961,1.0
403,203,-1.0
1288,664,1.0
272,1136,1.0
1598,610,0.0
427,19,1.0
466,494,1.0
1043,1124,1.0
384,670,-1.0
1573,765,1.0
2065,86,-1.0
1318,160,1.0
710,1002,-1.0
64,1186,-1.0
747,475,1.0
966,116,1.0
911,133,-1.0
404,411,-1.0
1232,141,1.0
1508,792,1.0
4,1026,0.0
1351,1055,-1.0
747,961,1.0
1879,640,-1.0
727,903,-1.0
1593,718,-1.0
1312,399,-1.0
1148,360,1.0
1748,1190,-1.0
1804,1148,-1.0
1238,963,-1.0
845,336,-1.0
490,456,-1.0
2043,471,1.0
1562,785,-1.0
1936,277,-1.0
452,922,-1.0
1111,108,-1.0
912,898,-1.0
848,729,1.0
589,1165,-1.0
392,784,1.0
1173,643,1.0
606,871,1.0
1108,834,-1.0
1229,478,-1.0
1754,883,-1.0
572,119,-1.0
142,9,1.0
2022,574,1.0
545,13,-1.0
747,290,1.0
1469,449,-1.0
1654,791,0.0
844,774,1.0
1360,83,1.0
963,401,1.0
1192,90,-1.0
2012,1090,1.0
282,281,-1.0
747,503,1.0
6,790,-1.0
821,1038,-1.0
747,542,1.0
1141,1113,-1.0
276,1119,-1.0
431,521,1.0
924,627,1.0
1555,933,-1.0
1097,276,-1.0
1362,157,-1.0
829,202,-1.0
1166,632,1.0
187,750,-1.0
747,160,1.0
1512,923,1.0
529,575,1.0
1886,743,-1.0
165,555,-1.0
1475,434,1.0
492,757,-1.0
1915,485,-1.0
1820,303,1.0
540,409,0.0
1369,38,1.0
747,398,1.0
747,186,1.0
206,1147,1.0
1915,498,-1.0
1555,822,1.0
943,551,1.0
421,706,-1.0
1991,109,-1.0
314,346,-1.0
168,18,-1.0
65,41,1.0
747,93,1.0
615,650,-1.0
1915,66,-1.0
1385,909,-1.0
1151,619,-1.0
1617,146,-1.0
289,596,1.0
1736,906,-1.0
1773,852,-1.0
1570,186,1.0
602,246,-1.0
1104,1158,0.0
724,1088,1.0
777,355,1.0
1162,1114,1.0
974,1160,1.0
1540,52,1.0
95,113,-1.0
1684,813,-1.0
799,869,-1.0
1482,539,1.0
917,370,-1.0
1064,266,-1.0
303,504,-1.0
656,284,-1.0
1794,543,-1.0
189,32,1.0
1098,849,-1.0
1436,243,1.0
560,1051,1.0
1633,1110,1.0
1268,301,1.0
205,1013,-1.0
2087,320,1.0
1128,478,-1.0
1915,769,-1.0
63,486,-1.0
237,464,-1.0
1126,984,-1.0
343,942,1.0
938,451,1.0
554,18,1.0
325,223,1.0
475,657,-1.0
1318,1114,-1.0
2051,393,-1.0
618,175,-1.0
92,575,-1.0
1966,785,-1.0
696,1078,-1.0
1929,15,-1.0
1436,575,-1.0
1915,287,-1.0
1694,758,1.0
747,453,1.0
1005,599,1.0
1080,80,-1.0
1884,796,-1.0
1578,293,-1.0
199,827,-1.0
385,27,-1.0
747,964,1.0
1694,274,1.0
1962,731,-1.0
824,9,1.0
747,1036,1.0
138,1133,1.0
693,8,1.0
2048,1122,-1.0
1437,326,1.0
1822,378,1.0
971,1074,-1.0
1399,581,1.0
1613,516,-1.0
75,307,1.0
2030,843,-1.0
1909,688,1.0
747,217,1.0
1775,723,-1.0
681,999,1.0
952,492,1.0
1,685,1.0
1151,993,-1.0
2092,1169,-1.0
1770,1100,1.0
727,265,-1.0
994,592,1.0
1318,403,-1.0
2063,143,-1.0
478,760,-1.0
1318,690,1.0
410,482,1.0
1049,641,1.0
1915,1191,-1.0
1010,1153,1.0
1283,1037,-1.0
1721,561,1.0
1025,288,1.0
1803,79,-1.0
1344,731,-1.0
3,522,1.0
93,327,-1.0
842,1148,1.0
1753,571,1.0
747,528,1.0
1807,77,1.0
983,18,1.0
1487,517,1.0
1915,271,-1.0
870,303,1.0
1504,469,1.0
20,48,-1.0
1390,134,-1.0
1443,307,-1.0
638,1032,1.0
1864,236,1.0
1012,21,1.0
436,1139,-1.0
1415,361,-1.0
185,194,-1.0
2086,16,-1.0
1278,246,1.0
1029,672,1.0
241,6,1.0
1102,998,1.0
157,832,-1.0
1915,1193,-1.0
966,579,-1.0
966,495,1.0
137,610,1.0
359,665,-1.0
1066,109,1.0
1653,597,-1.0
1753,47,-1.0
47,984,-1.0
1835,1027,-1.0
443,1022,-1.0
1736,938,-1.0
178,650,1.0
391,295,1.0
748,231,-1.0
1503,798,1.0
617,6,1.0
1276,413,-1.0
975,4,-1.0
81,975,-1.0
566,731,-1.0
1489,410,1.0
1495,251,1.0
511,20,1.0
1263,390,1.0
816,811,-1.0
747,690,1.0
1019,302,1.0
804,588,1.0
747,207,1.0
1032,507,-1.0
618,75,-1.0
208,177,-1.0
1601,275,1.0
341,245,1.0
1752,50,-1.0
627,491,1.0
747,598,1.0
503,236,-1.0
191,1127,-1.0
128,939,-1.0
1953,1008,-1.0
637,122,-1.0
357,150,1.0
1589,565,-1.0
1932,194,-1.0
736,101,-1.0
724,428,-1.0
17,729,-1.0
2041,394,1.0
1976,390,1.0
2087,1036,-1.0
891,326,1.0
659,897,-1.0
1075,510,0.0
1624,999,-1.0
332,1059,1.0
570,199,-1.0
301,168,1.0
490,904,-1.0
601,36,-1.0
1075,496,0.0
178,1070,-1.0
210,855,1.0
1995,138,-1.0
218,1182,-1.0
633,1028,-1.0
747,1178,1.0
1658,660,1.0
1029,373,1.0
1452,394,-1.0
556,937,-1.0
1465,444,-1.0
1915,19,-1.0
1010,672,1.0
1568,478,-1.0
958,7,-1.0
669,539,-1.0
1394,563,1.0
1498,266,1.0
966,251,1.0
747,362,1.0
1681,276,1.0
1915,775,-1.0
1499,467,1.0
1396,691,-1.0
1983,33,-1.0
650,151,1.0
1665,576,1.0
1512,421,1.0
1777,787,-1.0
358,941,-1.0
1915,1056,-1.0
1492,796,-1.0
1508,1100,-1.0
1976,478,-1.0
335,158,-1.0
1230,66,1.0
1374,634,1.0
28,319,1.0
1790,578,1.0
1333,390,1.0
1057,1169,1.0
423,42,1.0
295,260,1.0
1432,815,-1.0
565,641,-1.0
512,324,1.0
1158,390,1.0
1657,357,1.0
601,783,-1.0
2014,341,1.0
444,479,-1.0
647,515,1.0
851,621,1.0
285,511,-1.0
1087,1091,-1.0
837,193,1.0
950,703,-1.0
542,1185,1.0
1794,64,-1.0
1551,314,-1.0
78,390,1.0
749,316,0.0
390,499,1.0
1969,688,-1.0
656,851,1.0
1653,776,1.0
787,731,-1.0
940,9,-1.0
458,893,1.0
492,544,1.0
1010,456,1.0
1437,388,1.0
2064,391,0.0
280,325,1.0
62,951,1.0
1475,781,-1.0
1438,424,1.0
1296,1103,1.0
490,1145,-1.0
1923,369,-1.0
731,944,-1.0
1482,197,1.0
549,1083,1.0
1915,1044,-1.0
1915,504,-1.0
1717,887,1.0
1393,322,1.0
167,151,-1.0
1281,841,-1.0
339,272,-1.0
1208,618,1.0
1781,355,1.0
747,1113,1.0
1523,766,-1.0
1186,173,1.0
2011,651,-1.0
994,16,-1.0
1660,199,1.0
747,352,1.0
901,302,-1.0
976,831,-1.0
1318,949,-1.0
187,76,-1.0
445,991,-1.0
231,449,-1.0
365,1171,-1.0
1677,415,1.0
1735,360,1.0
203,202,-1.0
808,769,-1.0
780,136,-1.0
747,700,1.0
973,312,-1.0
1915,1115,-1.0
1576,766,1.0
117,675,-1.0
436,320,-1.0
703,705,1.0
1068,72,-1.0
1437,348,1.0
1915,814,-1.0
772,1057,-1.0
1625,421,1.0
1512,888,1.0
1627,793,-1.0
1605,467,-1.0
2007,546,1.0
2090,716,-1.0
793,119,1.0
966,22,0.0
1440,390,1.0
1438,833,-1.0
2009,939,1.0
602,1008,-1.0
1756,329,0.0
1318,149,1.0
1349,90,1.0
1915,369,-1.0
467,548,-1.0
703,298,-1.0
989,1029,-1.0
1085,250,1.0
1076,1017,1.0
25,472,1.0
1780,949,-1.0
536,171,1.0
564,194,-1.0
1915,961,-1.0
1192,1011,1.0
145,128,1.0
1914,906,0.0
1666,1155,-1.0
525,982,-1.0
66,46,-1.0
2092,712,-1.0
158,1061,1.0
1891,941,1.0
1772,261,1.0
1902,588,-1.0
490,108,-1.0
337,6,-1.0
1191,227,-1.0
453,1184,1.0
747,1065,1.0
1231,556,-1.0
1758,493,-1.0
1870,199,1.0
1736,702,-1.0
515,142,1.0
597,311,-1.0
747,428,1.0
1010,504,1.0
87,819,-1.0
1389,323,1.0
602,605,-1.0
747,300,1.0
501,143,1.0
1085,1014,0.0
1522,848,0.0
1708,844,-1.0
747,327,1.0
243,363,1.0
1400,37,-1.0
1241,1053,-1.0
816,854,1.0
1694,10,1.0
106,1187,1.0
1621,123,-1.0
1028,115,1.0
2012,143,1.0
1170,852,1.0
1379,97,-1.0
1486,481,-1.0
732,1010,-1.0
203,1168,-1.0
1689,231,1.0
601,942,-1.0
967,703,1.0
1915,160,-1.0
1377,1023,-1.0
1029,126,1.0
1137,676,1.0
1685,34,1.0
747,589,1.0
1199,746,1.0
1029,653,1.0
1915,186,-1.0
633,734,1.0
1792,1039,1.0
1932,431,1.0
1212,792,-1.0
1835,251,-1.0
1029,1039,1.0
101,339,1.0
1112,401,1.0
1915,93,-1.0
1664,33,1.0
1970,238,-1.0
1435,1132,1.0
1445,323,1.0
899,1092,-1.0
1041,138,-1.0
1102,1125,-1.0
1054,795,-1.0
922,355,1.0
875,190,-1.0
145,713,-1.0
654,1124,-1.0
1495,488,1.0
1736,861,-1.0
459,1134,1.0
410,539,1.0
175,557,-1.0
351,110,-1.0
1151,888,-1.0
1758,160,-1.0
299,92,-1.0
229,419,1.0
413,1055,-1.0
367,134,-1.0
1496,979,-1.0
2083,117,0.0
1266,668,1.0
1788,11,1.0
181,962,-1.0
417,11,-1.0
1915,59,-1.0
1643,903,-1.0
644,36,1.0
1170,1125,1.0
1697,323,1.0
82,1041,1.0
747,1051,1.0
1085,757,0.0
1486,425,1.0
1029,742,1.0
523,255,-1.0
501,595,1.0
909,892,-1.0
1382,1043,-1.0
1384,976,-1.0
1834,790,-1.0
380,462,1.0
1555,114,-1.0
1090,1183,1.0
55,275,-1.0
2092,68,1.0
1164,1060,-1.0
582,351,-1.0
1649,223,1.0
747,768,1.0
1010,1039,1.0
2042,169,0.0
977,864,1.0
767,1128,0.0
2052,586,-1.0
538,1015,-1.0
500,140,-1.0
1192,1195,-1.0
376,9,-1.0
658,951,-1.0
747,461,1.0
1915,964,-1.0
1151,758,-1.0
1386,980,-1.0
1373,256,-1.0
1915,1036,-1.0
1523,1058,1.0
747,596,1.0
601,279,-1.0
2016,390,1.0
432,507,-1.0
728,130,-1.0
1950,1139,1.0
1563,864,-1.0
123,830,-1.0
403,702,1.0
419,284,1.0
2035,146,0.0
1879,619,-1.0
921,120,-1.0
860,846,-1.0
139,1171,1.0
1009,232,-1.0
222,612,1.0
1323,595,1.0
649,537,1.0
1915,217,-1.0
239,565,1.0
1069,477,-1.0
1963,971,-1.0
550,401,-1.0
1867,51,-1.0
1085,327,1.0
274,955,-1.0
74,858,-1.0
908,607,1.0
1320,330,-1.0
509,963,-1.0
1631,756,-1.0
297,645,-1.0
1293,254,1.0
1585,252,-1.0
1758,964,-1.0
921,808,1.0
1966,1059,-1.0
1209,282,-1.0
1537,902,1.0
2083,7,0.0
1798,724,-1.0
1131,265,1.0
602,273,1.0
31,165,-1.0
1915,528,-1.0
2016,478,-1.0
295,50,1.0
1126,545,1.0
199,1100,0.0
645,396,1.0
736,369,1.0
884,44,-1.0
747,380,1.0
1231,517,-1.0
1835,721,-1.0
654,440,-1.0
1336,772,-1.0
350,595,-1.0
1770,544,-1.0
740,256,0.0
966,1087,-1.0
1317,938,0.0
1181,183,-1.0
510,1166,-1.0
1222,73,-1.0
888,483,1.0
669,626,1.0
1756,190,1.0
125,869,1.0
919,2,-1.0
741,504,1.0
1110,126,0.0
956,1096,-1.0
1029,938,1.0
516,540,-1.0
1107,45,1.0
1065,1016,1.0
1661,712,-1.0
1599,305,-1.0
409,986,1.0
1802,323,1.0
14,128,-1.0
1915,680,-1.0
364,364,-1.0
1550,187,0.0
1109,439,1.0
1010,790,1.0
957,608,-1.0
1780,685,-1.0
1221,401,1.0
699,860,0.0
1758,692,-1.0
2043,648,-1.0
1360,24,-1.0
158,948,1.0
1661,505,-1.0
1085,1141,-1.0
1391,1151,-1.0
810,54,-1.0
401,304,-1.0
612,316,-1.0
1043,1102,-1.0
1930,476,-1.0
1915,598,-1.0
490,368,-1.0
865,535,1.0
849,1039,-1.0
1879,960,-1.0
1675,1141,-1.0
568,270,-1.0
747,681,1.0
1241,201,-1.0
1820,521,1.0
265,878,1.0
951,1044,1.0
1730,920,1.0
1738,427,1.0
651,1051,1.0
490,997,-1.0
1720,225,1.0
747,365,1.0
37,291,1.0
1294,117,-1.0
1105,252,1.0
1347,131,0.0
1701,630,-1.0
621,112,1.0
1915,1178,-1.0
282,1038,-1.0
563,935,-1.0
379,768,1.0
2069,451,-1.0
230,46,-1.0
136,152,1.0
975,216,-1.0
617,1119,1.0
1703,745,0.0
1933,1079,1.0
1501,1093,1.0
274,609,0.0
309,613,1.0
1667,867,1.0
1643,933,-1.0
95,842,1.0
631,498,-1.0
1085,1161,1.0
478,373,1.0
601,911,-1.0
1884,232,-1.0
1604,631,1.0
1104,710,1.0
1835,203,-1.0
1100,228,1.0
1593,536,-1.0
968,1019,1.0
970,426,1.0
1039,323,1.0
1285,70,-1.0
1915,935,-1.0
584,783,-1.0
1180,52,-1.0
1273,936,-1.0
134,49,1.0
1470,377,1.0
748,57,-1.0
1512,224,1.0
1302,636,1.0
717,812,-1.0
1030,1084,-1.0
1663,879,-1.0
929,1049,1.0
725,827,-1.0
2037,377,-1.0
747,306,1.0
1331,831,1.0
1083,980,1.0
153,657,1.0
1447,919,1.0
1232,141,-1.0
1185,357,-1.0
408,589,1.0
1210,633,-1.0
90,778,1.0
1074,1167,0.0
396,380,-1.0
177,390,1.0
568,1086,-1.0
107,741,1.0
575,92,1.0
271,749,1.0
501,699,1.0
963,127,-1.0
1817,446,1.0
1812,229,-1.0
514,661,-1.0
1676,396,0.0
747,600,1.0
1723,816,-1.0
321,1160,-1.0
2032,513,-1.0
1572,940,-1.0
1335,549,-1.0
233,390,1.0
1632,561,-1.0
209,617,-1.0
2022,574,-1.0
747,1188,1.0
1915,77,-1.0
777,21,-1.0
2092,908,-1.0
643,575,1.0
685,478,-1.0
1495,1151,1.0
1526,661,-1.0
295,1182,1.0
2071,586,1.0
1802,477,-1.0
86,88,-1.0
570,1131,1.0
1673,372,1.0
382,492,-1.0
862,254,1.0
695,670,1.0
552,331,-1.0
1879,602,-1.0
1552,789,1.0
747,205,1.0
50,512,1.0
1154,506,-1.0
694,601,-1.0
1915,352,-1.0
825,611,-1.0
446,580,1.0
773,581,-1.0
587,470,-1.0
1085,1100,0.0
1869,537,-1.0
817,483,1.0
241,803,-1.0
1837,404,-1.0
1269,377,-1.0
915,1129,1.0
1907,186,-1.0
1539,552,-1.0
1555,822,-1.0
9,396,-1.0
617,803,-1.0
69,1101,-1.0
1064,584,-1.0
1871,1184,0.0
1454,509,1.0
209,1011,1.0
1573,1086,1.0
216,529,-1.0
870,521,1.0
1085,927,1.0
1835,1151,-1.0
1853,1082,-1.0
351,402,1.0
1997,487,1.0
1915,618,-1.0
2033,483,-1.0
1518,190,-1.0
1425,535,-1.0
1122,109,-1.0
83,1091,1.0
327,667,1.0
1688,280,-1.0
319,296,-1.0
1421,1,-1.0
490,1084,-1.0
1200,1003,1.0
509,712,-1.0
1450,757,1.0
1041,907,-1.0
1322,159,-1.0
1085,764,-1.0
472,1101,-1.0
2066,563,-1.0
1430,1116,-1.0
359,434,-1.0
1485,1193,-1.0
747,294,1.0
747,1167,1.0
1868,732,1.0
713,827,-1.0
104,390,1.0
402,347,-1.0
1420,962,-1.0
2094,655,-1.0
584,207,1.0
2077,769,1.0
1287,416,1.0
991,957,-1.0
1335,259,-1.0
930,407,-1.0
453,684,-1.0
132,1007,1.0
1966,1189,-1.0
2014,190,0.0
744,980,-1.0
1553,612,-1.0
1151,62,-1.0
1773,708,1.0
1161,1021,1.0
1493,519,1.0
529,1195,-1.0
1341,496,-1.0
1915,428,-1.0
744,1161,-1.0
695,875,-1.0
1010,678,1.0
1961,759,1.0
1135,1154,1.0
1915,300,-1.0
1734,1187,-1.0
100,424,-1.0
1617,326,1.0
981,291,-1.0
481,801,-1.0
1153,285,1.0
1915,327,-1.0
501,1058,1.0
1087,400,1.0
50,321,1.0
930,347,1.0
447,153,-1.0
323,750,1.0
1237,218,-1.0
1695,289,1.0
337,1183,1.0
1694,888,1.0
1661,490,1.0
181,1193,1.0
1163,282,1.0
1522,1165,0.0
1614,410,1.0
719,146,0.0
1001,390,1.0
1350,1035,0.0
573,297,1.0
200,671,-1.0
1690,878,-1.0
1085,980,1.0
1314,445,-1.0
1497,1073,-1.0
1522,772,1.0
1335,374,-1.0
1243,932,1.0
596,733,1.0
747,1090,1.0
1457,310,-1.0
834,521,1.0
601,876,-1.0
1151,666,-1.0
331,875,1.0
461,71,-1.0
1770,792,-1.0
1257,478,-1.0
891,146,-1.0
1265,1096,0.0
597,191,-1.0
1444,1105,1.0
747,931,1.0
1217,806,1.0
128,299,-1.0
1143,28,1.0
1512,646,1.0
1029,861,1.0
1769,452,1.0
634,456,-1.0
1753,571,-1.0
608,321,1.0
746,976,1.0
429,683,-1.0
1363,632,1.0
747,637,1.0
747,520,1.0
1766,1141,-1.0
1029,131,1.0
941,687,1.0
453,587,1.0
490,12,1.0
290,194,-1.0
872,1071,1.0
247,338,1.0
819,511,1.0
11,139,1.0
1085,727,1.0
1228,182,1.0
1695,801,-1.0
1882,102,1.0
1979,1024,0.0
747,429,1.0
1310,131,1.0
1779,594,-1.0
196,1063,1.0
1151,640,-1.0
1478,883,1.0
999,626,-1.0
1244,1033,1.0
966,83,-1.0
1541,478,1.0
1992,372,-1.0
1758,952,-1.0
2091,1140,1.0
1951,794,1.0
1915,450,-1.0
238,257,-1.0
1930,669,1.0
364,941,-1.0
703,1014,1.0
1835,672,-1.0
433,444,1.0
236,601,1.0
586,917,1.0
1118,756,1.0
1099,88,-1.0
1590,218,1.0
918,166,-1.0
2096,147,0.0
747,926,1.0
135,170,-1.0
2071,1106,-1.0
1512,736,1.0
2008,1067,-1.0
1112,194,-1.0
488,1194,-1.0
91,543,1.0
747,444,1.0
747,420,1.0
723,1031,1.0
1606,867,-1.0
555,753,1.0
628,104,-1.0
1876,87,1.0
1588,889,1.0
1638,90,-1.0
870,1165,1.0
758,299,1.0
887,982,1.0
747,318,1.0
236,1127,-1.0
1627,463,1.0
1052,853,-1.0
1847,645,1.0
747,703,1.0
1579,585,-1.0
1673,343,-1.0
1470,1149,-1.0
1450,651,1.0
244,527,1.0
1915,473,-1.0
1615,1065,1.0
1085,774,0.0
918,279,-1.0
1995,17,1.0
2,1111,1.0
1659,1167,0.0
1665,576,-1.0
1595,193,-1.0
1861,230,1.0
1915,1159,-1.0
33,331,1.0
2001,189,-1.0
812,175,-1.0
71,109,0.0
1434,943,1.0
2067,1142,1.0
905,924,1.0
1304,43,1.0
616,723,-1.0
168,893,-1.0
45,663,-1.0
873,474,-1.0
1029,408,1.0
1915,624,-1.0
476,759,1.0
37,30,-1.0
747,1006,1.0
564,1119,-1.0
810,99,1.0
826,323,1.0
1156,1,1.0
103,723,1.0
1590,185,-1.0
1509,376,1.0
252,1097,1.0
802,502,-1.0
617,677,-1.0
500,41,-1.0
830,558,1.0
1915,1186,-1.0
502,321,1.0
1029,368,1.0
1015,172,1.0
851,621,-1.0
1915,1160,-1.0
1029,473,1.0
1203,487,1.0
1764,1176,1.0
1195,448,-1.0
577,993,1.0
1705,366,-1.0
1915,1058,-1.0
671,148,-1.0
238,608,1.0
1741,945,1.0
41,375,-1.0
1772,511,1.0
472,821,1.0
345,938,-1.0
1798,1190,1.0
747,1110,1.0
1082,323,1.0
490,5,-1.0
1534,752,1.0
1296,1103,-1.0
789,323,1.0
1483,904,1.0
1206,692,-1.0
1085,429,1.0
1758,624,-1.0
1819,22,1.0
1075,138,0.0
1879,274,-1.0
588,1029,1.0
1329,48,-1.0
2045,519,-1.0
628,693,-1.0
1062,961,-1.0
875,329,-1.0
1884,974,-1.0
1906,442,1.0
1442,899,1.0
1734,1055,0.0
472,689,1.0
1560,683,1.0
1271,1115,1.0
747,1115,1.0
986,712,-1.0
1915,365,-1.0
1055,553,1.0
1687,343,1.0
179,908,1.0
15,652,-1.0
35,390,1.0
799,348,1.0
241,1038,1.0
64,579,1.0
931,131,0.0
2044,1081,-1.0
1143,628,-1.0
1879,568,-1.0
1589,459,1.0
2026,451,0.0
1434,667,-1.0
255,977,-1.0
1192,478,1.0
1311,188,1.0
747,1017,1.0
267,1045,1.0
2018,833,-1.0
135,914,-1.0
1321,1143,-1.0
1037,829,1.0
1684,250,-1.0
979,271,-1.0
1820,1035,-1.0
1085,1079,1.0
691,1045,-1.0
1011,293,1.0
1057,1143,-1.0
1633,197,1.0
538,848,1.0
1318,562,1.0
1693,344,1.0
1955,1055,1.0
747,37,1.0
80,979,1.0
202,1187,1.0
894,53,-1.0
7,462,-1.0
657,93,-1.0
1879,224,-1.0
498,478,-1.0
1895,681,1.0
747,500,1.0
601,590,-1.0
1788,0,-1.0
2092,347,1.0
1954,475,1.0
175,40,-1.0
1076,339,-1.0
1995,197,1.0
1041,496,-1.0
284,727,-1.0
768,925,1.0
789,478,-1.0
1938,711,-1.0
1042,362,-1.0
490,794,-1.0
1959,455,1.0
1473,508,-1.0
1915,519,-1.0
985,3,1.0
43,1167,1.0
1064,1141,1.0
1694,430,1.0
1048,1011,1.0
718,1071,1.0
1307,1018,1.0
769,957,1.0
2065,501,-1.0
1237,681,1.0
747,519,1.0
1006,843,1.0
648,716,-1.0
1777,682,-1.0
742,693,-1.0
1088,750,-1.0
1555,261,-1.0
421,182,-1.0
490,266,-1.0
1915,130,-1.0
1757,847,-1.0
1064,196,-1.0
1858,64,-1.0
212,601,-1.0
1899,656,1.0
1915,744,-1.0
795,874,1.0
1347,529,1.0
1851,352,-1.0
766,1044,1.0
1652,411,1.0
990,921,-1.0
515,664,-1.0
16,77,-1.0
453,1184,-1.0
747,744,1.0
1337,54,1.0
750,191,-1.0
1171,950,1.0
474,898,1.0
1495,221,1.0
1920,966,1.0
747,1137,1.0
29,791,1.0
1410,1126,0.0
218,376,-1.0
1429,304,1.0
700,1149,1.0
1601,546,-1.0
1512,602,1.0
1165,269,-1.0
774,116,1.0
1209,764,1.0
877,542,1.0
1634,78,1.0
1058,390,1.0
241,137,-1.0
747,1094,1.0
421,43,-1.0
1432,115,-1.0
1915,836,-1.0
188,158,1.0
1915,205,-1.0
242,983,1.0
1010,385,1.0
1170,852,-1.0
993,989,-1.0
714,890,-1.0
501,54,1.0
1010,927,1.0
158,167,1.0
1439,275,1.0
1830,617,1.0
599,895,1.0
1596,969,-1.0
288,1071,1.0
747,330,1.0
254,496,-1.0
1490,153,1.0
2086,284,-1.0
1382,12,1.0
1172,603,1.0
286,161,-1.0
345,896,-1.0
197,473,1.0
1915,358,-1.0
410,510,-1.0
79,846,-1.0
26,1020,-1.0
633,734,-1.0
1592,147,1.0
1212,544,-1.0
1932,431,-1.0
602,800,1.0
1083,447,-1.0
1118,94,-1.0
1151,421,-1.0
2049,226,1.0
1759,323,1.0
740,269,0.0
1093,620,0.0
121,553,1.0
1512,132,1.0
1512,735,1.0
1242,674,-1.0
97,1162,1.0
258,49,-1.0
1261,319,1.0
1889,201,-1.0
1648,469,-1.0
1420,121,-1.0
2063,162,1.0
818,713,1.0
459,1134,-1.0
2052,349,1.0
168,1061,-1.0
1835,1039,-1.0
702,1076,-1.0
235,397,1.0
229,591,-1.0
1859,8,1.0
278,404,1.0
1915,135,-1.0
697,851,-1.0
2093,146,0.0
2086,811,-1.0
1007,613,-1.0
563,1074,1.0
330,55,-1.0
995,307,-1.0
1532,219,-1.0
1273,263,-1.0
1915,294,-1.0
1223,634,1.0
1368,342,-1.0
1527,1168,1.0
157,455,-1.0
747,252,1.0
765,1008,1.0
490,627,-1.0
961,1080,-1.0
1453,917,-1.0
607,658,-1.0
1686,219,-1.0
49,367,1.0
1541,561,-1.0
466,1035,-1.0
697,592,-1.0
763,794,-1.0
288,373,1.0
898,978,-1.0
641,916,-1.0
2023,1046,-1.0
2067,267,-1.0
1736,297,-1.0
2059,323,1.0
1155,1179,1.0
447,958,1.0
961,176,1.0
1915,823,-1.0
1029,702,1.0
1228,1043,1.0
462,772,-1.0
300,448,1.0
1936,712,-1.0
1774,64,1.0
2053,390,1.0
112,945,-1.0
747,877,1.0
1983,353,1.0
470,195,1.0
1541,1149,-1.0
1736,231,-1.0
1758,294,-1.0
568,120,1.0
527,1036,1.0
788,937,-1.0
568,153,1.0
310,405,-1.0
747,1136,1.0
1022,296,1.0
1441,1145,-1.0
1255,1041,-1.0
1877,301,-1.0
1412,56,-1.0
1512,235,1.0
1474,390,1.0
1832,380,1.0
1758,27,-1.0
1783,459,-1.0
2088,118,-1.0
1550,1190,-1.0
835,863,1.0
1362,115,-1.0
924,1123,-1.0
1170,1163,1.0
1437,664,1.0
2012,107,-1.0
552,681,1.0
1000,618,-1.0
1714,689,-1.0
1910,525,1.0
208,416,-1.0
1481,607,-1.0
1108,170,-1.0
1915,1090,-1.0
1525,381,-1.0
335,1173,-1.0
531,435,1.0
601,824,-1.0
1881,725,1.0
600,972,-1.0
1646,502,-1.0
1915,931,-1.0
1609,1011,1.0
747,545,1.0
1833,934,-1.0
856,441,-1.0
603,871,-1.0
295,50,-1.0
738,488,0.0
110,159,1.0
602,273,-1.0
1555,817,-1.0
386,267,1.0
843,5,1.0
980,260,-1.0
1151,132,-1.0
490,275,-1.0
389,298,-1.0
1085,15,-1.0
333,541,1.0
1561,362,0.0
1932,1012,-1.0
1474,478,-1.0
2084,1161,-1.0
1706,250,-1.0
131,791,1.0
1286,664,-1.0
1999,125,1.0
1187,1153,1.0
601,426,-1.0
1773,1163,-1.0
282,137,0.0
74,177,1.0
128,928,-1.0
1762,739,-1.0
1915,469,-1.0
1827,709,-1.0
1317,57,0.0
606,871,0.0
1033,616,-1.0
848,173,-1.0
2079,472,-1.0
1318,122,-1.0
601,1146,-1.0
1934,716,1.0
1679,533,-1.0
1750,248,1.0
1454,1155,1.0
1898,744,1.0
1597,1187,1.0
747,660,1.0
1915,411,-1.0
722,1117,1.0
1818,580,-1.0
1803,194,1.0
1345,700,-1.0
1356,820,-1.0
1566,138,-1.0
731,546,-1.0
1879,10,-1.0
1318,957,-1.0
1296,622,-1.0
942,97,-1.0
1609,575,-1.0
1890,932,-1.0
1915,420,-1.0
1254,456,1.0
504,359,1.0
1318,964,1.0
1587,253,1.0
747,873,1.0
1915,1172,-1.0
1318,1088,-1.0
1371,997,1.0
537,627,1.0
138,767,1.0
1799,926,-1.0
490,203,-1.0
715,629,1.0
1112,425,-1.0
617,137,-1.0
1495,1027,1.0
349,920,1.0
1059,598,1.0
640,625,-1.0
866,323,1.0
747,626,1.0
1885,1165,0.0
1694,646,1.0
1085,401,1.0
869,118,1.0
1062,704,1.0
1528,439,-1.0
1168,157,1.0
1566,484,-1.0
439,860,1.0
839,825,1.0
2089,355,1.0
1971,884,-1.0
2089,1189,-1.0
1959,394,1.0
1692,1015,0.0
1949,390,1.0
747,749,1.0
1946,206,1.0
491,258,-1.0
520,268,-1.0
2038,335,-1.0
154,84,-1.0
762,497,1.0
579,241,-1.0
748,22,-1.0
1574,172,-1.0
1854,913,-1.0
1132,1065,-1.0
1915,720,-1.0
747,422,1.0
207,0,1.0
517,603,-1.0
510,954,1.0
1733,533,1.0
120,871,1.0
1882,1071,-1.0
790,867,-1.0
893,1135,-1.0
1887,678,1.0
1278,337,0.0
1590,536,-1.0
127,882,1.0
1559,247,-1.0
1683,633,1.0
1010,794,1.0
148,161,-1.0
904,338,-1.0
716,699,-1.0
14,631,-1.0
1318,1105,-1.0
2011,226,1.0
2076,113,1.0
1223,61,-1.0
751,22,-1.0
707,130,1.0
1495,203,1.0
240,1,0.0
747,99,1.0
1817,446,-1.0
1915,1110,-1.0
1694,736,1.0
559,971,1.0
1985,323,1.0
2015,962,1.0
1732,300,1.0
584,417,-1.0
1274,98,1.0
252,686,1.0
45,928,1.0
955,805,-1.0
1860,1116,-1.0
807,827,-1.0
149,31,-1.0
1753,791,-1.0
1587,447,-1.0
1680,836,-1.0
1085,264,-1.0
414,513,1.0
154,237,1.0
963,74,1.0
2030,185,-1.0
1632,189,1.0
501,207,1.0
374,630,-1.0
1512,960,1.0
273,390,1.0
339,828,1.0
701,144,1.0
101,1111,-1.0
1625,1181,-1.0
1490,182,-1.0
1129,604,1.0
892,879,1.0
894,722,1.0
1386,707,-1.0
747,482,1.0
885,414,-1.0
1055,691,1.0
1014,611,1.0
1349,1187,-1.0
490,52,-1.0
1683,603,-1.0
583,17,1.0
1509,1001,1.0
1799,138,1.0
1915,1017,-1.0
1736,653,-1.0
1915,742,-1.0
1238,187,-1.0
995,854,-1.0
2028,1095,1.0
703,774,1.0
1860,837,1.0
1479,87,-1.0
1176,647,-1.0
172,761,1.0
1454,509,-1.0
553,105,-1.0
273,478,-1.0
1489,677,-1.0
88,649,1.0
1264,511,-1.0
228,779,-1.0
1804,257,1.0
1680,946,1.0
685,871,1.0
630,741,-1.0
1448,327,0.0
1816,390,1.0
115,392,-1.0
1626,1120,-1.0
168,438,1.0
1194,675,1.0
1029,102,1.0
750,26,1.0
2070,975,1.0
2086,1111,-1.0
747,462,1.0
718,1156,1.0
339,1174,1.0
1491,382,-1.0
1367,218,-1.0
601,63,-1.0
643,1195,-1.0
1010,1186,1.0
1712,271,1.0
1884,286,1.0
1915,453,-1.0
594,1194,1.0
602,423,-1.0
906,897,-1.0
1094,1154,-1.0
1835,488,-1.0
1171,145,1.0
1758,804,-1.0
1689,368,-1.0
1113,1158,0.0
1054,1073,1.0
1366,831,-1.0
2006,899,-1.0
580,642,-1.0
1866,529,-1.0
2040,103,-1.0
515,754,-1.0
602,367,-1.0
1915,1137,-1.0
2000,45,-1.0
1094,127,-1.0
1123,825,1.0
785,198,1.0
198,247,-1.0
0,837,1.0
1318,987,1.0
220,390,1.0
1956,424,-1.0
747,633,1.0
1915,562,-1.0
1378,56,1.0
2092,777,-1.0
1296,848,-1.0
1353,338,-1.0
1085,754,1.0
2036,213,1.0
1760,727,1.0
1645,740,-1.0
1915,1094,-1.0
601,1069,-1.0
2074,61,-1.0
1007,1126,1.0
623,564,-1.0
1995,907,-1.0
688,14,1.0
573,672,-1.0
1018,390,1.0
1482,950,1.0
1204,222,1.0
398,85,-1.0
1362,340,-1.0
225,310,-1.0
1915,1063,-1.0
490,457,1.0
1695,289,-1.0
1967,478,-1.0
969,906,1.0
1538,58,-1.0
334,1055,1.0
1608,693,1.0
1653,712,-1.0
546,1149,0.0
308,254,-1.0
603,323,-1.0
1188,1136,-1.0
1882,953,1.0
522,38,-1.0
1184,323,1.0
913,1003,1.0
1085,182,-1.0
1993,983,1.0
1808,853,1.0
1981,833,1.0
1262,265,-1.0
1694,224,1.0
172,1009,1.0
1742,863,-1.0
1924,1164,1.0
19,532,-1.0
1085,912,-1.0
1541,390,1.0
1747,381,-1.0
1004,798,-1.0
1726,1067,1.0
1794,89,1.0
1824,41,-1.0
1376,884,-1.0
1510,312,1.0
822,85,1.0
1223,774,1.0
1392,44,-1.0
1291,405,-1.0
821,803,1.0
783,1009,-1.0
140,691,1.0
984,218,-1.0
1880,653,1.0
1884,866,-1.0
1940,226,-1.0
2037,390,1.0
31,447,-1.0
1441,415,1.0
871,610,-1.0
1031,91,1.0
51,623,0.0
279,234,1.0
1780,417,-1.0
1915,252,-1.0
2092,532,-1.0
296,774,-1.0
1161,313,-1.0
1482,17,1.0
168,371,-1.0
610,698,1.0
1915,207,-1.0
747,162,1.0
200,726,-1.0
1088,65,-1.0
1029,297,1.0
613,745,-1.0
1318,952,1.0
218,410,-1.0
1309,853,-1.0
630,759,-1.0
1633,842,-1.0
2044,212,1.0
2092,687,-1.0
492,569,-1.0
113,643,-1.0
716,428,1.0
1692,593,0.0
855,360,-1.0
1196,697,-1.0
971,596,1.0
1195,1163,1.0
482,988,-1.0
53,707,-1.0
412,326,-1.0
1800,188,-1.0
747,570,1.0
1089,592,-1.0
653,418,1.0
203,74,1.0
507,1026,-1.0
1517,845,-1.0
1228,689,1.0
680,249,1.0
2037,478,-1.0
1809,277,1.0
1709,58,1.0
910,521,0.0
168,295,-1.0
150,1056,1.0
1603,1098,-1.0
1085,791,0.0
706,738,1.0
5,857,-1.0
1073,390,1.0
369,818,-1.0
1694,735,1.0
46,129,1.0
723,1031,-1.0
1913,1157,1.0
2037,189,-1.0
373,717,-1.0
14,239,-1.0
442,1022,1.0
93,877,1.0
747,206,1.0
1114,566,-1.0
590,146,-1.0
1236,1093,-1.0
709,1011,1.0
1950,19,-1.0
1375,503,1.0
1029,823,1.0
1577,314,1.0
1743,585,1.0
747,366,1.0
2062,1011,1.0
747,952,1.0
0,70,1.0
1730,192,-1.0
458,773,-1.0
1183,468,1.0
490,721,-1.0
2086,855,-1.0
1711,2,-1.0
1023,733,-1.0
1223,755,-1.0
85,991,1.0
589,753,-1.0
1915,545,-1.0
450,1032,-1.0
71,269,0.0
1845,166,1.0
1281,638,1.0
1330,1045,-1.0
1495,368,1.0
720,37,1.0
1427,707,1.0
1496,1186,1.0
589,1035,1.0
1527,144,-1.0
1171,1172,1.0
607,490,-1.0
1696,460,-1.0
1536,892,1.0
1915,387,-1.0
141,793,1.0
1293,48,-1.0
851,346,-1.0
1352,337,-1.0
884,97,1.0
1937,612,-1.0
1915,1077,-1.0
1580,286,1.0
907,253,1.0
817,807,-1.0
1509,376,-1.0
575,412,1.0
1177,807,-1.0
1342,737,-1.0
1369,872,1.0
703,514,1.0
1736,57,-1.0
1074,75,1.0
841,405,1.0
1672,650,1.0
1008,691,1.0
483,780,1.0
1569,837,1.0
40,748,1.0
472,821,-1.0
747,498,1.0
75,880,-1.0
923,334,-1.0
1915,660,-1.0
1773,676,-1.0
1828,1128,-1.0
476,591,1.0
490,34,-1.0
1915,1113,-1.0
738,1057,1.0
1915,752,-1.0
1029,387,1.0
609,491,-1.0
1835,368,-1.0
1971,200,1.0
996,364,-1.0
973,974,1.0
300,574,1.0
1495,721,1.0
966,858,1.0
322,323,0.0
438,1033,1.0
1589,443,-1.0
218,1038,-1.0
871,988,1.0
1761,1011,1.0
605,390,1.0
260,774,1.0
954,390,1.0
1003,312,-1.0
1363,712,-1.0
1561,786,1.0
168,1154,-1.0
984,1066,1.0
1537,877,-1.0
1207,55,-1.0
1791,522,-1.0
1786,496,1.0
2017,847,1.0
1010,993,1.0
1925,208,-1.0
1250,691,1.0
158,18,1.0
1915,626,-1.0
1359,262,-1.0
42,323,1.0
1310,835,-1.0
1717,255,0.0
1846,155,-1.0
1000,27,1.0
184,680,0.0
1219,911,-1.0
1378,1100,1.0
1151,646,-1.0
571,543,-1.0
103,573,-1.0
1154,386,1.0
218,408,-1.0
333,701,1.0
187,913,-1.0
269,692,1.0
140,1093,1.0
181,1188,1.0
70,34,1.0
2009,247,0.0
1319,219,-1.0
1196,493,1.0
1843,966,1.0
601,1013,-1.0
176,712,-1.0
1086,422,1.0
862,321,-1.0
1915,1065,-1.0
584,40,-1.0
925,488,1.0
254,700,1.0
491,628,1.0
334,390,1.0
1227,620,1.0
496,901,-1.0
1919,233,1.0
136,558,-1.0
1570,788,-1.0
561,528,1.0
187,1080,1.0
1915,99,-1.0
1847,206,-1.0
670,1071,1.0
373,164,1.0
215,564,1.0
705,1112,-1.0
1722,147,0.0
1512,1073,1.0
49,914,0.0
1584,1158,1.0
1972,556,1.0
447,120,-1.0
1810,1191,-1.0
475,184,1.0
266,88,-1.0
2045,836,1.0
1085,457,-1.0
183,1130,-1.0
452,308,1.0
1901,181,1.0
352,745,0.0
1151,736,-1.0
1780,445,-1.0
1034,809,1.0
2046,943,-1.0
1307,806,-1.0
1915,589,-1.0
399,180,1.0
1248,169,-1.0
665,114,1.0
1935,532,-1.0
1512,568,1.0
286,600,1.0
171,1107,1.0
1892,1000,-1.0
593,1015,1.0
1324,1113,1.0
1900,370,1.0
223,404,-1.0
953,879,-1.0
859,791,0.0
1115,25,1.0
1131,997,0.0
797,925,-1.0
293,902,-1.0
2065,1098,-1.0
1504,292,-1.0
209,375,-1.0
31,905,-1.0
218,953,-1.0
1,162,-1.0
282,549,-1.0
1915,188,-1.0
1583,340,1.0
245,848,1.0
625,192,1.0
1687,907,-1.0
1736,308,-1.0
252,317,-1.0
1763,268,1.0
168,110,1.0
466,850,1.0
1490,45,1.0
1780,766,-1.0
1145,777,-1.0
1905,871,1.0
1733,300,-1.0
1089,560,1.0
747,1037,1.0
461,566,-1.0
766,1085,-1.0
1984,1185,-1.0
2092,818,-1.0
747,262,1.0
1915,462,-1.0
653,13,1.0
227,549,1.0
68,911,1.0
1140,532,-1.0
1424,478,-1.0
395,648,1.0
241,410,1.0
734,217,1.0
186,596,-1.0
1125,860,0.0
2062,477,-1.0
1915,768,-1.0
1698,73,1.0
279,950,-1.0
298,239,-1.0
682,390,1.0
1188,327,1.0
1912,1005,-1.0
617,410,1.0
1942,552,1.0
703,1129,1.0
359,79,1.0
1694,960,1.0
490,927,-1.0
1622,433,1.0
747,19,1.0
1071,567,1.0
1455,390,1.0
176,970,1.0
1141,981,1.0
1619,407,1.0
1131,355,0.0
1123,1153,0.0
1872,421,-1.0
1405,743,1.0
187,556,-1.0
1050,726,1.0
993,926,1.0
863,929,-1.0
637,611,-1.0
57,178,1.0
928,924,-1.0
1421,606,1.0
1678,823,-1.0
1915,762,-1.0
1482,145,1.0
769,225,-1.0
453,675,-1.0
2086,880,-1.0
1727,574,1.0
784,1057,-1.0
218,272,-1.0
1915,716,-1.0
281,168,-1.0
1540,1033,1.0
923,6,1.0
2032,1,-1.0
747,1056,1.0
715,89,-1.0
485,967,-1.0
1151,274,-1.0
1590,746,-1.0
308,48,1.0
1552,552,0.0
682,478,-1.0
1622,297,-1.0
1802,512,1.0
1542,499,-1.0
342,332,1.0
307,163,1.0
430,825,1.0
1235,391,1.0
886,303,0.0
966,221,1.0
1718,473,0.0
1448,429,0.0
600,514,-1.0
1151,568,-1.0
1085,1043,1.0
945,890,1.0
2001,321,-1.0
26,81,-1.0
1170,1163,-1.0
895,1025,-1.0
1968,526,1.0
1029,1025,1.0
1915,234,-1.0
1865,390,1.0
121,739,-1.0
1915,380,-1.0
1238,419,-1.0
1415,1047,1.0
966,1151,1.0
420,102,-1.0
531,435,-1.0
966,715,-1.0
490,0,1.0
1382,15,-1.0
718,260,1.0
1501,755,-1.0
163,834,0.0
207,894,-1.0
654,658,1.0
1834,33,-1.0
175,936,-1.0
44,219,-1.0
204,298,-1.0
1010,462,1.0
377,398,-1.0
1879,430,-1.0
1139,251,-1.0
1382,706,-1.0
435,909,-1.0
1152,1118,1.0
85,545,-1.0
498,323,1.0
1422,1120,-1.0
490,15,1.0
224,140,1.0
1989,286,-1.0
918,567,-1.0
490,672,-1.0
453,900,1.0
834,593,1.0
929,1037,0.0
311,1196,1.0
554,893,1.0
261,258,-1.0
726,847,-1.0
499,827,1.0
507,840,-1.0
346,564,-1.0
1644,195,-1.0
1915,690,-1.0
1915,113,-1.0
2012,876,-1.0
1547,898,-1.0
1915,681,-1.0
161,881,1.0
108,609,-1.0
1582,997,1.0
602,29,-1.0
218,373,-1.0
55,57,1.0
1844,506,1.0
1513,500,1.0
662,540,-1.0
926,1014,1.0
1915,570,-1.0
1958,933,1.0
539,679,-1.0
73,1005,1.0
288,260,1.0
166,219,-1.0
1512,1144,1.0
833,791,0.0
620,751,-1.0
711,987,1.0
1029,680,1.0
925,196,-1.0
617,1038,1.0
2019,660,-1.0
1656,303,0.0
544,777,1.0
1539,789,-1.0
1970,829,-1.0
778,209,1.0
747,793,1.0
747,369,1.0
120,72,-1.0
96,915,-1.0
670,760,1.0
602,1018,1.0
1511,573,1.0
2037,1055,-1.0
1915,206,-1.0
143,655,1.0
747,713,1.0
1683,225,-1.0
1277,790,1.0
1157,623,1.0
1863,137,-1.0
1351,189,-1.0
1653,728,-1.0
21,1089,1.0
499,1092,0.0
1194,473,0.0
425,305,-1.0
1214,947,1.0
321,694,1.0
1524,88,1.0
1915,952,-1.0
1416,1059,-1.0
1495,672,1.0
1431,582,-1.0
597,945,-1.0
1085,196,1.0
1659,175,1.0
1678,221,1.0
933,106,1.0
851,1029,-1.0
1255,973,1.0
1915,637,-1.0
1995,946,-1.0
1828,49,0.0
1915,306,-1.0
934,472,-1.0
1647,778,-1.0
1564,959,-1.0
1588,997,-1.0
1695,919,-1.0
1982,213,-1.0
544,134,-1.0
132,744,-1.0
985,560,-1.0
1351,377,-1.0
2068,944,1.0
1915,429,-1.0
71,256,0.0
466,494,-1.0
1056,797,-1.0
598,34,-1.0
1758,1181,-1.0
130,39,-1.0
1550,963,1.0
1676,342,0.0
974,392,-1.0
897,532,1.0
237,934,-1.0
168,187,-1.0
1029,57,1.0
1026,914,0.0
668,778,-1.0
1193,232,1.0
1050,1023,-1.0
1029,993,1.0
1437,661,1.0
652,5,-1.0
312,135,-1.0
1650,302,-1.0
175,244,-1.0
1314,942,-1.0
1588,467,1.0
1933,754,1.0
461,915,-1.0
1378,792,-1.0
1318,188,-1.0
731,990,-1.0
2041,148,-1.0
1274,98,-1.0
747,337,1.0
490,1056,-1.0
430,732,-1.0
906,806,-1.0
490,958,1.0
252,686,-1.0
1581,880,1.0
23,523,-1.0
1800,929,1.0
690,403,-1.0
387,652,1.0
1839,1133,-1.0
1825,1014,1.0
1468,174,1.0
1512,10,1.0
1411,1159,1.0
747,489,1.0
1459,288,-1.0
791,280,1.0
1533,478,-1.0
289,716,1.0
604,457,1.0
1085,759,-1.0
794,174,-1.0
1309,50,1.0
894,722,-1.0
1892,452,-1.0
570,315,1.0
1835,221,-1.0
1834,923,1.0
1169,495,1.0
565,575,1.0
1029,953,1.0
1628,9,0.0
697,292,-1.0
1560,406,-1.0
315,260,1.0
1915,700,-1.0
1675,759,-1.0
1138,474,1.0
1249,1099,-1.0
1512,1112,1.0
340,627,0.0
1462,558,1.0
1103,858,-1.0
282,410,-1.0
490,1044,-1.0
1013,916,1.0
1908,172,-1.0
1785,484,-1.0
176,995,1.0
2035,323,1.0
1171,614,1.0
1377,1168,-1.0
613,1046,1.0
1873,382,-1.0
1915,1167,-1.0
747,608,1.0
747,96,1.0
477,557,1.0
1174,969,1.0
966,1027,1.0
2092,89,1.0
1088,338,-1.0
197,680,1.0
1288,176,-1.0
34,1049,-1.0
2000,153,-1.0
262,1013,1.0
708,978,0.0
1880,83,-1.0
1096,35,1.0
635,170,1.0
168,438,-1.0
415,26,-1.0
1382,264,1.0
920,709,-1.0
490,192,1.0
822,20,-1.0
253,681,1.0
948,39,-1.0
1507,802,-1.0
1954,770,-1.0
519,272,1.0
1537,429,-1.0
254,145,1.0
436,1132,-1.0
549,537,-1.0
353,420,1.0
1537,865,1.0
670,1156,1.0
1267,1156,-1.0
870,753,1.0
1928,538,1.0
591,355,1.0
620,335,1.0
1810,81,1.0
1386,1033,1.0
749,1108,1.0
774,742,-1.0
797,122,1.0
1771,504,-1.0
1258,336,1.0
455,582,-1.0
320,948,-1.0
67,1107,1.0
1594,248,-1.0
20,254,1.0
2086,763,-1.0
896,976,0.0
1519,1178,1.0
602,86,-1.0
1878,910,-1.0
747,1063,1.0
218,95,1.0
2070,480,-1.0
33,681,-1.0
473,478,-1.0
1307,823,1.0
1996,390,1.0
708,211,1.0
1700,1040,1.0
490,725,-1.0
603,326,1.0
1822,378,-1.0
696,524,1.0
881,287,-1.0
1792,1027,-1.0
1834,1153,-1.0
575,943,-1.0
1341,842,-1.0
1314,1132,-1.0
1884,724,-1.0
721,1097,1.0
880,466,1.0
1151,10,-1.0
747,1176,1.0
295,1071,1.0
457,105,1.0
1835,116,-1.0
1460,390,1.0
122,920,-1.0
52,791,1.0
966,527,0.0
1857,832,-1.0
2065,7,1.0
883,632,1.0
1879,646,-1.0
1761,323,1.0
1044,1096,1.0
1279,868,-1.0
489,1082,1.0
2047,375,1.0
488,316,-1.0
2072,705,1.0
1432,1157,-1.0
459,74,-1.0
1209,706,1.0
334,1055,-1.0
1133,598,-1.0
1226,474,-1.0
757,1117,-1.0
1774,629,-1.0
521,1143,1.0
747,341,1.0
1882,953,-1.0
146,808,-1.0
490,1039,-1.0
703,61,-1.0
1016,1155,-1.0
627,442,1.0
1463,992,1.0
1029,308,1.0
1884,992,-1.0
1151,1112,-1.0
1724,776,-1.0
1642,385,1.0
128,813,1.0
864,323,1.0
2055,997,1.0
1893,278,1.0
1492,4,1.0
777,786,-1.0
1311,987,-1.0
1842,78,-1.0
1567,193,-1.0
595,1076,-1.0
747,480,1.0
957,392,1.0
720,63,-1.0
1029,760,1.0
703,13,-1.0
72,1195,0.0
1332,146,-1.0
1915,1037,-1.0
1364,1051,0.0
1915,262,-1.0
678,390,1.0
1041,946,-1.0
245,1165,1.0
524,844,1.0
1281,828,-1.0
1040,1026,1.0
518,477,-1.0
747,1138,1.0
909,1024,0.0
739,887,-1.0
1725,1064,-1.0
1558,859,-1.0
1051,432,-1.0
1307,579,-1.0
748,938,1.0
1280,979,-1.0
1201,1094,1.0
868,87,1.0
1848,591,1.0
1879,736,-1.0
1758,520,-1.0
1834,38,-1.0
270,1007,-1.0
1662,990,-1.0
779,185,1.0
1087,1140,-1.0
160,233,-1.0
747,34,1.0
1308,1167,-1.0
1010,1191,1.0
437,711,1.0
532,631,-1.0
2057,607,1.0
2080,337,0.0
1694,568,1.0
490,1033,-1.0
1915,461,-1.0
1195,1163,-1.0
1743,632,-1.0
1151,960,-1.0
483,333,-1.0
1629,458,-1.0
1970,845,1.0
779,843,0.0
2006,211,-1.0
1212,757,1.0
96,40,1.0
1495,1039,1.0
532,441,1.0
1661,311,-1.0
1151,923,-1.0
747,935,1.0
1915,318,-1.0
2025,1105,-1.0
150,1056,-1.0
1653,597,1.0
1341,1172,-1.0
128,605,-1.0
2078,809,-1.0
1932,401,1.0
306,998,-1.0
364,730,1.0
673,111,1.0
1085,1136,1.0
584,178,-1.0
395,504,-1.0
276,738,-1.0
1136,324,1.0
999,1030,1.0
259,145,-1.0
534,416,-1.0
776,256,1.0
1416,1081,-1.0
189,615,-1.0
388,841,1.0
317,383,-1.0
1464,11,-1.0
764,959,1.0
747,454,1.0
709,243,1.0
234,1133,-1.0
851,198,-1.0
1814,174,-1.0
1915,1006,-1.0
2028,144,-1.0
248,684,-1.0
1202,104,1.0
1554,121,1.0
1175,23,-1.0
296,384,1.0
1754,770,1.0
1239,112,1.0
1790,578,-1.0
1557,134,1.0
1793,498,1.0
1860,778,1.0
990,1152,1.0
1529,743,0.0
747,77,1.0
199,757,0.0
1609,243,1.0
1196,1184,0.0
1270,523,1.0
205,365,1.0
1369,283,-1.0
611,782,1.0
723,250,1.0
120,478,-1.0
1768,316,1.0
1795,288,-1.0
1385,788,1.0
490,889,-1.0
1252,580,-1.0
1029,376,1.0
302,204,1.0
98,1177,1.0
1272,908,-1.0
747,125,1.0
2020,219,-1.0
421,1043,-1.0
448,450,1.0
575,412,-1.0
640,355,1.0
553,434,1.0
1269,321,1.0
1144,199,1.0
287,320,-1.0
1758,1006,-1.0
619,695,1.0
1385,840,-1.0
1510,748,-1.0
365,1173,-1.0
1884,94,1.0
1085,506,-1.0
237,712,-1.0
275,710,-1.0
1829,356,1.0
1915,362,-1.0
468,871,0.0
1780,122,-1.0
1879,1144,-1.0
657,542,0.0
340,208,1.0
1782,355,1.0
1941,453,1.0
595,1146,-1.0
1854,69,1.0
1377,1095,1.0
1010,1056,1.0
1157,117,1.0
1726,437,0.0
1586,414,1.0
2061,681,1.0
158,1166,1.0
1276,255,-1.0
300,574,-1.0
14,1117,-1.0
180,1012,1.0
1834,825,1.0
1253,1165,1.0
1151,1000,-1.0
2049,30,1.0
372,747,-1.0
1431,360,1.0
945,768,-1.0
1451,863,-1.0
1714,1101,1.0
1877,1085,1.0
1253,303,1.0
1915,793,-1.0
1020,201,1.0
452,345,-1.0
1450,544,-1.0
709,1195,-1.0
296,755,1.0
812,733,-1.0
1286,348,-1.0
1873,157,-1.0
1915,713,-1.0
1307,986,-1.0
703,634,1.0
1341,510,-1.0
1625,1083,-1.0
747,104,1.0
748,944,-1.0
409,355,-1.0
0,1116,-1.0
1414,381,1.0
703,1022,-1.0
1960,779,0.0
839,712,-1.0
1181,1044,1.0
1314,557,-1.0
851,414,-1.0
1154,386,-1.0
1174,1034,-1.0
397,325,-1.0
519,397,-1.0
1213,217,-1.0
333,701,-1.0
747,829,1.0
2075,159,-1.0
747,978,1.0
250,390,1.0
1805,375,-1.0
182,620,-1.0
1026,154,1.0
1297,547,1.0
187,76,1.0
1315,68,-1.0
655,570,1.0
1192,243,1.0
370,697,-1.0
703,739,-1.0
713,1024,0.0
812,1049,-1.0
574,912,-1.0
760,754,1.0
1915,695,-1.0
1957,514,1.0
1206,1181,-1.0
689,550,1.0
2004,249,-1.0
1151,368,-1.0
1720,570,-1.0
436,178,-1.0
747,149,1.0
1915,600,-1.0
776,482,-1.0
1811,547,-1.0
335,815,-1.0
416,949,1.0
1350,838,1.0
1784,874,-1.0
1426,875,-1.0
1694,1144,1.0
1382,457,-1.0
1623,584,-1.0
1823,791,1.0
1915,337,-1.0
747,1030,1.0
1820,779,1.0
1489,1038,1.0
1713,391,-1.0
859,719,-1.0
577,116,-1.0
1458,527,-1.0
1507,214,-1.0
1584,1158,-1.0
405,21,-1.0
1483,527,-1.0
1308,837,1.0
475,184,-1.0
782,630,1.0
747,240,1.0
1339,290,1.0
1116,171,1.0
1956,471,1.0
1915,409,1.0
809,478,-1.0
703,755,-1.0
1683,987,1.0
4,840,1.0
1602,1192,-1.0
1386,771,1.0
1915,330,-1.0
920,1023,1.0
689,696,-1.0
211,390,1.0
1044,479,-1.0
380,308,-1.0
295,88,-1.0
39,146,0.0
1758,1137,-1.0
882,5,1.0
649,695,-1.0
997,1175,1.0
1879,735,-1.0
2019,737,1.0
1557,237,-1.0
24,824,1.0
583,946,-1.0
1601,922,1.0
642,904,-1.0
1218,740,1.0
1914,990,1.0
413,189,-1.0
1981,471,-1.0
964,1030,-1.0
227,574,1.0
1084,907,1.0
1454,82,1.0
1662,715,1.0
657,2,1.0
1607,410,-1.0
2047,1011,-1.0
201,787,-1.0
1856,478,-1.0
1401,192,-1.0
698,390,1.0
58,147,0.0
1135,438,0.0
559,635,-1.0
601,156,-1.0
1915,475,-1.0
2054,649,1.0
1195,852,1.0
490,894,-1.0
413,377,-1.0
747,450,1.0
301,485,-1.0
1448,305,1.0
1915,608,-1.0
1915,96,-1.0
808,241,1.0
1715,745,1.0
443,691,1.0
1974,889,1.0
747,285,1.0
405,470,1.0
604,15,1.0
744,253,-1.0
1021,988,0.0
692,866,1.0
878,682,-1.0
354,718,0.0
1328,94,1.0
1645,1040,-1.0
1482,614,1.0
1915,290,-1.0
1749,323,1.0
1339,234,-1.0
759,1034,1.0
1671,1028,1.0
460,278,-1.0
1836,146,0.0
141,463,-1.0
1407,648,-1.0
1149,484,1.0
1888,390,1.0
646,131,-1.0
2034,997,1.0
853,662,1.0
1821,383,1.0
698,478,-1.0
1915,503,-1.0
147,28,-1.0
531,693,0.0
550,912,1.0
1915,542,-1.0
251,790,1.0
1780,1114,-1.0
105,67,-1.0
1423,128,-1.0
608,477,-1.0
511,780,-1.0
646,48,-1.0
676,655,-1.0
914,330,1.0
1555,667,-1.0
562,533,-1.0
1915,1136,-1.0
648,242,-1.0
490,493,-1.0
1630,128,-1.0
1915,398,-1.0
1879,350,-1.0
1268,1044,-1.0
648,95,1.0
92,1011,1.0
1017,820,1.0
1126,1159,-1.0
246,323,1.0
1765,1000,1.0
245,779,-1.0
805,29,-1.0
1569,778,1.0
1687,950,1.0
295,1156,1.0
1219,489,1.0
1530,1159,-1.0
249,761,-1.0
1888,478,-1.0
1569,70,1.0
723,69,-1.0
1915,1176,-1.0
1399,763,-1.0
1714,534,1.0
1828,227,-1.0
490,1086,1.0
490,765,1.0
1029,151,1.0
138,530,-1.0
1731,223,1.0
447,270,1.0
1790,891,1.0
501,398,1.0
933,528,-1.0
1103,905,1.0
243,353,-1.0
603,390,-1.0
197,126,1.0
1426,567,-1.0
490,973,-1.0
159,323,1.0
574,1062,1.0
1698,564,0.0
486,1129,1.0
1316,1126,-1.0
1661,1180,1.0
1085,8,0.0
83,600,-1.0
241,738,-1.0
1043,970,-1.0
1077,729,-1.0
1398,434,0.0
1176,1138,1.0
1828,988,0.0
1820,129,-1.0
1027,653,1.0
1874,866,-1.0
324,161,1.0
521,895,-1.0
1651,989,1.0
1995,145,1.0
629,342,-1.0
162,5,1.0
2022,259,1.0
670,260,1.0
1085,706,-1.0
1900,226,0.0
1744,323,1.0
1228,706,1.0
434,977,1.0
1915,1138,-1.0
1096,1129,-1.0
1152,1118,-1.0
329,359,-1.0
1674,743,-1.0
1797,1068,-1.0
747,775,1.0
7,1087,1.0
1485,1188,-1.0
1369,698,-1.0
747,1152,1.0
2029,584,1.0
383,587,0.0
602,861,0.0
1283,46,1.0
1385,383,0.0
400,200,-1.0
1164,1087,-1.0
1402,1054,1.0
257,647,1.0
1702,390,1.0
2086,881,-1.0
1734,698,-1.0
1246,223,-1.0
1381,28,-1.0
930,89,1.0
543,1147,-1.0
1813,214,1.0
456,45,-1.0
2039,981,-1.0
1915,873,-1.0
666,551,1.0
674,931,-1.0
1296,830,1.0
518,1055,1.0
18,238,1.0
1382,336,-1.0
1828,588,0.0
1639,921,1.0
1831,515,1.0
1325,42,-1.0
1916,1194,-1.0
747,930,1.0
987,183,-1.0
1896,978,0.0
1337,1114,-1.0
1190,478,-1.0
1770,757,1.0
502,254,-1.0
320,773,1.0
1491,802,-1.0
1610,654,1.0
283,696,1.0
1209,264,1.0
268,309,1.0
592,897,1.0
1016,8,1.0
43,644,-1.0
1085,661,1.0
1512,62,1.0
1661,505,1.0
490,355,-1.0
903,673,-1.0
484,1034,-1.0
857,976,-1.0
221,106,-1.0
2002,699,1.0
1157,623,-1.0
1915,454,-1.0
1769,1189,-1.0
490,415,-1.0
1415,727,-1.0
935,1071,1.0
1413,808,-1.0
335,214,-1.0
445,1130,-1.0
1544,775,-1.0
1805,1011,1.0
1351,390,1.0
270,516,-1.0
318,947,0.0
798,827,-1.0
1085,43,-1.0
639,205,-1.0
1512,430,1.0
455,712,-1.0
936,1104,-1.0
29,100,-1.0
539,135,1.0
1860,70,1.0
1388,566,1.0
2071,349,-1.0
1922,326,1.0
218,1142,-1.0
277,605,-1.0
858,466,-1.0
1538,1177,-1.0
300,194,-1.0
1377,825,1.0
152,1081,1.0
1841,903,1.0
453,607,-1.0
1198,526,-1.0
1852,810,-1.0
682,51,-1.0
421,689,-1.0
995,581,-1.0
1656,1165,0.0
1512,666,1.0
54,1089,1.0
2003,731,-1.0
1417,137,0.0
415,1092,1.0
407,604,-1.0
601,263,-1.0
1209,12,-1.0
347,851,-1.0
639,910,1.0
1835,993,-1.0
459,202,1.0
1274,180,-1.0
570,1131,-1.0
1860,46,1.0
282,738,0.0
1418,812,1.0
1927,1032,1.0
1012,177,-1.0
1061,390,1.0
32,148,1.0
1161,1066,-1.0
360,928,-1.0
608,512,1.0
1075,946,0.0
887,1037,0.0
567,656,-1.0
1734,639,-1.0
1512,640,1.0
747,925,1.0
1111,1079,1.0
1299,393,-1.0
350,59,1.0
1375,730,-1.0
587,1189,1.0
1628,731,-1.0
1884,968,1.0
1075,842,0.0
1437,68,1.0
722,659,-1.0
962,501,1.0
209,243,1.0
731,345,-1.0
1915,104,-1.0
2046,913,1.0
1240,513,-1.0
176,995,-1.0
598,796,1.0
998,209,-1.0
31,296,-1.0
1915,978,-1.0
1895,218,-1.0
1476,323,1.0
747,560,1.0
781,1047,-1.0
1409,948,1.0
1085,749,1.0
213,268,-1.0
1326,323,1.0
334,477,-1.0
526,219,-1.0
1734,353,1.0
1817,793,1.0
664,868,1.0
1034,622,0.0
490,385,-1.0
1096,35,-1.0
1533,871,1.0
1199,951,0.0
0,46,1.0
1360,653,-1.0
61,948,1.0
1860,215,-1.0
751,994,-1.0
111,741,-1.0
490,591,-1.0
1147,1053,-1.0
1915,195,-1.0
1618,349,1.0
1403,323,1.0
287,1037,1.0
2073,551,-1.0
1734,525,1.0
2084,771,-1.0
1318,294,1.0
1160,999,-1.0
1537,865,-1.0
1562,1024,1.0
1549,787,1.0
712,876,1.0
1794,407,-1.0
614,406,1.0
1915,633,-1.0
451,387,1.0
1879,328,-1.0
747,66,1.0
435,947,-1.0
438,52,1.0
1119,517,-1.0
705,1127,1.0
1884,756,-1.0
2042,1075,1.0
1915,240,-1.0
1151,1144,-1.0
14,268,-1.0
480,1044,1.0
923,147,-1.0
1127,1109,-1.0
218,95,-1.0
825,400,-1.0
1155,1062,-1.0
1664,1095,-1.0
1189,258,-1.0
747,59,1.0
1772,220,-1.0
1338,346,1.0
1500,762,-1.0
1911,88,-1.0
1290,23,1.0
60,564,-1.0
1699,697,1.0
1243,32,-1.0
1336,521,0.0
2032,538,-1.0
1222,413,-1.0
747,769,1.0
56,142,-1.0
535,366,1.0
1180,1033,-1.0
1060,478,-1.0
274,799,0.0
1794,347,1.0
1387,859,1.0
1167,1015,1.0
1515,677,0.0
1576,1058,-1.0
874,478,-1.0
1537,433,0.0
1564,936,1.0
1216,1085,-1.0
1223,315,-1.0
0,215,-1.0
380,433,-1.0
375,390,1.0
173,260,1.0
1314,359,-1.0
972,240,-1.0
879,75,-1.0
449,1048,1.0
2089,112,-1.0
109,461,-1.0
533,1069,1.0
1151,224,-1.0
895,760,1.0
218,1001,-1.0
1343,782,1.0
1252,797,-1.0
514,326,-1.0
1762,514,1.0
1915,285,-1.0
951,968,-1.0
1054,1105,-1.0
1952,881,-1.0
1495,116,1.0
1695,740,-1.0
1130,389,1.0
1220,861,1.0
453,587,-1.0
1862,604,-1.0
490,1041,-1.0
1840,71,1.0
1355,764,-1.0
889,171,-1.0
395,1159,-1.0
1738,1135,1.0
1694,602,1.0
1605,784,-1.0
753,585,-1.0
553,665,1.0
833,1119,0.0
1318,520,1.0
747,1172,1.0
1177,309,-1.0
935,760,1.0
1915,989,-1.0
528,982,-1.0
1120,1024,0.0
151,390,1.0
548,500,-1.0
568,958,-1.0
1915,877,-1.0
1370,218,-1.0
747,343,1.0
733,258,1.0
1787,871,0.0
22,1195,1.0
316,515,-1.0
1636,247,1.0
1067,123,1.0
1669,163,-1.0
1551,937,1.0
1995,496,-1.0
554,371,1.0
170,437,1.0
418,227,1.0
1433,390,1.0
959,1175,-1.0
747,720,1.0
997,50,-1.0
1605,889,-1.0
1069,1055,1.0
1555,555,-1.0
89,67,-1.0
1915,366,-1.0
1626,839,1.0
1931,1095,1.0
1566,614,1.0
623,73,-1.0
1524,1182,-1.0
1890,835,1.0
1521,1020,1.0
775,478,-1.0
1332,51,-1.0
618,837,-1.0
1666,8,1.0
2084,52,1.0
1005,860,-1.0
61,773,-1.0
292,559,-1.0
1113,639,1.0
1676,967,0.0
133,146,0.0
1952,292,1.0
2071,1106,1.0
1370,681,1.0
291,390,1.0
436,644,-1.0
495,477,1.0
1915,1051,-1.0
194,747,-1.0
1329,51,1.0
1292,118,-1.0
296,384,-1.0
747,325,1.0
1740,390,1.0
1390,84,1.0
995,770,-1.0
1607,677,1.0
1383,269,1.0
347,426,-1.0
930,140,-1.0
282,803,0.0
387,1079,-1.0
105,684,1.0
1514,451,-1.0
1569,46,1.0
1429,1090,-1.0
1973,1139,-1.0
1995,950,1.0
1091,554,-1.0
771,761,-1.0
302,965,-1.0
1295,355,1.0
1917,1109,1.0
1081,725,-1.0
1989,724,1.0
1662,906,-1.0
1808,95,-1.0
600,739,1.0
1915,444,-1.0
1915,1152,-1.0
1419,537,-1.0
169,216,1.0
1734,872,1.0
601,921,-1.0
969,993,-1.0
2092,945,-1.0
820,1185,-1.0
747,508,1.0
1540,1109,-1.0
803,518,-1.0
1929,457,-1.0
1740,478,-1.0
356,1096,1.0
1694,350,1.0
1776,542,-1.0
1404,111,-1.0
441,181,-1.0
1010,1159,1.0
1491,1157,-1.0
855,714,1.0
1070,714,1.0
30,1054,-1.0
1035,31,-1.0
1497,235,-1.0
1036,663,1.0
447,1086,1.0
946,78,-1.0
144,1066,-1.0
1426,66,-1.0
1915,930,-1.0
125,996,1.0
1152,60,1.0
1605,1060,1.0
328,277,-1.0
1089,156,-1.0
1994,524,-1.0
439,708,-1.0
185,219,1.0
1508,826,1.0
1289,1156,1.0
1879,62,-1.0
1884,776,-1.0
381,48,-1.0
683,1051,-1.0
377,1170,1.0
1465,870,-1.0
1939,1183,-1.0
2081,548,1.0
801,309,-1.0
978,382,1.0
966,906,1.0
1668,154,-1.0
354,536,1.0
773,96,1.0
1980,1014,-1.0
126,191,1.0
1282,809,-1.0
2027,497,-1.0
1955,1055,-1.0
1915,422,-1.0
1884,524,-1.0
731,896,-1.0
1105,306,1.0
424,1119,0.0
1318,804,1.0
76,356,-1.0
371,924,-1.0
633,816,1.0
747,562,1.0
1114,244,1.0
1709,1177,0.0
504,420,-1.0
1965,348,-1.0
1495,495,1.0
1130,775,1.0
1826,255,1.0
1651,614,-1.0
1167,593,1.0
827,429,1.0
1134,450,-1.0
1939,137,1.0
274,1104,0.0
1310,419,-1.0
648,1142,-1.0
569,449,1.0
1027,721,-1.0
99,55,1.0
72,575,0.0
601,868,-1.0
942,311,1.0
358,1091,-1.0
1496,861,-1.0
2021,447,1.0
339,638,-1.0
1706,754,-1.0
745,661,1.0
1356,239,-1.0
1151,203,-1.0
846,390,1.0
747,358,1.0
342,60,-1.0
1906,491,1.0
960,609,1.0
1096,298,1.0
949,631,-1.0
289,1175,-1.0
1695,351,-1.0
214,478,-1.0
1915,409,-1.0
675,1084,1.0
1963,615,1.0
1915,482,-1.0
625,920,-1.0
1694,62,1.0
1318,1137,1.0
69,209,1.0
1835,495,-1.0
1256,1155,-1.0
216,131,-1.0
1849,1166,1.0
1209,958,-1.0
793,930,-1.0
747,804,1.0
694,650,1.0
1182,129,-1.0
2012,685,-1.0
964,510,1.0
218,1020,-1.0
558,887,-1.0
780,53,1.0
1978,636,-1.0
814,627,-1.0
1341,138,-1.0
1303,969,-1.0
1758,358,-1.0
1965,886,1.0
1796,323,1.0
1915,925,-1.0
1169,387,-1.0
1915,126,-1.0
1602,818,1.0
602,800,-1.0
2064,834,1.0
602,636,-1.0
1029,1001,1.0
893,427,-1.0
648,596,-1.0
2005,276,-1.0
227,574,-1.0
1454,82,-1.0
595,523,-1.0
1307,231,1.0
697,344,-1.0
1195,852,-1.0
1010,1084,1.0
1381,205,1.0
527,824,-1.0
1736,433,-1.0
1875,1169,-1.0
840,245,1.0
50,332,-1.0
1234,95,-1.0
1586,248,0.0
57,365,-1.0
1327,538,-1.0
232,763,1.0
540,1010,1.0
1915,560,-1.0
687,659,1.0
1915,1005,-1.0
420,862,1.0
406,885,-1.0
992,355,1.0
690,679,1.0
1233,923,-1.0
583,1077,1.0
114,223,1.0
1986,323,1.0
2010,799,-1.0
1694,666,1.0
1084,290,-1.0
1471,364,1.0
365,882,-1.0
747,659,1.0
564,738,-1.0
1915,1188,-1.0
135,367,-1.0
1029,906,1.0
1002,899,-1.0
1898,1069,-1.0
2092,1192,-1.0
850,262,1.0
1876,1078,1.0
1912,940,1.0
440,785,1.0
737,817,-1.0
998,136,1.0
85,1130,1.0
893,966,-1.0
1179,931,1.0
1861,197,-1.0
493,1010,-1.0
1570,204,1.0
1306,919,-1.0
728,445,1.0
1556,150,-1.0
465,42,1.0
1299,39,1.0
1521,862,-1.0
770,248,-1.0
1208,463,-1.0
624,985,-1.0
454,180,1.0
274,233,0.0
1694,640,1.0
1789,1019,-1.0
92,243,1.0
1499,889,1.0
274,352,1.0
1224,390,1.0
1205,432,1.0
1498,196,1.0
548,965,1.0
937,1042,-1.0
663,849,1.0
602,994,-1.0
17,583,-1.0
1883,1115,-1.0
1850,194,-1.0
839,726,-1.0
1714,534,-1.0
490,678,-1.0
602,486,1.0
2056,781,-1.0
747,1077,1.0
50,477,-1.0
17,1116,1.0
1573,192,1.0
1995,614,1.0
1790,891,-1.0
1086,1176,-1.0
813,101,-1.0
1600,922,0.0
1640,360,1.0
907,980,1.0
206,179,-1.0
315,760,1.0
1185,550,-1.0
1882,1001,-1.0
890,1105,-1.0
907,1161,1.0
1373,396,-1.0
747,573,1.0
1661,1180,-1.0
1846,276,1.0
1509,373,-1.0
264,208,-1.0
312,403,1.0
457,1179,-1.0
1409,893,-1.0
747,752,1.0
1655,956,-1.0
494,222,-1.0
1868,1064,-1.0
270,3,-1.0
8,1014,1.0
701,363,-1.0
1265,67,1.0
182,299,-1.0
747,411,1.0
187,65,-1.0
1085,514,0.0
609,1107,-1.0
393,291,-1.0
1626,613,1.0
1259,834,-1.0
1915,162,-1.0
777,278,-1.0
468,390,0.0
97,503,-1.0
1562,892,-1.0
2021,905,-1.0
1670,124,1.0
554,1061,1.0
1915,210,-1.0
995,339,-1.0
610,872,-1.0
1512,619,1.0
333,1075,-1.0
1827,481,-1.0
164,765,1.0
1029,1000,1.0
1428,844,-1.0
1715,585,-1.0
453,572,1.0
600,972,1.0
26,1191,1.0
1435,1152,-1.0
747,751,1.0
747,1159,1.0
1151,602,-1.0
1485,390,0.0
1915,343,-1.0
399,459,-1.0
622,752,-1.0
1915,22,-1.0
477,71,-1.0
677,906,1.0
581,454,1.0
1085,253,1.0
867,1138,-1.0
490,771,-1.0
996,1140,-1.0
1512,350,1.0
381,254,1.0
1612,323,1.0
0,778,1.0
1873,158,-1.0
1485,871,0.0
2082,139,-1.0
1401,765,-1.0
1922,146,-1.0
1773,1163,1.0
1724,1064,1.0
1163,270,-1.0
1878,408,1.0
1665,667,-1.0
518,1055,-1.0
1884,531,1.0
666,1048,-1.0
1318,1072,1.0
1049,617,-1.0
1933,250,1.0
1728,355,1.0
1123,283,-1.0
119,973,1.0
1723,1028,1.0
910,370,-1.0
1085,705,0.0
304,285,-1.0
893,487,-1.0
266,935,1.0
1638,1187,1.0
138,767,-1.0
1780,1088,-1.0
1780,403,-1.0
1758,814,-1.0
496,61,1.0
