282
1
2
0
3
4
643,1154,2432
6
7
8
9
10
11
961,1736,2421
13
16
17
18
20
131,1760,1901,2219,2243,3031,3173
23
24
42,1001
29
30
31
598,1671
32
33
34
36
37
39
419,471,1782,1973
40
43
44
46
48
49
50
51
53
472,1724
54
56
57
2777,3011
60
2369,2560
63
710,1146,2387
64
65
67
69
61,497,909,1332,1706,2143,2276
71
73
74
1089,2664
75
79
58,1032,1078,1573
83
84
85
1632,2404,2474
86
408,2828
89
91
92
93
162,1947
98
99
100
101
102
1601,2302
108
109
146,232,791,1836
111
112
417,2049,2169,2472
113
1615,2808
1426,3190
2158,3154
116
119
121
123
124
445,2839,2856,2881
125
1337,2880
126
127
128
129
413,443,1293
665,1162,1835,1914,2126,2147,2515,2738,2841,2923,3064,3177
47,205,361,387,525,795,1627,1681,1726,1893,3122
133
134
135
214,1333
136
138
139
142
143
144
145
146
147
148
151
152
193,739,1189,3006
1240,1330
156
157
158
420,513
162
163
164
165
166
1068
171
1667,1770,2367,2613
173
174
1018,2334
175
176
35,174,644,672,1741,2646,2912,2997
178
241,251,685,1258,1467,2593,3346
182
2335,2435
183
331,2337
185
186
214,569
169,884,963
189
191
192
194
195
197
198
199
1557
201
1825,2362
263,1204
1169,2906
223,2020
204
206
1028,2281,2524
370,2263
209
212
213
812,950
217
218
219
900,2180
221
222
223
224
225
226
806,2636,2887,3206
1887
214,1903
738,963
230
231
237,1272
232
235
1876,2814
239
242
243
237,2277
245
246
247
248
249
250
1034,3004
595,1014,1522,3117
252
254
255
257
259
260
261
262
264
255,489
267
269
270
273
926,2985
276
692,783,2387
279
280
283
284
287
289
2889,3244
290
291
2185,2228
295
1640
296
297
298
299
1123,1825
302
303
304
306
307
308
44,783,1444,2387
309
1575,3294
310
313
319
321
492,673,2495
322
75,833
323
324
325
963,1825,1890
328
329
330
332
333
334
336
338
339
341
285,922,2599,2689
343
345
346
489,2797
350
351
337,477,1482,2942,3207
353
354
356
358
359
363
365
366
367
368
370
371
372
1197,3019
374
375
376
378
379
380
381
382
383
2302,2839
384
385
386
388
389
390
725,2418
1774,1926,2176,2818
393
394
399,2679
278,952
395
682,715,1226,2457
396
80,2715
397
194,2267,3344
400
401
402
403
404
407
639,667,1827,3347
2563,3251
409
1348,2013,2138,2298
412
413
414
415
416
418
421
1312,2564,2813
214,2771
546,2249
422
423
424
425
427
430
432
433
436
775,895,1739,2203,2407,2889
1676,2761,3178
437
438
439
440
1889,1896,2800,3023
442
444
895,1739,2203,2364,2889
446
447
448
449
1296,1463,2120,2384,2721,2724,2830
451
453
454
523,857
455
456
919,3166
82,715,1713
1113,2378,2604
460
465
466
467
468
469
470
1142,1720
672,1404
473
523,580,857
474
1400,2773
478
1338,2453
481
484
485
486
487
103,1047
220,268,1930,2050,2059,2312,2622
68,1542
490
491
494
523,580
426,1324
496
1406,2295
44,783,2387,3005
500
501
503
504
505
506
1395,2091
509
2519
807,892
514
515
93,783,2387
518
2034,2357
305,499,673
348,1632,3043
523
524
526
527
528
530
534
535
536
537
539
540
15,214
545
1181,2956
547
548
549
550
551
552
1303,1445
553
575,2838
557
560
564
565
566
567
488,630,945,2037,2129,3231,3275
570
571
572
85,399
574
575
576
577
578
580
581
582
583
585
586
587
620
591
1533,2834
700,712
592
109,1612
596
597
1452,2325
599
781,2413,2744
1451,1745,2398
602
603
604
769,1372,1874,3267
1181,2783
608
609
607
611
612
615
616
617
1737
1820,3251
618
619
621
623
625
348,998,1632,2385,3043
1364,1969,2373
627
628
1146,3075
631
632
633
634
635
636
637
638
639
450,998,1632,3043
642
1333,1632,2480
645
646
647
1589,1969
828,875,1086,1498,2893
648
650
753,1072
651
652
656
657
658
659
660
661
666
668
667
669
670
671
674
1264,2924
1295,1839,2545,3331
678
680
681
1140,2962
682
522
683
746,2867
684
686
293,1545,2497
688
689
691
693
692
694
698
892,972
383,2825
700
701
702
704
203,382,863,1051,1600,1725,2026,2343
969,2723
860,2592
710
713
716
717
718
719
720
722
723
724
2242
727
728
729
730
731
732
733
735
737
1141,1896,2800,2991
739
741
743
744
745
1896,2800,2857,3023
746
747
749
750
1685,1980,2216,3021,3045
755
756
21,3123
758
759
757
760
763
764
768
770
771
772
774
775
777
778
779
780
456
294
787
788
789
790
613,3317
792
794
796
1562,2632
798
799
800
559
805
808
45,1119,1437,1602,2713,2892,2992
810
811
813
495,884
814
815
816
817
819
820
821
824
825
826
827
829
831
833
1011,1704
834
835
836
837
840
841
2546,2929
599,3100
843
844
1456,3181
1524,2947
845
847
846
849
848
81,1514,1895,2141
851
852
855
856
857
1759,2734
860
2756,2872
1262,3273
861
2371,2674
862
863
867
869
2316,3019
872
874
328,1833
876
877
879
882
2142,2309
886
887
888
889
2145,2199
893
895
897
899
1209,2723
901
902
905
911
912
2040,2924
914
913
916
917
918
920
921
923
924
132,809,2131,2458,2733,3183
1215,2718
927
928
932
935
937
938
939
940
942
943
944
130,517,614,767,1747
946
948
949
951
506,965,2173,2532,3192
953
957
958
959
960
962
1574,1753
464,1721,2516,2665
966
967
968
1963,1988
970
1130,2005
761,2424,2976
973
975
349,2842
976
977
980
981
982
984
986
987
2807
541,1508
990
991
19,159,265,441,458,461,709,838,858,1107,1246,1664,1696,1942,2157,2851,2911,3070,3186
993
994
995
1632,2404,3054
997
996
998
999
1002
1003
1004
1005
1006
1007
1008
1009
1010
110,775
1011
1012
96,214
1879,2574,2864
432,783
1016
1018
1019
1020
1021
1022
1026
1082,1476,1695,1971,2039,2336,3147
511,3255
1029
406,2269
1030
1031
1034
188,751
1538,2314,2507,3053,3264
1037
1039
1041
1042
1164,2858
1351
1044
1045
1046
1214,1415
70,1559
2783,2997
1050
1094,1330
1052
1053
1054
1056
1057
1059
1353,1925
1061
1517,1886,1960,2033,2323,3062
1064
1065
2764,2960
1067
1070
1071
936,1449,2273,2725
1074
44,902,1146,2387
344,588,793,801,1110,1219,1526,1567,2139,2266,2909,3008
1077
1079
1080
1081
342,2623
1083
1085
1087
1088
1090
27,288,554,654,1691,1855,1972,2042,2392,2446,2639,2968
227,2979
1091
1095
1340,1871,2637,2904
1098
1099
1100
1101
931,974,1595
1102
271,477,1151,1482,1520,1846,2154,2269,2281,2942,3207
1251,1843
1103
2950
1104
1105
44,783,2387,2612
1106
1109
253,256,736,1033,1304,1306,1481,1712,2419,2655,2739,3099
44,582,783,2387
1391,1469
1114
1116
1330,1485
1118
419,471,1782,1973,2626,2945
1120
200,589
1122
1124
1703,2252,3201
1123
1125
1126
1128
1129
1131
1132
1133
1135
1136
1138
1139
640,1792,1852,1871,1892,1938,2840,2904,3085,3205,3335
1143
1062
912,1667,1770,2367,2613,2939
1148
1149
1150
1152
1770,2613
1843,2305
1156
1157
1158
1159
2722,3132
1160
1161
1165
1166
1167
1168
1008,2253
1777
1171
1172
1173
1174
1176
1178
1180
1181
1182
1184
1185
1186
1187
1188
1718,2484,2796
1190
1191
884,963,1890
1194
1196
1198
358,2292
107,2889
1199
1200
1201
335,2845
1202
1203
1205
1207
998,1333,1632,2385,2480
22,1363
452,839,1092,1801,2381,3092,3320
1209
1210
1211
1978,2719
1216
1217
1218
1220
2311,3169
1272,1965,2982
1225
1227
600,867
179,292,360,818,971,1884,2748
1231
1233
1235
1236
1237
3100,3193
1238
1239
868,2614
1241
1243
1244
1245
1247
1248
1249
678,790
3007
569,1632,3043
1412,2688
1251
1253
1088,2566
1254
1255
1256
1257
1259
1260
1262
988,2451
1263
725,1668,2387
1265
513,1678
1194,3328
1266
1267
1269
1270
1271
823,2133
1273
880
1275
853,3253
1276
1277
1278
1279
1280
1281
1282
29,2900
1284
1285
1286
1289
1290
1291
1292
1293
1294
1297
1300
1302
234,327,690,1224,1466,1966,2538,3040
624,2941
35,2912
1305
1692,3214
1307
1309
1310
1311
830,2132
601,705,898,3144
214,3226
1313
1314
1315
1316
2596,3276
1317
1318
1319
1117,1905,2035,3271
1321
1322
1323
28,62,362,662,934,1534,1785,2021,2329,2610,3084,3149
1325
1326
1327
1328
1329
1330
1331
1334
1337
1339
5,1278
1344
1346
1768
1349
1350
1370,1816,3159
1353
1354
1355
1356
1357
1358
1359
1360
2297,3046
1362
1363
1364
1365
1368
1181,2640
3059,3250
1371
584,748,1221,1611
1373
1139,2065
1374
140,1380,2282
1376
1378
21,3133
1381
1382
519,2941
1383
1384
1386
1387
1388
1389
1390
1392
1393
1394
411,883,973,1066,1067
1397
1398
1399
1400
1401
1402
1403
1404
1405
1407
1409
1410
542,3252
237,1272,1965,2277,2982
1415
1416
1417
1418
1420
1422
1423
1424
1093,2414
1649,2250,2447
1428
1430
1431
610,1000,1425,1749,2135,2439,2908,3032,3180
1433
1434
1435
1436
1439
1441
1442
1444
1446
305,673
1447
1448
1450
1451
2520,2889
1453
1454
2448,3208
1206
1460
1461
1462
1464
1465
912,2939
399,3230
1788
752,1754
1471
1473
214,3290
989,1004,2524
998,1333,1632,2480
1477
1478
1479
1480
1484
1485
1486
1487
1488
1490
1495
1496
1497
1499
1500
1665,3087
1505
1504
1506
1509
1510
475,695,1004,1735,1822,2278,2625,2673,2806,3223
1511
2420
1513
1515
419,471,1782,1973,2626
1518
1521
1523
593,1492,2539,2577,3029,3301
1525
1527
7,996
44,725,2112,2387
1529
22,2669
1530
1531
1535
1533
1536
1539
1540
1541
1543
1544
170,1385
1547
1548
1549
1336,1411,2777,3011
1181,2842
258,1361
1551
1553
155,172,210,502,529,803,1025,1429,2473,2700,2726,2802
1554
1555
1556
1558
1560
1561
1562
1564
1565
1566
1568
1570
1572
1576
1577
1579
1582
1583
1584
1632,1903,3043
721,1330
1588
1589
512,1195,1817,2735
1590
1591
1592
1455,2712
1593
326,675,992,2408,2690,2789,3161
184,1493
1595
1600
434,2547
1603
1604
1605
1606
1607
1608
1609
1610
1613
1614
12,2005
1127,1483
1616
1617
1619
1620
1621
1622
1623
1625
1626
293,1545,2497
1629
1631
26,1281,1863,2234
1283,2000
1634
1635
1637
2027
1639
649,1900
1643
1645
1646
1647
1648
1650
1652
1653
1404,1632
1655
1656
3107
2503,3234
835,3273
1659
1660
1661
1662
1665
1965,2982
1845,1917
1668
104,2123
1669
1670
2348,3289
1672
1676
1677
1679
167,238,638,1468
1680
1682
1683
257,684,691,1055,1286,3140
1684
1686
41,1595,2386,3343
1687
1688
1379,2001,2823,3237
605,2582
1694
1697
1698
1699
1701
312,2705
1705
1704
2691,2786
1707
1708
1709
1710
1711
1714
1716
1843,2052
2388,2615
1720
1722
1112,1781
1725
1727
1728
1729
1731
1732
1733
1734
1737
1738
1739
1740
1742
1632,3043,3077
1743
311,355,476,1301,1408,1563,1746,1902,1937,2036,3187,3245
1744
1745
1748
1750
146,232,791,794,1836
1751
1752
1755
1756
1757
1759
1761
1762
561,844,1596,1931
1763
1764
1765
1766
207,853
1767
29,1502
1036,1546,1642,1804,2972,3272
130,517,767,1747
1776
1779
1780
1781
1782
1783
1784
521,702,2181,2246
1786
878,1644,2833
1789
1790
1793
1794
512,1195,2085
644,672,1404,2646
1797
1798
1800
50,1775
1761,3179
1802
1803
1805
1806
1807
1817,2693,2735,2873
1808
1809
1810
1812
546,840
1814
894,3130
1818
1821
1823
1824
1826
711,1181
14,908,1234,1651,2475,2779,2998
1226,1538,3264
1827
1829
1830
1831
1299,2389
1834
1837
3280,3329
1840
1841
1842
1843
1844
1847
1848
1849
1850
1851
1853
1854
1856
1857
1858
1860
1861
67,663,1618,2032,2607,3256
1741,2997
1863
449,2359,2787
214,3054
1865
1667,2367
1866
1867
1868
562,1758,2184,2363,2694
1869
1871
1872
1873
1875
1877
1878
1880
1881
1883
1885
559,1464
2371,3273
1888
77,228,281,457,1948
1891
963,2528
1894
1896
1897
1898
1899
2558,2793
1432,1624,2124
998,1632,2304,2385,2480
1904
1908
1909
1911
1912
1913
1915
1916
1917
1919
1920
1921
1922
1924
1927
767,1347,1472
1928
1929
2754,3018
1932
1933
946,2850
1935
1939
1941
1943
1944
1945
1946
1654,3108
214,348
1949
682,1415,2103,2229
1950
1951
1952
1954
1636,2552
1955
1956
1959
1961
1962
1964
1967
1968
1970
1969
1974
1975
569,1632,2757
1978
1979
1981
1982
1983
1985
1987
923,1733,2400,2815
222,2326,2445
775,895,1739,2106,2203,2889
1989
1991
1995
1996
1998
1999
994,1043
2002
2004
2235,3133
2005
2008
2009
2010
2014
2015
44,1146,3055
2016
1458,2754
2017
2018
2019
2020
2022
2024
2025
2026
2028
198,274,2331
373,2436
2029
2030
2031
2898
2038
2041
2043
2044
303,1096,1181,1854,1953,1984,2792,3139
2045
2056,2816
2046
2047
2048
187,629,1393,1474,2306,2597,2650,2843
2051
76,3277
2053
1137,1343,1870
2056
2057
2058
1745,2558
2060
1146,1616
2061
2062
2063
2064
2066
1580,2300
2067
2068
2069
1632,2474,2480
2070
2071
2072
963,1369
2073
2074
697,1537
68,1542,3120
2075
2076
850,2801
2077
2078
2081
1769,2049,2169,2472
150,1121,1507
1690,2492
2083
2084
2086
2088
2089
2090
90,616,2522,2647
2092
2093
2094
2097
2098
2099
2102
55,2111
2104
2105
2108
2109
2110
2112
2113
2115
2116
2117
2118
2119
1673,3048
2121
2122
118,177,531,655,740,784,804,906,985,1352,1438,1503,1550,1864,1910,1957,2100,2601,3164
870,2525
2125
2128
2130
2133
2136
2140
2141
324,2253
2144
1464,2950
2148
2149
2150
2768,3218
2151
2152
2155
2156
2159
2160
2161
2162
2164
2166
2167
70,2206
71,921,2308
198,2236,3317
2168
2170
2171
2174
2175
2177
2178
2754,2883
1126,2899
2183
2188
2189
2190
762,1160,1796
2193
2194
2196
2197
2198
2200
2201
375,1669,2496
2202
477,1151,1482,1846,2154,2269,2942,3207
1633,2564,2813
2203
2204
2205
2207
2208
2210
2211
2212
2213
2214
2215
2217
222,1433,2445
2809
2220
2221
2222
1222,1754
2223
2224
2225
2226
2230
2231
2232
544,890,1038,1516,1571,1859,2460
2237
2238
2239
2240
2244
1308,1320,1717
2247
105,208
2251
2252
87,2249
2254
2006
2255
2256
2257
2258
1978,2020
2259
2260
160,1654,2529,2691,2786,3108
927,2682
2267
2268
2270
2271
2272
2274
2275
2279
2280
185,286,1657,2080,2241,2846
2281
682,1190,2103,2229
2283
427,508,1166
95,1366,1519,2608
2284
2287
2288
2289
2290
2291
2292
2293
2294
364,498,832,983,1396,1838,2412
2296
1434,2619
2299
501,2683
2301
445,2881
2303
1632,2757,3077
2305
2307
2308
2310
842
2313
2315
2317
419,471,1782,2626
2319
32,2575
2320
1034,2444,3004,3328
2321
63,1181,2783
2327
1056,1923,3303
2328
2330
2332
2333
1384,3304
2334
2471
2338
2339
2340
2341
229,904,1204
2344
2345
2346
2347
1333,1632,2404
2349
2350
2351
2352
2354
2355
161,196,1459,1674,2634
2358
2359
1058,1663,2936
622,2437
2366
2368
2369
2370
2371
2372
2374
2373
2375
2376
2377
2379
2380
40,783,2387
2382
2383
2390
2391
1597
1261,1693,1702
2393
2394
2395
2396
2397
2398
2399
165,514
150,1507,2054
2401
2402
2403
977,1305
494,1745
2406
2409
2407
2410
2411
2415
107,2710,2889
594,641,2179,2820
2416
2417
2414
25,463,532,925,1413,1501,1907,2107,2233,3241,3274
2418
2422
2423
2425
318
2426
2427
725,3276
2428
2429
2431
348,998,1632,3043
2433
2434
88,300,1076,1115,1274,1581,1700
106,1819
2440
120,141,240,520,2055,2265,2486,2661,2740,2790,3038,3319
2367,2939
1601,1992,2302
2441
2442
2443
2444
854,1427,2153
527,1619
2449
2450
115,462,1268,2137,2286
1063,1704
2452
67,1060
2453
510,538,871,1375,1443,1489,1990,2191,2541,2745,3047,3134
167,238,1468
2455
2456
2457
2066,3056
2461
2462
1414,1843
2463
2466
2467
2468
2469
512,1195,1817,2085,2693,2735
1018,3022
2476
1186,2885
2477
2478
2479
568
2481
2482
2483
2485
2487
1491,1552,2095,2747,2798,2871,3086
2490
1194,1464
2491
2493
2494
1075,1761
2496
44,404,783,2387
2498
2499
160,1654,2529,3108
2500
2501
2502
2503
2504
2505
1787,1986,2360,3148
676,2187,3240
2506
2508
2509
2510
2511
2512
2514
2516
2517
2519
23,1104,2292
2522
2523
782,1035,1288,1730,1997,2248,2324,2438,2555,3106,3158,3265
300,428,1274,1700,3035
2526
2527
2530
2528
78,907,978,979,1345,1723,1795,1976,2470,2585,2922,2990
2531
742,1084,1936,2172,2454,2999
2534
2535
1780,2287
2540
2542
2543
2546
2548
802,1336,1411,1934,2777,3011
2550
214,1163
2553
2554
2556
2557
2559
2560
2561
187,367,1474,2306
2562
2565
2567
2566
2568
2569
2570
2571
2572
2573
2575
2576
2578
2579
2581
2583
933,1587,1715,1828,2127,2551,3088
2584
280,1056,1923,1979,2382,2891,3292,3303
2586
2587
2589
2590
2591
2594
2592
171,1912,2877
2595
180,3203
696,2029
2602
1353,1862
2605
2181,2246
2609
2611
2612
2616
2617
2618
2619
2620
2621
2623
2624
2627
2628
2629
2630
1012,2542
2631
2633
2632
2638
2637
2641
2643
2644
2645
2648
2647
2649
2651
2652
2653
2654
2656
2657
2658
2659
2660
2662
2666
2664
2667
2668
153,2536,2709
2669
2670
2671
1589,1865,2895
2674
2675
2676
259,1689
2677
2679
2681
2682
2683
204,693,2224,2464,2932
1213,2114
2003,2884
1806,3225
2361,2678,2811,3121
2686
2687
2695
2696
117,272,1023,1232,1377,1638,2925,3215
2697
2698
2699
2701
1223,1252,1335,1832,2182,3090,3196
726,891,1287,1367,1882
2703
1250,2664
2704
2706
865,1569,2163,2209
2707
2708
2711
2710
1175
377,1978,2937
885
2716
2715
2717
236,516
760,2890
1220,2533
2720
2719
1512,2417
2722
533,1675
38,244,357,590,754,1027,1977,2023,2353,2862,3202,3211
2727
2728
2729
2731
72,2488
2736
2737
2741
2742
2743
2744
2749
2750
2751
2752
2889,3135
2755
626,2218
1242,1341,1799,1811,2513,2518,3168
2758
2759
597,773
2760
2761
963,1825
2762
2763
2765
2766
556,1002
2767
2769
2770
2772
679,977,1918
149,573,881,1040,1228,1229,1342,1528,1773,2007,2342,2365,2598,2642,2663,2730,3033,3115,3342
2774
2775
301,2648
2776
2780
2781
2782
2784
2785
2786
2787
2788
998,1632,2304,2480
2791
2793
2794
2795
97,2011
2797
347,1475,1529,2232,2356,2588,2905,3259
1415,2813
2800
277,867,930,1144,1337,1641,2746
2799
2803
2804
2805
1137,1343,2079
3200
797,3184
1177,3204
2812
2963
2817
320,580,1666,2261,2546,2929
2819
2560,3042
2821
2822
2824
2825
2826
2827
122,162,181,190,202,340,493,664,776,947,956,1111,1630,1778,1791,2082,2245,2537,2702,2865,3175,3212,3261
2829
2831
2832
370,479,579,703,822,1421,1580,2680,3332
2835
577
2838
543
2753,2889
562,1017,1758,2184,2363,2694
2844
2847
2848
954,3234
2846
2849
2850
445,2836,2839,2856,2881
2852
2853
2854
2855
2856
261,783
459,929,1586
52,275,315,687,2318
44,783,2387,3041
2860
2861
2863
2866
767,1179,1472
150,653,2054
2868
2869
2870
2685,2910,3096
864,1632,2404
369,483,558,955,964,1212,1494,1532,1771,2521,2778,2859
1034,1194,1464,2444,3004,3328
445,1601,1992
2874
2875
429,896,910,1015,1097,1594,2087,2165,2186,2459,2603,3310
2876
2877
2878
2879
1414,2484,2796
1993
1815,1831,3113
2882
214,316
2886
2885
2888
2889
2890
2891
1470,2656
1018,2483
2894
2895
2896
2897
2901
2902
1034,3328
2900
2904
215,3243
2907
873,2465
2913
2914
2915
2916
2917
2918
2005,2587
2920
2925
2926
877,2755
758,790
2927
2928
2929
2930
2931
2933
2932
66,1988
36,1978
606,2924
2937
2935
714,2146,2489
2938
2940
2943
2944
2946
1578
2948
2949
2951
2952
2953
2954
2955
491,940
2957
725,2387,3209
2959
2961
2962
2964
2965
2966
2967
2969
2970
512,1195,2693,2735
2971
2973
2974
2975
2977
2978
214,2474
2980
2981
2982
1632,2480,3054
198,2544,3317
2983
2984
2986
492,673
2987
2988
1013
2619,3228
2989
2993
2994
2995
2996
2997
3000
3001
3002
3003
3004
3005
699,1906
3006
3009
3010
507,1658,2430
3012
665,933,1162,1587,1715,1828,1835,1914,2126,2127,2147,2515,2551,2738,2841,2923,3064,3088,3177
3013
114,211,410,482,708,766,785,903,1024,1049,1134,1208,1419,2012,2672,2714,2732,2921,3061
3014
3015
3016
3017
1967,2189
3020
3022
20,416,2637
3024
3025
216,233,480,706,786,859,1155,2195,2580,2606,3044,3337
3026
3027
3028
3034
94,314,2101
3036
3037
3039
1190,2813
3041
3049
3050
3051
1108,3143
3055
3056
3057
3058
3060
3063
3065
3066
3067
1073,1873
3068
3069
3071
3072
3073
3074
3075
3076
523,857,1194,1464
3078
3079
3080
3081
3082
3083
3089
3091
3093
3094
391,1711
3095
3097
3098
2096,2688
3100
3101
3102
3103
3105
174,644,2646
2405,3283
3109
3110
3111
3112
3113
3116
864,1632,2480
1069,1298
734
3119
59
3124
3125
3126
3127
725,1322,2387
3128
3129
3131
3136
1599
3137
3138
3139
3140
3141
3142
2919,3114
3145
3146
3150
2549,2619
317,2692
3151
1344,2090,2505
3152
3153
3154
3155
3156
3157
3160
3162
1217,1719
1230,2264,3030
3163
1772,3112
3165
941,1145,2635
3167
523,580,857,2546,2929
3170
3171
2134,2262,3104
405,3288
3172
3174
3176
3182
3179
3273
1170,1440
450,998,1632,2385,3043
3185
266,431,435,555,563,765,1598,1628,1994,2192,2837,2903
3188
3189
3191
1958,3052
3193
3194
3195
3197
3198
3199
3210
3209
3213
3215
3216
3217
3218
3219
3220
3221
3222
3224
358,677,915,2934
137,1192,2227
3227
3228
3229
398,866
3232
338,367,1073
3233
3234
3235
3236
3238
3239
3242
229,1813
3246
3247
3248
423,1803
1272,1965
2684,2810
3249
3250
3251
2322,3118
271,352,1520,2281
214,1457
3254
3257
3258
168,3307
3260
3259
3262
3263
3266
3268
3269
3270
3273
1978,2935
3278
3279
3281
3282
986,1193
1147
3284
3285
3286
3287
3288
806,1183,2636,3206
1385,1940
3291
168,1692,3214,3307
3292
3293
3295
3296
3297
3298
3299
3300
3302
919,1917
3305
3306
3308
3309
3311
3312
707,2252,2285
3313
3314
3315
3316
3317
3318
3321
3322
3323
3324
3325
3326
3327
445,1031
3328
3330
3333
3334
3336
3338
3339
3340
3341
3345
392
154,816,1048,1585,2600
1153,2608,2958
