658,253
1024,1936
2,3273
3,2614
3207
135
135,733,734
3209,232
10
1324
1453
1871,2941
1871,2942
3184
3306,1323
135,1678,2408,734
2724,3373
2959,17
2721,2355
2959,23
25,2748,3178
25
31,30
257,32
35
38
2400,38
2401,38
40
54
55
2304,57
58,62
59,60
1845,61
729,2218,1761
67
71
82
55,82
2667,83
3239,83
3239,83
1689,84
2759,84
2633,2628,1677,1833,85
2633,2628,1677,3217,85
87
93
94
696,2048,96,805
129
134
712,134
135
135,575,2699,1171
144
2105,145
2136,54,1939,1935
2489,151
2489,152
2116,3186
714,2232,675,2212
2138,3101
157
2681,2695,2686,2687
3286,184
1032,2223
1031,2224
167,166
2591,161
3210,161
194,907
988,162
946,163
2157,165
3249,163
2160,164
2265,164
533,1301,3159
3147
2465,172
170,3158
171,3115
171,3340
716,3336
3071,692
2947,811,2871
174
174,3135
179,176
177
179,1932
181
182
182,695
2305,201
448,1752,2624,1869
448,2624,3295,1869
448,2624,3291,1869
448,3291,1869,2626
448,3291,1869,2627
181,216
181,1632
2489,187
186,267,9
181,3117
3114,188
3118,189
2884,1960,238,2183,190
3280,2884,1960,2183,190
2884,1960,3298,2183,190
182,1877
1171
738,2245,2209,345,505,146,56,929,928,124,123,968,649,594,1057,651,1058,648,653,853,773,2395,606,927,780,788,974,2040,2301,1053,957,990,1608,1161,2089,1957,2442,2010,1819,669,783,2214,2215,2085,2176,2229,2604,2845,2260,1900,1901,2487,2090,2403,2797,2883,405,2382,326,2765,2794,2803,2796,2468,2749,125,1898,1145,958,831,47,851,961,2303,977,1835,1004,969,1556,275,2072,111,276,2481,42,406,922,2892,44,2231,2396,1801,223,93,739
196
480,477
2111,432
205
208,210
473,474,1633
3280,2884,1960,3327,190
2499,2559,988,220
221
222
231
232
231,149
2534,231
236
239
239,2725
240
2915,240
242
157,242
249
2434,249
2517,657,251,2371
254
209,207
2020,255
353,3116
757,759
259,400
757,759,755
2697
1048,262
262,2698
1048,265
2872,265
2704
268
272
273
274
3005,276
277,511
510,277
279
280,279
280
280,317
318,281
283,276
291,287,3045
292
687,305
305,304
294,298
3007,3006
687,683
687,684
314
317,314
315
317,318
316,315
317
321,311
320,325
320,325,327,328
325
332
333
334
336
675,336
338
339
1932,339
340
343
812,343
1319,344
344,1450
347
348
352
351,2116
355
357,359
357
359
363
363,360
369
385,377
378,386
400
409
3078,409
410
2159,2884,3113,988
423,418,420
2624,416
424
424,425
425
427
675,1223,427
1930,427
429
429,2300
431
431,470
433
434,480
3353,988
448
449,453
451,2959
2295,2294
456
456,683
448,1350
462
464,463
469
480
491,2347
498
499
2120,2232,507
509
510
513
282,513
520,517,519,518
523,522
522
523
521,688
521,688
533
533,1299,1297
533,1301,1299
534,2849
533,1299,1790
533,1299,2019
535
2547,538,2544,2549
2545,2548,539
3209,540
2547,538,2544
1846,1847,542
254,675,543
544
547
549
1717,550
551
551,1065
864,552
553,1065
864,554
2657,555
561
562,864
2943,563
568,323
572
572,1968
575
576
580,576
580
2617,2616
600
600,290
2599,2069
603
604,841
609,612
609,834,777
611,2999
613
544,613
613,1450
615,1546
617
617,2300
618
620
621
623
624
636,631
632,637
3134,3242,3125,627,3263
633,3099
2578,629
3259,3296,987,3303,629
3316,629
3134,3242,628,3125,3263
626,636
1646,635,1942
638
645,2193
659
675
2204,2205
677,2203
3138,678
682
682,282
682,282,511
682,282,511,2324
510,683
516,683
273,686
343
691
2115,196,693
1095,1097,1096,1093,1103,1094,1092,1090,1091,1085,1082,1081,1079,1075,1076,1086,1089,1074,1088,1070,1083,1087,1084,1073,1080,1078,1072,1131,1143,2991,2979,2968,1102,2967,2985,2994,2997,2978,2970,2996,1101,2971,1100,2976,2993,1099,1106,2964,2980,2966,2984,2972,2992,1071,2973,2989,2974,1098,2975,1104,2981,1105,2977,2965,1077,2990,1069,2969,2988,2982,2995,2983,2987,2986
196,693
699,1875
2492,706
712
3001,2198
714
3112,3122
3112,370
3112,371
3112,373
715,2630
716
716,2940
716,3233
3114,719
3114,719,2142
2807
717,561
2767,717
2768,717
718,717
932,3338,718
1705,717
720
444,2944
731
1178,2874
731,732
2954,731
733
1639,27,2431
733,1239
738
749
763
2872,763
1923,764
766
767
2872,767
1729,2219,771
786
744,743,739
798,448
743,739
3165,3167,3168
1934,2931,934
803
776
806
2831
2835,2837
2834
1669,811
811,2869
812
815
816
817
818,817
818
816,820
819,821
820
821
822
828
830,827,3019
835
836
838,2882
846
847
943
350,349
849,2450
852
858,864,1906
1630,862
174,863
867
866,865
1945,713
885,675,888
1846,1847,887
895,890,892
898
3386,898
903
905
906
905,907
3393,908
909
913
917
930
1752,931
931
369,3343,988,933
1694,988,933,3310
3343,988,933,3310
934
938
2108,1726,2251,125,63,1787,1898,126,2244,2250,2249,2247,2327,47,2570,2246,2670,2919,977,1835,1004,969,1556,1894,1725,1228,2248,2243,342,1555,2253,2891,1042,1658,127,2125,42,406,2252,2892,2185,105,122,1897,34,88,44,46,730,2210,346,335,337,650,104,80,654,655,217,368,2917,133,656,639,652,495,640,608,591,588,2200,641,341,2172,74,587,488,876,1173,995,1001,1170,1172,791,896,975,991,2134,979,2302,1174,824,1005,1167,721,76,2133,1695,77,1066,823,1175,926,2198,1882,2091,1838,2082,2208,1795,2126,2240,761,2188,2030,1917,2238,2237,1557,2239,2720,2480,512,1144,1188
2296,103,138,554,857,919,1743,1742,589,2207,140,2791,2507,1744,2708,859,51,945,552,1958,2526,114,1866,139,782,2648,128,1616,439,2511,465,781,789,770,1775,784,1773,2488,779,839,2842,266,790,2597,837,1962,2173,2653,2515,2523,2484,921,1995,2483,1620,2346,2383,482,1761,595,462
135,2933
944
946
3105,985
950,3200
955,954
959
965,1028
965
966
621,623
976
180,976
985
987
988
2559,988
994
996
1002
1027
962,963
1030
1649,966
153,1028
1029,1028
1034,2264
2812,1028
1035,537
1035,2264
1035,2542
1035,2593
1035,3210
1037
1038
1039
1045
1807,1045
2685,1045
1048
1050,840
1111,1108,1109
1116,1120,1121,1117,1113,1112,1119,1123,1110,1125,1124,1115,1127,1126,1118,1122,1114,1107,1109
196,1098
1710,717
1134,1707
1708,717
1140,1138
1146
1150
3028,798
1153
1154
1157
3066,1157
1582,2650,1165
1170,1167
1171
79,1176
78,1175
1503,1192,1208
1500,1194,1202
1195,1203,1200
2921,1209
3343,1210
1498,1205,1197
2288,1215
1499,1193,1201
1505,973,1520
1218
1223
1227,1226
2143,3277
1229
1178,3396,1735,2874
1233
1267,1257
1959,1220,2889,455
1255,1265
1262,1259
1260,1262
1260,1263
1260,3126
1255,2586,1266
1255,3204,1266
1255,3206,1266
1264
1646,1264,2585
1648,1265
1265,3392
1264,2849
1267
1268
1269
1273,1270
2775,2781,2186,2788,2779,2785,2783,2776,2786,2773,2774,1881,2772
3026,3021
1911,2259,2187,2564,195,1234,2053,694,1579,953,1256,872,536,1874,1272
1280,1270
1270,1278
1275,2543
1277,1270
1270,3128
1279,1281
1648,1280
1282
1282,1313,1288
1282,1289,1314
1282,3289,1314
1283,2576
1283,3202
1286,1284
1285,1313,1288
1287,1646
1297
1298
1299
1301
1538,1484
3134,1535,1484,3133
2574,1302
1302,3199
1321,3207,3199
1303
1303
1305,1313
1306,1315
1315,1307
2587,1308
1308,3323
379,384,395,666,664,391,381,393,387,1940,1378,1549,1522,1365,621,625,1763,389,662,1324,1319,2715
1523,1550,1377,382,385,1379,394,661,1320,1764,665,634,392,390,1325,383,380,663,388,2712,1366,622
480,476,1389,1398,1220,861,618
860,619,1390,481,478,1221,1399
2259,401,1407,920,403,399,2732
402,400,398,1406,2733,919,2258
1312
1312,2805
1316
1317
1316,1317
1319
1319,812
1324,1319
1322,1330,3333
2590,1323
1322,1329
1324
1324,1434
1327,2805
1332,1328
1331
1649,1331
1334
1335,2581
1335,3315
1377,1379,1320,1325,2712
1384,1322,2715
1334,1341
1341
1342
3256,1343,3257,3252,3251
2500,1344
2588,1344
3259,1344
1345,987
946,1346
1346,2560
1346,3249
3262,1344
1342,1467,1470
1348
1349
1350
1356
1361,1364,1357
1361
1364
1365
1366,81
1367,80
1372,1365
1374,1370
1371
1365,1371
1371,1497
1372
1372,1497
2505,1373
1374
1375
1375,1414
2587,1376
1376,3323
1379
1380
1386
1387
1388
1401,1388
1401,1386
1405,1386
1400,1385
1924,1392
1924,1392,2749,3232
1395,1570
1395,3088
1396,2759
1401
1405
1409
1410,1650
1410,3266
3207,1411
1409,1418,1432
1412
1412,1646
1418,1413
1419,1424
1470,1420
1472,1421
1422,2580
1422,3314
1425
1425,1430
1426,1313
2265,1427
2587,1428
1428,3323
1429,1646
1418,1430
1433,1425
1326,1441,1330
1326,1328,3250
2587,1436
1437,2590
1436,3306,3323
1326,1328,1440
1649,1438
1442,1414
2577,1443
1442,1417
1443,3201
1442,1431
1442,1418,1432
3207,1444
1447
2577,1448
1448,3201
1447,1413
1450
1450,812
1538,1451,1454
1451,1537,1455
1451,3299,3253
2587,2574,1452
1453
1453,1646
1408,1464,1470,3256,3290
2593,1459
1408,1464
1467,1462
1466
1466,1646
1469
1469,1651
1475,1477
1476,2081
1480
2467,1481
620,1482
1480,618
1319,812
1484,1332
3134,1331,1484
2590,1485
1484,1540
1484,1332,1454
1484,1333,1455
2587,2574,1321
1538,1484,1332
1484,1333,1539
2590,2584
1486,3208,3199
1405,1489
1491,1488,1490
1492
1386,1492
1405,1493
356,1495,1496
1496
2531,1496
3183,1496
1494,1496
680,1494
1474,1506
1504,1507
1649,624
1508,1334
381,1940,1378,1549,1522,2715
1523,1550,1377,382,1379,2712
1470,1509
1646,1511
3256,1512
2589,1513
1517
1517
1521,1518
1519,1507
1521
1524
1525
1534,1522
1536,1527
1531
3390,3379,3380
1533,1531
1538,1318
1535
1536
1647,1535
1547,1541
1542,1470
1542,1471
1543,1471
1544,2593
1544,3210
2792,616
1548,3207
1551,1470,1554
1551,1473,1554
1551,3269,1473
2596,1552
1552,3316
1561
3362,942
2018,1564
1570
1571,3145
1572,1570
1577,3038
1570,3145
1572
1572,3145
1573
1574
3068,1574
3070,1574
1574,3069
1588,1587,1585,1581,1590,1580,1582,1589,1591
1582
1582,1589
3098,3184
1589
1589,2762
1591
1595
113,1055
2835,2179,1646,1839,2574,1241
733,1601
2818,1595
2836,1595
1596,1599
1591,3205
1600,828
1607,3057
809,1595
1582,1595
2045,1595
1598,1595
1609
1610,1618
3063,1611
1218,1626
1631,1628
3074,1630
186,867
2007,1999
1636
1638,1725
1613,1620
1460,1216
1643,2502
1458,1213
1456,1214
1378,1365
1381,1368
1382,1367
1646
1649,1646
3391,3370,2948,3008
1649
1651
1652,1651
2263,1651
1651,3258
1647,1767
2854,2857,2858,2853,2859,2855,2852,2862,2851,2861,2860,2865,2864,2863
1661,2381
1999,1662
1660
1663,2772
1665,1664
1666
1667
2762,1679
2759,1692
2665,1689
2665,1683
1687,1685
2633,2628,1677,3217,1689
1671
1678
1681
1684
1686
2665,1686
3407,1686
2838,1693
1136,1704
1706,2807
1706,1134
1709,1135
1711
1711,717
1716
1720
1721,548
1725
1730
1731
1732
1733
1734,2479
971,1812,443
1750
1783,1750
3078,1750
1757
1758
1759
1763
1535,1765
643,2079,1766
1763,1653
1767
1653,1654
1777
1778
1779
1781
1783
1786,1785
1785,1642
1783,409
1790
1793
1794,2730
1796
1796,3056
1800
1807
363
1814
256,1816
1826,1824
1826
1828
1829
1834
1842
1839,1835
1848
1848,2029
2751,1848
1166,1849
1851,1846,1847
254,675,1852
1853,884,886,880
1854,940,941,939
1858
1858,2037
1862,1863
1829,2759
410,1868
1134
2115,196,3061
1068,1067
1872,3053
1872,3054
2115,3062
1068,1067
1876
2644,2641,1870,201,338
871,426
847,1904
803,1905
1908
1909
1910
1912
1913
1923
1923
1930
320,325,327,328,332
1931
1932
116,848,150
848,2905
116,848
1925,159
1926,1929
54,1935,1938
1928
1941
2703
2872,1948
1949
1950
1952,1951
1943,534
1943,2637
1953
1954
1960
1967,889
1969
1969,1968
2753,1972
1971,2752
1991,1978,1987,1983
1981,1985,1989,1999
1984,1988,1992,1979
1980,0
1993
1997,2380
1996,2380
1996,2380,3173
252,2000
2001
1834,2748,2001
3179,2748,2001
2049,2380
2009,1998
2016,2015
2017
2018
2019
2020
2021
2618,1187,193
2023,2021
2303,2025
355,2026
2021,2610
2028
786,2602,2028
2029
2031
2032
2033
2034
3046,2034
2035,1808
2037
2043
2044,1637
2047
2717,20,452,24,22,18
1645,1871
2050
2051
2052
2059,2061,2057,2054
2054
800,2649,2911
2056
2054,2055
2057
2057,2430
2058
2059
800,1639,2620,2911
2059,2060
2061
2061,733
2070
2075
707,2075
2076
2077
2077,1768
2080,1646
2804,10
2093
2093
2093,2096,2099
2097,2094,2100
492,2095
2096
2098
1301,2102
2103,2637
2103,2637
2391,2101
2104,2856
1301,2104
2105
2106
2107
2109
3067,2963,2961
2109,199
2110,2109
2112
2113
2114
2115
2169,2117
2117
2129
1025,2130
1025,2132
2131
2136
2137
2138
2141,2140
1783,2139
2149,2148
2150,2157
3300,2142
2162,2156
560,586,2152,2041
2154
2157
2158,2160
2160
2163
2163,2153
2168
2137,2136
2213,2216
675,2174
180,2175
2179,2182
2182
2186
198,646
2206
2212
155,2322
2493,2223
156,2322
13,2322
2225,252
3079,2322
3080,2322
2226,2265
2226,2593
1649,2222
2227
2232
2254
2255
2258
2263
2270,2283,2281,2285,2292,2266,2290,2287,2274,2276,2278,2272,2268
2265
2279
638,2279
2282
2265,2286
2288,3279
3330,2286
2265,2275,2273,2267,2291,2284,2286,2289,2269,2271,2277,2280,2282
2300
2303
846,722
2308
2309
2310
2311
2312
2313
2314
2315
2316
3161,3173
3237,3234
3097,3094,3096
353,3116
2319
735,754,740,758,748,745,756,751
741,736
742,749,746,752,757,737,759,755
742,737
526
2325
1864
2303,2326
959,2346
1002,2346
2093,492
2349
2352,2350
1636,2351
2354,3376
959,2356
1002,2356
2359
2360
2360,5
2363
2372
2373,2377
2378,2374
2375
2375,2379
180,2375
2381
2665,2390
3409
2390
2392
2394
2400
2400
2400,6
903,2400
2406
2782,2774,2407
2414
2420
2421
2422
2430
2349,2357
2434
2424,2425,2426
2436
2445,2448
675,2446
2931,675,2446
2449
2460,2471
2462
2665,2462
3407,2462
2517,657,2950
0,3194
2469
2478
2479
2485
2486
2490,2492
2498
2500
2501
1558,1559
2510,2509,2507
2508,717
2514
2518
948,1759
2531
2534
2544,2549
2544,2549
2544
2545
659,836,835,2414,2546
2543,629
2547
2549
2550
2554
2557
2558
2560
2685,2491
2563
2583,2582
2582,1276
2591,2587,2574,2585,2590
2587,2574
1943,2579
2582
3324,3322,3312
2585
2587
2591,2587
2587,2595
1585,496,2386,2895,2038,1856,71,2574,924,1167,2160,2549
497,2550,2161,2896,2575,2387,1857,925,2039,1168,1586,72
2590
2591
2594,2592
376,1296,1292,1294
1293,1291,1295,375
860,1515,2066,2068
861,2065,1514,2067
2594,2592,2587,2574
2598
675,2598
2600
2600
1582,2650,2601
2600,2778
2955,2601
2952,2601
1582,2601,3344
1582,3156,2601
2606
2608
2606,2538
1170,2609
2611
2614
2460,2471,183
103,2073,919,851,1189,2613,772,197,589,923,2708,37,552,75,2526,139,128,1616,2511,465,789,770,2488,779,837,1962,1776,1133,486,982,1290,2086,870,2483,668,2345,2513,455,2682,2121,1569,667,1130,314,2329,867,2258,2479,2334,2707,2807,2516,2346,1568,2331,1129,1941,2385,2340,2336,2343,2342,2339,2332,2384,2383,2294,90,482,1885,1761,595,462,2992
64,102,2528,760,1907,279,2709,233,1612,541,762,2525,2295,2527,2335,2603,1884,1148,1899,2135,984,2705,141,2524,1745,136,1062,411,1746,2073,2064,466,1696,2793,2529,89,983,571,2706,2750,143,554,857,532,2710,1189,1738,500,2184,546,442,2338,502,2177,1855,1613,774,50,2791,2605,142,1744,670,671,51,561,75,2293,460,2361,2645,2526,1773,2842,2086,921,1620,461,501,2358,1890,2463,981,1615,2731,26,2537,482,2879,2536
430,2623,436,437
475,2624
2633,2628,1833
2632,3137
2635,215
2633,2628,1833
2867,3357
2640
1687,2640
1688,2640
2643,2642
2644
2650
2650,1300
2651,2514
2945,3015
2625,183
2657
2659
2884,2659
696,2048,96
2764,2664
3407
2666
2671
2138,2671
158,236,2672
158,2672
2674,2682
982,2680
2678,2679
12,11
1783,408,2685
2685,2446
2685,891
12,2691
3076,2688
1634,1003
2696,2702
2700
2701,2698
2702
2713
2714,2731
2722
2725
2726
2725,2728,2731
2731
2734
2740,2734
2735
2735,2744
2736
2737
2722,2355
2740
2741
2741,2726
2738,2740,2743
2745
2745,2736
2746
2737,2747
2754,2758,2718
2748
2749
33,2751
2958,2755
2757
2665,2757
3407,2757
2759
1817,2759
534,1672
2665,2759
2759,3088
2759,3033
2759,3034
3142,2761
3092,2759
2759,3093
2759,3129
2759,3131
2769,438
2767
2768
2770
1931,3396,2771
508,2766
2772
1943,2774
2784,2777
2792
2801
2801,2606
2608,2801
2802
2804
2804,2021
2805
2807
978,1865,2197,2230,2566,1158,1787,2063,2654,2127,531,2211,126,1893,607,662,2298,2011,2327,672,2670,912,961,2919,115,1894,1228,2328,526,342,1555,2075,339,1042,2071,127,654,655,652,640,641,488,902,991,721,76,2133,77,926,1795,2720,1801,573,2286,1798,196
1745,136,1062,411,1746,2042,2330,674,2064,466,1696,2793,89,983,2706,138,143,554,857,532,2710,1738,2613,500,2184,546,442,502,589,2177,1855,1613,140,50,2791,2605,2507,923,670,671,859,51,561,945,552,1958,2293,460,2361,2645,2526,1866,1616,439,2511,1775,1773,2488,2842,790,2597,2515,2523,921,1620,2258,461,2362,2537,482,2879,2536
1258,1268
1529
2813,2265
2813,2549
2577,2813
3313,2813
2813,2815
2816
2818
2832,2833
2836
2840,2837
2840,2837,1677
2848
2849
2830,2829,2827,2822,2826,2824,2817,2423,2821,2819,2820,2825,2828,2823
1817,1689
907,2868
2850,2866
2850,808
2872
605,1584
2875,374
2876,2811
2878
2884
2886,2884,2888
2137,2884,435
2886,2888
2889
2901
3246,3265,493
116,943,2904
2137,2903,200,2347
2915
3306
2922,184
2922
2928
2931
158,236,3103
3407,1683
1583,2937
2934,1675
3407,2390,852,363
1677,2630,1673
2633,2628,1677,3217,1673
1583,2938
2934,1676
2665,2390,852,363
3024,2145
40,162
638,162
985,162
986,162
162,2518
2547,162
2554,162
162,3244
2157,2160,162,3244
2160,162,3244
1645,1871,343
2943
2945
2952
2955,2953
2955
2756,2758
186,3124
2998,2614
3114,2998
2178,2999
2137,3141,2999
3009,3003
803,67
3010
3011,2303
1229,1230
2925,2924
3014,2390,2392
3014,3156
3015,1582
3399,1567
2640,3016
3017,2652
3017,3150
2651,3017
1589,3018
534,3406
829,3057
2872,2702
900,901,899
2622
3031
3035,3146
2763,2761
3037,2839
2838,3042,1689
3042,1689
3089,2759
3041,2839
2637,3040
3039,2637
1575,3036
3088,3145
1576,3037
3044
3046
2889,1611
2846,3049
2739,3055
1,693
3061,689
3063
3064
2935,1937
1937,159
3071
3074
3075
3077,26
3078
610,3310
2884,3310
3082
3082,3196
2137,3083,946
2137,3293,3083
2759,3088
3184
3189,3238
3153,3152
3144,3088
3088,3146
3098
3098,3184
3101,3102
3105
3106
2137,3282,2887,3110
3243,3110
2137,236,2887,3110
2137,3282,2887,949,3108
2137,3282,2887,3111
3106,3196
947,3108
2178,3109
2178,949,3108
3110,2885
2137,3110,2660,2885
2137,3110,3091,2885
2137,3110,3241,2885
3116
2725,3283
3123,1833
3123,534,1833
2884,3113
3144,3222
3222,3145
3129
1689,3129
1677,2637,3130
2633,2628,1677,3217,3130
2759,2763
3129,3145
2168,3132
3104
3182,3177
3087,3086,3085
3101,3326
3139,3140
3142,2761
3068,3232
3232,3069
3070,3232
3151
3155,1298
533,1301,3159
533,3159,1680
3160,3162
3164,3166
3166
3169
3171
2381,3171
3173,1999
3178
3180
3180
3181
3183
3184
3187
3189
3190
3191
3193,2748,3178
989,3284
3267,930
3197,845
3267,1960
2901,3198
3199
1605,3320
1606,3321
3200,2611,2154
3192
1276,3318
3207,3199
3208,3304,3207,3261,3199
3208,3199
3305,3199
3207
3210
3308,3309
3304
3098
605,3211
3212,1268
3213
3229
3215
3224
3230
3231
3232
3233
3235
3238
3240
3324,3209,15
2545,3260
2550,3260
3304,3323
2137,3264,200,2347
3267
3267,948
2137,3270
3271,2182
3277
199,3281,1753
3284
3288
3292
3300
3301
3304
3306
3306
3306,3311
3310
3311
3324,3302,3312
3324,3319,3312
3311,3323
3311,3304,3323
3317
3311,3323
1451,3299,3253,3311,3323
3323
3323
3306,3323
3328
3331,907
3332
716,3337
959,3058
1002,3058
3341,2349
3341,3175
2005,2381
2143,2144,2146
3235,1169
3345
3347,2182
3328,3347
1872,1139
1876,1872
936,2304
937,2304
1025,1026
1025,1026
932,198,2317
3294,184
3332,3105
3221,3145
1578,3221
3221,3146
3361
3373,3371
2636,3374
3386
3059,3000,3027,3051,1727,3381,3052,3387,2795
3395
3410,3411
3398,16
3399,2019
1848,3399
3401,1686
3402,3150
3402,2652
1583,3403
2651,3402
3401,2107
1609,2107,3400
2390,852,3401
3404,3363
3404,364
2757,3401
3399,1566
3397,2664
534,2936
3407,1689
3407,2390
3407,2759
2628,1677,3408,3217,2634