668,0,-1
1547,0,1
2221,0,-1
1361,6,-1
26,7,1
1456,7,-1
1457,7,-1
31,10,-1
2127,10,1
2446,10,1
39,11,-1
40,11,1
1631,11,-1
52,16,-1
53,16,1
1496,16,-1
48,17,-1
49,17,1
54,17,-1
88,20,-1
1492,20,-1
2447,20,1
47,23,-1
62,23,-1
63,23,1
64,24,-1
65,24,1
88,24,-1
67,27,-1
70,27,1
1373,27,-1
2032,27,-1
1475,28,1
1478,28,-1
1790,28,-1
88,29,-1
90,29,1
1667,29,-1
86,30,1
87,30,-1
88,30,-1
564,30,1
778,30,-1
46,31,1
88,31,-1
1579,31,-1
1580,31,1
1628,34,-1
1629,34,1
1509,35,-1
1510,35,1
88,36,-1
429,36,-1
1564,36,0
1566,36,0
2434,36,1
102,38,-1
2065,38,-1
2067,38,1
199,39,-1
2066,39,1
2067,39,-1
1896,41,0
2061,41,-1
2138,41,-1
2141,41,1
2418,45,-1
2418,45,1
46,46,1
88,46,-1
2576,46,-1
276,49,-1
284,49,1
286,49,1
398,51,-1
399,51,1
756,51,-1
88,53,-1
429,53,-1
928,53,1
124,59,1
1488,59,-1
756,61,-1
1824,61,-1
1825,61,1
756,62,-1
1824,62,-1
1825,62,1
729,64,1
756,64,-1
1824,64,-1
756,65,-1
1833,65,-1
1834,65,1
88,67,-1
842,67,1
852,67,-1
46,68,1
88,68,-1
2240,68,-1
2241,68,1
88,69,-1
572,69,-1
573,69,1
88,73,-1
105,73,1
2596,73,-1
88,74,-1
1807,74,1
2575,74,-1
111,78,-1
113,78,1
707,78,-1
44,81,-1
111,81,-1
2247,81,1
111,84,-1
741,84,-1
2250,84,1
111,89,-1
1933,89,-1
2255,89,1
111,90,-1
1954,90,-1
2256,90,1
111,93,-1
112,93,1
744,93,-1
112,96,-1
115,96,1
1964,96,-1
116,97,1
118,97,-1
1718,97,-1
1718,100,-1
2260,100,1
2261,100,-1
1720,101,-1
2259,101,-1
2261,101,1
88,102,-1
1601,102,-1
1605,102,0
1804,102,1
46,105,1
88,105,-1
127,105,1
128,105,-1
46,107,1
88,107,-1
2566,107,-1
2568,107,1
50,108,-1
51,108,-1
52,108,1
135,112,-1
136,112,1
134,113,1
137,113,-1
667,115,-1
2605,115,1
1216,117,1
1217,117,-1
88,119,-1
2407,119,-1
2408,119,1
1368,124,1
2141,124,-1
2195,124,-1
2195,126,-1
2406,126,1
2409,126,-1
1379,127,1
2136,127,-1
2195,127,-1
88,130,-1
1487,130,-1
2367,130,0
2492,130,1
88,132,-1
1460,132,-1
2533,132,1
46,135,1
88,135,-1
2565,135,-1
566,138,1
1707,138,-1
191,140,-1
192,140,1
1544,140,-1
94,141,-1
193,141,-1
195,141,1
12,143,0
193,143,1
194,143,-1
88,144,-1
163,144,1
164,144,-1
202,146,-1
203,146,1
2104,146,-1
101,149,-1
208,149,-1
209,149,1
216,153,-1
217,153,1
1878,153,-1
218,154,-1
219,154,1
1322,154,-1
227,156,1
611,156,-1
2071,156,-1
490,158,-1
1818,158,-1
2268,158,1
2455,158,-1
2486,158,-1
2455,159,-1
2455,159,1
228,160,-1
232,160,1
334,160,-1
544,166,-1
2337,166,-1
2338,166,1
719,167,-1
1546,167,-1
1548,167,1
479,168,-1
479,168,1
235,170,-1
236,170,0
237,170,1
2089,170,-1
235,171,-1
238,171,1
2332,171,-1
155,174,-1
156,174,1
255,176,1
560,176,-1
250,177,-1
251,177,1
252,177,-1
255,178,-1
534,178,-1
535,178,1
258,179,-1
561,179,-1
562,179,1
262,180,1
268,180,-1
541,180,-1
5,181,-1
263,181,1
268,181,-1
266,183,-1
534,183,-1
540,183,1
276,185,-1
277,185,-1
278,185,1
279,187,-1
280,187,1
284,187,-1
288,189,-1
288,189,1
463,189,0
290,192,-1
295,192,-1
463,192,0
1542,192,1
300,193,1
301,193,-1
1904,193,1
2042,193,1
2043,193,1
305,194,-1
306,194,1
643,194,-1
307,195,-1
958,195,1
308,196,-1
1124,196,1
312,197,-1
1681,197,-1
1682,197,1
1474,198,-1
2395,198,-1
2397,198,-1
2398,198,1
429,199,-1
1491,199,-1
2398,199,-1
2400,199,1
1562,200,-1
1563,200,1
171,201,1
184,201,-1
2542,201,-1
491,202,-1
2354,202,1
2542,202,-1
2208,203,-1
2356,203,1
2542,203,-1
711,205,1
712,205,-1
1358,205,-1
1839,207,-1
2354,207,-1
2355,207,1
490,208,-1
1594,208,-1
1595,208,1
1328,210,-1
1448,210,-1
1449,210,1
46,212,1
88,212,-1
341,212,-1
2401,212,1
349,216,-1
351,216,1
529,216,-1
858,216,-1
158,218,-1
353,218,-1
357,218,1
46,219,1
88,219,-1
1707,219,-1
360,221,-1
363,221,1
391,221,-1
370,222,-1
381,222,1
1003,222,-1
371,223,-1
372,223,1
374,223,-1
376,224,-1
379,224,1
535,224,-1
376,225,-1
380,225,1
540,225,-1
271,226,-1
382,226,-1
383,226,1
383,227,-1
384,227,1
385,227,1
410,227,1
393,230,-1
394,230,1
1788,230,-1
139,232,-1
425,232,-1
426,232,1
427,233,-1
429,233,1
925,233,-1
926,233,-1
443,235,-1
444,235,1
2176,235,-1
448,238,-1
449,238,1
791,238,-1
450,239,-1
451,239,1
791,239,-1
454,241,-1
455,241,1
2055,241,-1
457,242,-1
458,242,1
2265,242,-1
2,243,-1
459,243,-1
460,243,1
469,245,-1
470,245,1
474,245,-1
259,248,-1
485,248,-1
486,248,1
474,253,-1
475,253,1
495,253,-1
510,258,-1
510,258,1
46,259,1
88,259,-1
511,259,-1
786,259,-1
1344,259,-1
2022,259,-1
2170,259,-1
514,261,-1
515,261,1
2549,261,1
521,266,-1
522,266,1
1351,266,-1
316,268,1
317,268,-1
319,268,1
320,268,1
321,268,1
72,269,-1
527,269,-1
528,269,1
605,271,1
1374,271,-1
299,272,-1
529,272,-1
530,272,-1
532,272,1
2420,272,-1
531,273,-1
778,273,-1
1585,273,1
2420,273,-1
532,274,-1
565,274,0
629,274,1
692,274,0
1001,278,1
1002,278,-1
1003,278,1
2238,281,1
2239,281,-1
2244,282,1
2245,282,-1
2263,282,1
88,284,-1
1730,284,-1
2565,284,1
826,285,-1
2593,285,-1
2594,285,1
252,286,1
560,286,-1
1519,287,1
1520,287,-1
1893,290,-1
1894,290,1
1905,290,-1
657,291,1
1301,291,-1
1302,291,1
2309,291,-1
378,293,-1
416,293,-1
419,293,1
413,294,-1
416,294,-1
422,294,1
416,296,1
417,296,-1
418,296,-1
265,299,1
559,299,-1
152,301,-1
679,301,-1
1318,301,1
777,304,1
778,304,-1
1795,304,-1
46,305,1
88,305,-1
576,305,0
1729,305,-1
1805,305,1
595,308,-1
596,308,1
597,310,1
598,310,-1
601,313,-1
1359,313,1
2158,313,-1
2195,313,-1
11,314,-1
21,314,1
1373,314,-1
1864,314,-1
2159,314,0
616,317,-1
619,317,1
2201,317,-1
1621,319,-1
2011,319,1
2195,319,-1
147,322,1
148,322,-1
778,323,-1
881,323,1
882,323,-1
145,325,-1
778,325,-1
1810,325,1
778,326,-1
887,326,1
888,326,-1
1810,326,1
778,327,-1
882,327,1
883,327,-1
1547,329,-1
2220,329,1
2364,332,1
2372,332,-1
2486,335,-1
2486,335,1
325,337,-1
2632,337,1
2633,337,-1
142,338,1
479,338,-1
729,338,-1
778,338,-1
1892,338,1
1902,338,1
1906,338,1
1907,338,1
1908,338,1
2523,341,1
2563,341,1
2600,341,-1
76,343,1
78,343,-1
167,343,1
16,344,1
17,344,-1
305,344,1
2144,345,-1
2316,345,1
1274,346,0
2142,346,1
2146,346,-1
2143,347,-1
2317,347,1
2426,347,1
73,350,1
88,350,-1
636,350,1
1543,350,-1
1543,350,1
1746,350,1
2195,350,-1
2199,350,-1
643,351,1
644,351,-1
2540,351,0
306,352,-1
307,352,1
956,352,-1
647,355,-1
648,355,1
649,355,-1
650,356,-1
651,356,1
653,356,-1
46,362,1
88,362,-1
1511,362,-1
2419,362,1
778,363,-1
1493,363,1
2213,363,0
2417,363,-1
2582,366,-1
2582,366,1
633,367,0
1738,367,0
2078,367,-1
2078,367,1
2093,372,-1
2201,372,-1
2310,372,1
404,374,-1
635,374,1
1400,374,-1
2582,375,-1
2582,375,1
170,377,-1
170,377,1
716,378,-1
716,378,1
717,379,-1
717,379,1
2025,381,-1
2025,381,1
2027,382,-1
2027,382,1
2174,385,-1
2174,385,1
130,387,-1
142,387,1
33,393,1
369,393,-1
1194,393,0
754,398,1
755,398,-1
2226,398,0
815,399,1
816,399,-1
1194,399,0
832,400,1
2555,400,0
833,401,-1
834,401,1
1194,401,0
821,402,1
822,402,-1
2226,402,0
435,406,1
548,406,1
678,406,1
724,406,0
727,406,1
866,406,1
879,406,1
902,406,1
905,406,-1
1280,406,1
1522,406,1
1536,406,1
1642,406,1
1739,406,1
1772,406,1
1967,406,1
1013,409,-1
1014,409,1
1194,409,0
1194,410,0
1197,410,-1
1198,410,1
878,412,1
2178,412,-1
2205,412,0
1534,417,1
1535,417,-1
2226,417,0
1576,418,-1
1577,418,1
2555,418,0
1773,421,1
1774,421,-1
2555,421,0
1742,422,1
1743,422,-1
2226,422,0
1727,423,1
1728,423,-1
2226,423,0
1910,424,1
1911,424,-1
2226,424,0
1692,425,1
1693,425,-1
2226,425,0
730,427,1
1830,427,-1
2226,427,0
1537,429,1
1538,429,-1
2226,429,0
1949,430,1
1950,430,-1
2535,430,0
19,431,0
1956,431,-1
1957,431,1
1960,432,1
1961,432,-1
2226,432,0
1988,435,-1
1990,435,1
2555,435,0
1989,436,-1
1991,436,1
2555,436,0
1996,438,-1
1997,438,1
2535,438,0
2051,441,1
2052,441,-1
2226,441,0
74,442,1
75,442,-1
2226,442,0
823,447,1
824,447,-1
2226,447,0
1427,449,1
1428,449,-1
2226,449,0
142,450,-1
142,450,1
1962,452,1
1963,452,-1
2226,452,0
88,454,-1
95,454,1
1548,454,-1
1556,454,-1
1705,454,-1
1810,454,1
700,456,-1
702,456,1
2614,456,-1
88,458,-1
2248,458,-1
2262,458,1
697,461,-1
700,461,-1
701,461,1
181,463,1
182,463,-1
705,463,0
247,465,-1
249,465,1
409,465,-1
409,466,-1
535,466,-1
538,466,1
408,468,1
536,468,1
538,468,-1
411,469,-1
414,469,1
854,469,-1
255,470,-1
411,470,-1
413,470,1
412,472,-1
414,472,0
535,472,-1
543,472,1
410,473,1
542,473,-1
261,475,1
420,475,-1
421,475,1
411,477,1
422,477,-1
2330,477,1
149,478,-1
150,478,1
1471,478,-1
46,482,1
88,482,-1
1269,482,-1
88,484,-1
1267,484,-1
2402,484,1
718,485,-1
2083,485,-1
2084,485,1
46,486,1
89,486,-1
166,486,1
468,486,1
2311,486,1
2365,488,1
2456,488,-1
2506,488,-1
478,489,-1
1637,489,-1
1638,489,1
244,490,-1
540,490,-1
541,490,1
793,491,-1
794,491,-1
1517,491,1
490,492,-1
1283,492,-1
2203,492,1
270,495,1
535,495,-1
541,495,-1
88,497,-1
1978,497,-1
2550,497,1
294,499,-1
295,499,-1
2215,499,-1
2216,499,1
46,503,1
88,503,-1
114,503,-1
117,503,1
724,504,1
905,504,-1
2475,504,-1
762,505,1
765,505,-1
732,507,1
733,507,-1
734,507,-1
734,508,-1
734,508,1
503,509,-1
504,509,-1
736,509,1
139,511,-1
738,511,-1
739,511,1
740,514,-1
1420,514,1
1421,514,-1
1450,514,1
1335,515,-1
1336,515,1
2578,515,-1
365,519,1
744,519,-1
2595,519,-1
758,521,-1
759,521,-1
765,521,1
734,522,-1
760,522,1
1344,522,-1
765,523,-1
773,523,1
1460,523,-1
780,526,-1
781,526,1
1433,526,-1
748,530,0
749,530,0
782,530,1
814,530,-1
624,533,-1
818,533,1
2312,533,-1
626,534,-1
626,534,1
713,536,0
1549,536,1
2269,536,1
2594,536,-1
838,539,1
839,539,-1
1969,539,-1
777,540,-1
777,540,1
88,541,-1
203,541,-1
2396,541,1
713,542,-1
714,542,1
779,542,-1
1655,542,1
2329,542,1
779,543,-1
779,543,1
778,546,-1
1705,546,1
1706,546,-1
266,547,-1
267,547,1
778,547,-1
1466,550,1
1468,550,1
2202,550,-1
2329,550,-1
1052,551,-1
1053,551,1
2138,551,-1
778,552,1
825,552,-1
1796,552,-1
778,553,1
825,553,-1
1801,553,-1
825,554,-1
1800,554,1
1802,554,-1
826,555,-1
1467,555,1
2202,555,-1
889,561,-1
890,561,1
2171,561,-1
892,563,-1
894,563,1
2613,563,-1
911,566,-1
912,566,1
1343,566,-1
88,568,-1
914,568,-1
915,568,1
916,571,-1
917,571,1
1972,571,-1
46,573,1
88,573,-1
1598,573,-1
2445,573,1
46,575,1
88,575,-1
1591,575,-1
2459,575,1
429,577,-1
2235,577,-1
2637,577,1
936,581,-1
937,581,1
950,581,-1
940,583,-1
941,583,1
1981,583,-1
935,586,0
946,586,1
947,586,-1
935,587,0
2106,587,-1
2107,587,1
935,588,0
948,588,-1
949,588,1
953,590,-1
954,590,-1
955,590,1
955,591,-1
1228,591,1
1231,591,-1
956,593,-1
959,593,1
964,593,-1
956,594,1
957,594,-1
2541,594,0
959,596,-1
959,596,1
14,601,-1
14,601,1
969,605,-1
970,605,1
1344,605,-1
88,606,-1
960,606,-1
961,606,1
980,609,-1
981,609,1
1208,609,-1
986,611,-1
987,611,1
999,611,-1
987,613,-1
1000,613,1
1144,613,-1
1146,613,-1
1000,614,-1
1000,614,1
88,619,-1
991,619,-1
997,619,1
88,622,-1
994,622,-1
996,622,1
1005,626,-1
1006,626,1
1007,626,-1
1011,626,-1
1012,627,-1
1015,627,0
1016,627,1
1019,627,0
1021,627,-1
1012,629,-1
1018,629,-1
1019,629,1
88,631,-1
1026,631,-1
1027,631,1
1038,636,-1
1042,636,1
1060,636,-1
1044,640,-1
1045,640,-1
1055,640,1
1046,641,-1
1049,641,1
1540,641,-1
88,646,-1
1068,646,-1
1069,646,1
46,647,1
88,647,-1
1070,647,-1
1071,647,1
1074,649,-1
1075,649,1
1076,649,-1
46,651,1
88,651,-1
1079,651,-1
1080,651,1
88,658,-1
1087,658,-1
1088,658,1
1089,660,-1
1090,660,1
1981,660,-1
1092,662,-1
1093,662,1
1341,662,-1
1084,663,-1
1095,663,-1
1096,663,1
88,665,-1
1098,665,-1
1099,665,1
88,668,-1
1108,668,-1
1110,668,1
88,670,-1
1113,670,-1
1114,670,1
1108,671,1
1109,671,-1
1973,671,-1
952,674,-1
1121,674,-1
1122,674,1
88,675,-1
1118,675,1
1122,675,-1
494,676,-1
496,676,1
1123,676,-1
1123,677,-1
1123,677,1
46,681,1
88,681,-1
988,681,-1
989,681,1
1143,682,-1
1144,682,1
1341,682,-1
1145,683,-1
1146,683,1
1346,683,-1
1348,683,0
2056,684,-1
2058,684,1
2208,684,-1
1148,685,-1
1149,685,1
1663,685,-1
1061,686,-1
1062,686,1
1152,686,-1
1153,686,0
1059,687,-1
1062,687,-1
1154,687,1
501,689,-1
502,689,1
1156,689,-1
1156,690,-1
1157,690,1
1787,690,-1
1156,691,-1
1158,691,1
1901,691,-1
501,692,-1
1158,692,-1
1159,692,1
1155,693,-1
1156,693,1
970,697,-1
1130,697,-1
1162,697,-1
1168,697,1
930,698,1
1162,698,-1
1231,698,-1
1063,701,-1
1179,701,-1
1180,701,1
533,704,1
1182,704,1
1183,704,-1
1184,705,-1
1185,705,1
1940,705,-1
1186,708,-1
1186,708,1
1018,709,-1
1020,709,1
1187,709,-1
843,713,-1
844,713,1
984,715,-1
1199,715,-1
1200,715,1
1146,716,-1
1199,716,-1
1202,716,1
1207,717,-1
1208,717,1
1344,717,-1
46,718,1
88,718,-1
982,718,-1
1214,721,-1
1219,721,1
1226,721,-1
1218,722,-1
1221,722,1
1231,722,-1
1146,729,-1
1233,729,-1
1234,729,1
1237,730,-1
1240,730,1
1714,730,-1
1236,731,1
1240,731,-1
1287,731,-1
1237,732,-1
1238,732,1
1994,732,-1
88,733,-1
1238,733,-1
1239,733,1
46,734,1
88,734,-1
1235,734,-1
317,744,-1
1259,744,-1
1260,744,1
1050,746,-1
1051,746,1
1261,746,-1
1263,748,-1
1265,748,1
2425,748,-1
88,749,-1
2145,749,-1
2423,749,1
1263,751,-1
1264,751,1
2427,751,-1
1262,752,1
1263,752,-1
2426,752,-1
46,757,1
88,757,-1
1276,757,-1
1275,759,-1
1278,759,1
2345,759,-1
46,763,1
88,763,-1
1051,763,-1
88,764,-1
1052,764,1
1054,764,-1
88,765,-1
1621,765,0
2013,765,-1
2371,765,1
1282,766,-1
2236,766,1
2237,766,-1
1282,767,-1
1778,767,0
2242,767,1
2243,767,-1
605,769,-1
1291,769,1
1296,769,-1
88,770,-1
638,770,-1
1289,770,1
1295,770,-1
1303,770,1
73,771,1
88,771,-1
1281,771,-1
1289,771,1
1295,771,-1
1305,771,1
1746,771,1
2189,771,1
674,778,-1
675,778,1
1316,778,-1
46,781,1
88,781,-1
144,781,-1
375,781,0
881,783,-1
1948,783,-1
2513,783,1
226,786,-1
1476,786,-1
1477,786,1
520,789,-1
563,789,1
2531,789,-1
368,790,-1
461,790,1
581,790,-1
581,792,-1
588,792,1
1386,792,-1
581,793,-1
807,793,1
1388,793,-1
581,794,-1
801,794,1
1389,794,-1
581,795,-1
1390,795,-1
1391,795,1
581,796,-1
798,796,1
1394,796,-1
581,800,-1
583,800,1
2152,800,-1
745,805,-1
2463,805,1
2530,805,-1
1286,806,-1
1298,806,1
2480,806,-1
1487,808,-1
2301,808,-1
2302,808,1
581,812,-1
1926,812,-1
1927,812,1
172,813,-1
1516,813,1
1521,813,-1
667,814,-1
1530,814,-1
1531,814,1
305,815,-1
1340,815,-1
1517,815,-1
2264,815,1
592,816,-1
666,816,-1
1791,816,1
748,817,0
1337,817,-1
1337,817,1
1337,818,1
1338,818,1
1339,818,-1
1599,818,0
1036,819,-1
1046,819,1
1059,819,-1
1035,820,-1
1037,820,1
1058,820,-1
1003,823,-1
1003,823,1
1140,825,-1
1141,825,1
1144,825,-1
965,826,-1
967,826,-1
1103,826,1
1105,826,-1
1123,828,0
1124,828,1
1125,828,-1
1130,828,1
1231,828,1
1147,831,-1
1189,831,1
1191,831,-1
1192,837,-1
1211,837,-1
1212,837,1
551,838,-1
756,838,-1
778,838,-1
1810,838,1
1918,838,-1
777,841,-1
777,841,1
88,842,-1
1215,842,1
1216,842,-1
921,843,-1
922,843,1
1341,843,-1
981,845,-1
982,845,1
1341,845,-1
1202,846,-1
1203,846,1
1341,846,-1
46,848,1
88,848,-1
1107,848,-1
46,849,1
88,849,-1
1205,849,-1
1206,849,1
88,850,-1
1131,850,1
1137,850,-1
46,851,1
88,851,-1
1125,851,-1
1126,851,1
46,852,1
88,852,-1
1168,852,-1
1229,854,-1
1231,854,1
1342,854,-1
46,856,1
88,856,-1
1173,856,-1
1174,856,1
88,857,-1
1171,857,-1
1172,857,1
88,858,-1
930,858,-1
1167,858,1
88,859,-1
932,859,-1
933,859,1
88,861,-1
1165,861,-1
1166,861,1
88,862,-1
1163,862,-1
1164,862,1
46,863,1
88,863,-1
843,863,-1
88,865,-1
106,865,-1
107,865,1
1752,865,0
46,866,1
88,866,-1
761,866,-1
88,867,-1
1287,867,-1
2515,867,1
46,868,1
88,868,-1
963,868,-1
1346,870,-1
1347,870,-1
1348,870,1
46,871,1
88,871,-1
1234,871,-1
1342,873,-1
1352,873,1
1662,873,-1
142,874,-1
142,874,1
1369,876,1
1373,876,-1
1849,876,-1
88,878,-1
2501,878,-1
2502,878,1
73,879,1
88,879,-1
1373,879,-1
2190,879,-1
2503,879,-1
792,887,1
797,887,-1
1392,887,-1
1411,891,-1
1412,891,1
1522,891,-1
556,892,-1
1413,892,-1
1414,892,1
139,895,-1
1430,895,-1
1431,895,1
1351,896,-1
1434,896,-1
1437,896,1
525,899,-1
2293,899,-1
2294,899,1
427,901,-1
433,901,1
925,901,-1
1453,901,-1
46,904,1
88,904,-1
357,904,-1
2561,904,1
88,905,-1
151,905,-1
158,905,1
1785,905,0
757,906,-1
1461,906,-1
1462,906,1
1464,910,-1
2069,910,-1
2070,910,1
1409,911,1
1410,911,-1
1909,911,-1
808,913,1
1524,913,-1
2589,913,-1
46,915,1
88,915,-1
1496,915,-1
2489,915,1
1325,916,-1
1326,916,1
1473,916,-1
1474,917,-1
2496,917,-1
2497,917,1
671,922,-1
1852,922,-1
2622,922,-1
2630,922,1
829,923,-1
1499,923,-1
1500,923,1
2130,923,0
88,926,-1
1507,926,-1
1508,926,1
338,927,-1
1513,927,1
1515,927,-1
140,928,-1
140,928,1
1524,929,1
2616,929,-1
88,932,-1
489,932,-1
2430,932,1
1288,936,0
1558,936,-1
2195,936,-1
2339,936,1
1531,937,-1
1531,937,1
46,938,1
88,938,-1
2603,938,-1
88,940,-1
2326,940,1
2602,940,-1
534,947,-1
1528,947,-1
1529,947,1
777,948,-1
779,948,-1
1626,948,1
2341,948,-1
546,949,-1
777,949,-1
778,949,1
779,949,-1
1672,953,-1
2466,953,-1
2468,953,1
2217,954,-1
2466,954,-1
2467,954,1
429,956,-1
1381,956,-1
1812,956,1
429,957,-1
1367,957,-1
2140,957,1
429,958,-1
1366,958,-1
2140,958,1
1586,960,-1
1600,960,-1
1601,960,1
1581,961,-1
1581,961,1
31,962,0
32,962,0
1492,962,-1
1590,962,-1
1591,962,1
2127,962,-1
620,964,0
1586,964,-1
1599,964,1
46,965,1
88,965,-1
1488,965,-1
2510,965,1
1463,966,1
1602,966,-1
1604,966,-1
427,967,-1
434,967,1
925,967,-1
1375,967,0
1608,967,-1
2193,967,0
1608,968,-1
2620,968,-1
2621,968,1
1506,969,-1
1507,969,1
1609,969,-1
1613,971,-1
1614,971,1
1619,971,-1
2020,971,1
1615,972,-1
1616,972,1
1790,972,-1
623,973,-1
1620,973,-1
1621,973,1
2013,973,-1
623,974,-1
1620,974,-1
1622,974,1
2298,974,-1
1561,977,1
1624,977,-1
1626,977,-1
1470,978,-1
1628,978,-1
1630,978,1
777,979,1
1567,979,1
1568,979,-1
1639,979,-1
1641,979,1
630,980,-1
630,980,1
777,980,-1
354,981,-1
355,981,1
1789,981,-1
1358,982,-1
1362,982,1
2622,982,1
2634,982,-1
1406,983,-1
1407,983,1
1568,983,-1
1639,983,-1
1624,984,-1
1626,984,1
1639,984,-1
777,988,-1
817,988,1
2341,988,-1
1643,990,-1
1644,990,-1
1646,990,1
1648,993,-1
1649,993,1
1650,994,-1
1651,994,-1
1652,994,1
1229,1000,-1
1435,1000,1
1436,1000,-1
569,1006,-1
570,1006,1
2138,1006,-1
90,1008,-1
91,1008,1
1354,1009,-1
1354,1009,1
46,1011,1
88,1011,-1
2572,1011,-1
88,1012,-1
1442,1012,-1
2509,1012,1
174,1013,-1
1688,1013,-1
1690,1013,1
1691,1013,0
757,1016,-1
1699,1016,-1
1700,1016,1
2233,1016,0
757,1017,-1
1701,1017,-1
1702,1017,1
1,1018,1
778,1018,-1
1405,1018,1
1701,1018,1
1702,1018,-1
2233,1018,0
1446,1021,-1
1708,1021,-1
1709,1021,1
860,1024,0
861,1024,1
1711,1024,-1
2528,1024,-1
1710,1025,-1
1715,1025,1
2280,1025,-1
46,1027,1
88,1027,-1
1707,1027,-1
1716,1029,-1
1721,1029,-1
1724,1029,1
395,1030,-1
1722,1030,-1
1723,1030,1
59,1032,-1
60,1032,1
1706,1032,-1
576,1039,1
778,1039,-1
1707,1039,-1
1751,1045,1
1754,1045,-1
1344,1046,-1
1750,1046,-1
1763,1046,1
220,1047,-1
1756,1047,1
1757,1047,-1
1758,1048,-1
1759,1048,1
1778,1048,-1
46,1051,1
88,1051,-1
1761,1051,1
1762,1051,-1
1763,1052,-1
1764,1052,1
302,1053,1
304,1053,-1
778,1055,-1
1706,1055,-1
1810,1055,1
1346,1056,-1
1349,1056,1
1775,1056,-1
1349,1057,-1
1350,1057,1
768,1058,-1
771,1058,1
1777,1058,-1
767,1060,1
771,1060,-1
778,1060,-1
329,1061,-1
2180,1061,-1
2181,1061,1
111,1067,-1
778,1067,-1
779,1067,0
2562,1067,1
354,1068,-1
356,1068,1
1788,1068,-1
317,1069,-1
1616,1069,-1
1617,1069,1
666,1070,-1
2582,1070,1
2142,1071,-1
2145,1071,1
2422,1071,-1
2142,1072,-1
2145,1072,1
2422,1072,-1
1367,1074,1
1373,1074,-1
2190,1074,-1
2423,1074,-1
1366,1075,1
1373,1075,-1
2190,1075,-1
2423,1075,-1
1803,1078,-1
1803,1078,1
1796,1079,-1
1798,1079,1
1803,1079,-1
1635,1080,1
1793,1080,-1
1794,1080,1
1803,1080,-1
84,1083,-1
88,1083,-1
2511,1083,1
2436,1084,-1
2436,1084,1
745,1085,-1
1330,1085,-1
1331,1085,1
746,1086,-1
1329,1086,1
1330,1086,-1
2546,1088,1
2547,1088,-1
1135,1089,-1
2484,1089,1
2184,1090,-1
2547,1090,1
88,1093,-1
1706,1093,-1
2281,1093,-1
2283,1093,1
88,1094,-1
1706,1094,0
2378,1094,1
2389,1094,-1
46,1097,1
88,1097,-1
2624,1097,1
2626,1097,-1
46,1099,1
88,1099,-1
1285,1099,-1
2147,1099,1
2452,1099,1
88,1102,-1
98,1102,1
313,1102,-1
88,1103,-1
311,1103,-1
574,1103,1
2394,1103,-1
46,1105,1
88,1105,-1
1740,1105,1
1741,1105,-1
2029,1105,-1
2527,1105,1
88,1106,-1
585,1106,-1
587,1106,1
708,1106,-1
88,1107,-1
2359,1107,-1
2360,1107,1
88,1108,-1
909,1108,-1
910,1108,1
88,1109,-1
429,1109,-1
2434,1109,1
46,1112,1
88,1112,-1
883,1112,-1
46,1113,1
88,1113,-1
1271,1113,-1
2410,1113,1
46,1114,1
88,1114,-1
1272,1114,-1
2411,1114,1
88,1117,-1
2236,1117,-1
2372,1117,1
46,1118,1
88,1118,-1
146,1118,-1
148,1118,1
88,1120,-1
1418,1120,-1
2376,1120,1
88,1122,-1
1485,1122,-1
2441,1122,1
88,1125,-1
1706,1125,1
1707,1125,-1
88,1128,-1
2391,1128,1
2392,1128,-1
88,1129,-1
2377,1129,-1
2383,1129,1
88,1133,-1
2387,1133,-1
2388,1133,1
46,1136,1
88,1136,-1
1971,1136,-1
2476,1136,1
46,1137,1
88,1137,-1
885,1137,-1
886,1137,1
46,1138,1
88,1138,-1
586,1138,-1
2304,1140,-1
2305,1140,1
88,1142,-1
2390,1142,-1
2393,1142,1
88,1145,-1
133,1145,1
676,1145,-1
2533,1145,-1
88,1147,-1
123,1147,-1
423,1147,-1
2580,1147,1
88,1148,-1
1495,1148,-1
2418,1148,1
322,1153,1
323,1153,1
326,1153,1
327,1153,1
328,1153,1
2631,1153,1
2632,1153,-1
38,1154,1
778,1154,-1
1445,1154,1
1686,1154,-1
1755,1155,1
1756,1155,-1
1754,1156,1
1756,1156,0
1764,1156,-1
1817,1156,-1
1364,1158,-1
1408,1158,1
2195,1158,1
2349,1158,1
88,1160,-1
1587,1160,-1
1594,1160,1
777,1162,-1
1641,1162,-1
2328,1162,1
1790,1163,-1
1821,1163,-1
1822,1163,1
175,1165,-1
1706,1165,-1
1825,1165,-1
2219,1165,-1
2223,1165,1
1831,1168,1
1832,1168,-1
2100,1168,-1
757,1171,-1
1845,1171,-1
1846,1171,1
9,1179,-1
41,1179,0
695,1179,1
1694,1179,0
1820,1179,0
1859,1179,1
1860,1179,-1
1855,1180,1
2611,1180,-1
1447,1182,-1
1856,1182,-1
1861,1182,1
13,1185,1
1866,1185,-1
2167,1185,-1
240,1187,-1
1713,1187,-1
2232,1187,0
2246,1187,1
529,1190,-1
576,1190,-1
1876,1190,-1
1877,1190,1
46,1192,1
88,1192,-1
1132,1192,-1
1135,1192,1
492,1194,-1
493,1194,1
2280,1194,-1
721,1195,-1
1706,1195,-1
2358,1195,-1
2359,1195,1
722,1196,-1
2385,1196,-1
2386,1196,1
1281,1202,-1
2049,1202,0
2298,1202,-1
2299,1202,1
1282,1203,-1
2624,1203,-1
2626,1203,1
1284,1204,-1
2305,1204,-1
2307,1204,1
1309,1205,-1
1358,1205,-1
2628,1205,-1
2629,1205,1
1710,1208,-1
1712,1208,1
2534,1208,-1
1733,1209,-1
2386,1209,-1
2387,1209,1
1735,1210,-1
1737,1210,1
2375,1210,-1
1733,1212,-1
2280,1212,-1
2281,1212,1
2022,1218,-1
2278,1218,-1
2279,1218,1
571,1220,-1
572,1220,1
2032,1220,-1
2039,1221,-1
2301,1221,-1
2303,1221,1
88,1223,-1
1370,1223,-1
2047,1223,-1
2237,1223,1
2209,1230,-1
2388,1230,-1
2389,1230,1
1706,1231,-1
2209,1231,-1
2280,1231,-1
2282,1231,1
551,1234,1
552,1234,-1
1523,1234,-1
1290,1236,1
1308,1236,-1
2601,1236,1
2374,1240,1
2382,1240,1
2383,1240,-1
884,1241,1
888,1241,-1
1883,1245,-1
1884,1245,1
2233,1245,-1
1895,1251,-1
1897,1251,1
2636,1251,-1
0,1253,1
1899,1253,-1
2195,1253,-1
88,1260,-1
2573,1260,1
2574,1260,-1
1913,1261,-1
1914,1261,1
2071,1261,-1
1913,1262,-1
1966,1262,1
2077,1262,-1
848,1267,-1
849,1267,1
88,1268,-1
1329,1268,-1
1335,1268,1
1783,1269,-1
1922,1269,1
2396,1269,-1
847,1272,-1
851,1272,1
1783,1272,-1
850,1273,1
851,1273,-1
88,1276,-1
1759,1276,-1
1760,1276,1
1937,1280,-1
1938,1280,1
436,1281,-1
768,1281,-1
769,1281,1
768,1282,-1
772,1282,1
1947,1282,-1
1951,1287,1
1953,1287,-1
1979,1293,1
2546,1293,-1
1172,1294,-1
1173,1294,1
1970,1294,-1
1992,1294,-1
1169,1299,-1
1170,1299,1
1970,1299,-1
1981,1299,-1
46,1302,1
88,1302,-1
1128,1302,-1
1243,1303,-1
1244,1303,1
1981,1303,-1
1112,1304,-1
1113,1304,1
1981,1304,-1
88,1307,-1
941,1307,-1
942,1307,1
88,1309,-1
1101,1309,-1
1102,1309,1
1204,1310,-1
1205,1310,1
1983,1310,-1
1164,1311,-1
1165,1311,1
1992,1311,-1
20,1314,1
88,1314,-1
962,1314,-1
2483,1316,-1
2483,1316,1
841,1317,-1
852,1317,1
1994,1317,-1
46,1318,1
88,1318,-1
774,1318,-1
775,1318,1
2001,1321,1
2002,1321,-1
2004,1322,-1
2008,1322,1
2160,1322,-1
2005,1324,-1
2010,1324,1
2270,1324,-1
1377,1325,0
2004,1325,-1
2005,1325,1
603,1326,0
604,1326,0
622,1326,0
1281,1326,-1
1532,1326,0
1606,1326,0
2005,1326,-1
2006,1326,1
2009,1326,0
2010,1326,0
2046,1326,-1
2154,1326,0
2292,1326,0
1995,1327,-1
2005,1327,-1
2007,1327,1
2046,1327,-1
46,1329,1
88,1329,-1
2585,1329,-1
2586,1329,1
2022,1334,-1
2584,1334,-1
2585,1334,1
88,1336,-1
2587,1336,-1
2588,1336,1
46,1338,1
88,1338,-1
2404,1338,-1
247,1344,1
560,1344,-1
778,1344,-1
1624,1347,-1
1641,1347,-1
1803,1347,1
777,1348,-1
779,1348,1
1641,1348,-1
88,1350,-1
122,1350,1
2399,1350,1
2400,1350,-1
1679,1351,-1
1680,1351,1
2323,1352,-1
2324,1352,1
46,1353,1
88,1353,-1
1484,1353,-1
2437,1353,1
1370,1356,1
2041,1356,-1
2195,1356,-1
88,1360,-1
2006,1360,-1
2013,1360,1
46,1361,1
88,1361,-1
2007,1361,-1
46,1363,1
88,1363,-1
2012,1363,1
2014,1363,-1
2450,1363,1
46,1364,1
88,1364,-1
1023,1364,0
2046,1364,-1
2512,1364,1
46,1365,1
88,1365,-1
2050,1365,0
2625,1365,-1
2047,1366,-1
2304,1366,1
2306,1366,-1
342,1368,-1
343,1368,1
2030,1368,-1
77,1371,-1
78,1371,1
168,1371,-1
550,1371,-1
632,1371,-1
1637,1371,-1
550,1372,1
2059,1372,-1
2348,1373,1
2349,1373,-1
1707,1375,-1
2064,1375,-1
2065,1375,1
88,1376,-1
2066,1376,-1
2234,1376,1
740,1379,-1
2072,1379,1
2073,1379,-1
1913,1380,0
2071,1380,-1
2072,1380,-1
2074,1380,1
324,1381,-1
671,1381,-1
2239,1381,1
2639,1381,-1
694,1387,-1
1559,1387,1
2112,1390,-1
2113,1390,1
2120,1390,-1
1832,1391,-1
2101,1391,-1
2116,1391,1
2105,1393,-1
2118,1393,-1
2119,1393,1
2114,1394,-1
2121,1394,-1
2122,1394,1
2115,1395,-1
2123,1395,-1
2124,1395,1
60,1396,-1
61,1396,0
88,1396,-1
2429,1396,1
924,1397,-1
2432,1397,-1
2433,1397,1
923,1398,1
924,1398,-1
2433,1398,0
88,1399,-1
1481,1399,-1
2439,1399,1
427,1401,1
434,1401,-1
2195,1401,-1
372,1402,-1
373,1402,1
2276,1402,-1
22,1405,-1
23,1405,1
2276,1405,-1
1896,1406,0
2061,1406,-1
2134,1406,-1
2136,1406,1
1053,1409,-1
1274,1409,0
2128,1409,1
2363,1409,1
2507,1409,1
2138,1410,-1
2498,1410,-1
2499,1410,1
645,1411,0
1487,1411,-1
1512,1411,1
2138,1411,-1
2138,1412,-1
2146,1412,1
2368,1412,-1
1285,1420,-1
1365,1420,1
1373,1420,-1
2190,1420,-1
529,1427,-1
529,1427,1
497,1428,-1
1243,1428,1
2162,1428,-1
24,1429,1
2102,1429,-1
2610,1429,-1
2015,1430,-1
2018,1430,0
2163,1430,-1
2164,1430,1
2017,1432,-1
2163,1432,-1
2166,1432,1
2167,1434,-1
2168,1434,-1
2175,1434,1
744,1438,-1
1332,1438,-1
1334,1438,1
505,1440,-1
1192,1440,1
1344,1440,-1
843,1441,1
853,1441,-1
1637,1443,-1
1637,1443,1
88,1446,-1
131,1446,-1
642,1446,1
1746,1446,1
636,1447,-1
637,1447,-1
2200,1447,1
311,1448,-1
313,1448,1
1696,1448,-1
1298,1450,1
1300,1450,-1
1306,1451,0
1324,1451,-1
1632,1451,-1
1633,1451,1
1696,1452,1
1697,1452,-1
1726,1452,-1
576,1453,-1
1730,1453,1
1749,1453,-1
904,1455,-1
2475,1455,1
1477,1457,-1
2138,1457,-1
2139,1457,1
365,1458,-1
1706,1458,-1
2208,1458,-1
2210,1458,1
46,1459,1
88,1459,-1
778,1459,-1
2347,1459,1
2349,1459,-1
18,1460,1
2364,1460,-1
1401,1461,1
1402,1461,1
2544,1461,1
2551,1461,-1
142,1462,-1
142,1462,1
1283,1463,-1
1283,1463,1
2364,1463,-1
2486,1463,-1
88,1464,-1
907,1464,-1
908,1464,0
909,1464,1
1782,1464,0
46,1471,1
81,1471,-1
81,1471,1
88,1471,-1
634,1471,-1
634,1471,1
1403,1471,-1
1403,1471,1
1823,1471,-1
1823,1471,1
1968,1471,-1
1968,1471,1
2590,1471,-1
1842,1475,-1
1843,1475,1
88,1476,-1
843,1476,-1
847,1476,1
1973,1477,-1
2179,1477,-1
2183,1477,1
46,1479,1
88,1479,-1
2182,1479,0
2183,1479,-1
693,1482,1
694,1482,1
2075,1482,1
2091,1482,1
2192,1482,1
2335,1482,-1
429,1484,-1
432,1484,1
2194,1484,-1
1581,1485,1
1582,1485,-1
1592,1486,-1
2195,1486,1
2178,1491,-1
2204,1491,-1
2205,1491,1
1852,1497,-1
1854,1497,0
2636,1497,-1
2639,1497,1
82,1499,-1
719,1499,-1
2220,1499,-1
2221,1499,1
401,1500,-1
402,1500,1
1917,1500,-1
2222,1500,-1
1852,1504,-1
1854,1504,-1
2295,1504,-1
2296,1504,1
88,1505,-1
1482,1505,-1
2436,1505,1
46,1507,1
88,1507,-1
704,1507,-1
1501,1508,-1
2274,1508,-1
2275,1508,1
88,1509,-1
756,1509,-1
2270,1509,1
2097,1511,-1
2098,1511,1
2276,1511,-1
1790,1512,-1
2289,1512,-1
2290,1512,1
317,1513,-1
2290,1513,-1
2291,1513,1
471,1514,-1
472,1514,1
1231,1514,-1
1792,1516,-1
2325,1516,1
2362,1516,-1
2191,1517,-1
2321,1517,-1
2322,1517,1
1627,1519,-1
1628,1519,1
2331,1519,-1
88,1523,-1
160,1523,-1
161,1523,1
186,1523,-1
18,1528,1
614,1528,0
2364,1528,-1
177,1529,1
1719,1529,-1
2373,1529,-1
88,1531,-1
1321,1531,-1
2444,1531,1
88,1533,-1
1488,1533,-1
2416,1533,1
2448,1535,-1
2449,1535,1
844,1537,-1
845,1537,1
2227,1537,-1
706,1538,-1
2464,1538,1
2522,1538,-1
1569,1539,-1
2466,1539,1
2522,1539,-1
665,1540,-1
2464,1540,-1
2465,1540,1
1118,1541,1
1120,1541,-1
2543,1543,-1
2552,1543,1
2554,1543,-1
1401,1544,-1
2471,1544,-1
2472,1544,1
7,1546,1
2469,1546,-1
934,1548,-1
2469,1548,1
918,1549,-1
2478,1549,1
1110,1550,-1
2477,1550,1
1402,1552,-1
2472,1552,-1
2473,1552,1
1114,1556,-1
2481,1556,1
1243,1557,1
1245,1557,-1
2481,1557,1
1166,1558,-1
2482,1558,1
12,1561,1
194,1561,-1
2483,1561,-1
1237,1564,1
1239,1564,-1
88,1566,-1
162,1566,-1
164,1566,1
2371,1567,-1
2486,1567,1
46,1569,1
88,1569,-1
509,1569,-1
46,1570,1
88,1570,-1
512,1570,-1
1953,1570,0
1950,1572,-1
2517,1572,-1
2518,1572,1
1956,1573,-1
2517,1573,-1
2519,1573,1
2517,1576,-1
2517,1576,1
2520,1580,-1
2520,1580,1
973,1582,-1
974,1582,1
2548,1582,1
2545,1583,-1
2545,1583,1
1880,1584,1
2532,1584,-1
2485,1585,1
2536,1585,-1
2537,1586,-1
2538,1586,1
20,1587,-1
2537,1587,1
1102,1588,-1
2554,1588,1
2543,1589,1
2553,1589,-1
1249,1592,1
1251,1592,-1
2556,1597,-1
2557,1597,1
2554,1598,-1
2555,1598,1
1089,1599,1
1091,1599,-1
1206,1602,-1
2558,1602,1
778,1604,-1
855,1604,1
1707,1604,-1
2560,1605,-1
2560,1605,1
88,1608,-1
1870,1608,-1
2438,1608,1
2577,1609,-1
2577,1609,1
579,1611,-1
580,1611,1
1710,1611,-1
609,1612,-1
610,1612,1
609,1613,-1
609,1613,1
609,1614,-1
609,1614,1
1029,1615,-1
2554,1615,1
2609,1618,-1
2609,1618,1
840,1619,-1
1570,1619,-1
1571,1619,1
11,1620,1
88,1620,-1
605,1620,-1
606,1620,-1
615,1620,0
1291,1620,0
869,1621,-1
870,1621,-1
2068,1621,1
2619,1621,1
1497,1622,-1
1498,1622,0
2620,1622,-1
2621,1622,0
2622,1622,1