139,534
400
215,355
580
392,410
465
45,133
546,706
215
577
843
105,145
462,522,729,744
269,312,530,535,856
615,798
827
20,22,36,42,182,196,250,299,379,440,451,488,523,551,571,577,629,658,682,730,764,769,775,804
458
716
492,787
277,493
358,805
232
437
96
563,745
576
231
516,557
386
615,671
670,796
864
73,175,276,333,409,703,791,835
2,362
668
238
126,197,353
7
354
100,425,543
623
578,759
330
636
433,627
113
144,402,511
106,170,418,655
185,405,408
682
348
237,392
51
95,290,327
274
88,491
277,433,478
563
338
111,207,212,219,448,496,647,823
393
389,745
326
620,815
512,771
214,392
9,441
43,828
394,585,736
76,257
103,209,322,616
491,669
551,666
216
549
168,289,465,541,609
392,533
23,244,513
327
198
528,677,723,731
560
23,244,770
27,782,857
498,863
240,295,509,624
466,697
140
525,692
305
518
95
32,746,769
13,292,443
541
67,858
378,762
352,403,438
56
644
653
391,819
32,36,196,299,451,523,577,682,769,837
537,547
857
817
82,429,631
675,848
26
635
454
201,358
204
73,91,94,171,254,333,346,423,510,553,586,676,687,703,704,785,835
259,392
124,392
380,671
479,544
61,177
59,392
637,847
307,392
22,42,488,628,658,730,764,775
315
214,702
679,763
527,558
72,606
125,745
240,509,624
164
540
198,227,236,338,607,817,836
371
358,700
137
7,859
819
154,435
136
392,860
317,469
202,818
23,244,672
2,811
392,474
323,422,738,760
503,524,664
351,369,591,754
452
22,36,42,182,190,196,297,299,379,440,451,488,494,506,523,571,577,629,658,682,730,764,775,804
36,110,839
375
467
22,36,42,182,190,196,297,299,379,440,451,488,494,506,523,569,571,577,629,658,682,730,764,769,775,804
340
598,828
210,571
747,848
173,481,693
22,36,42,182,190,196,297,299,379,440,451,488,494,506,523,571,577,629,658,682,730,764,769,775,804
326,690
468,600
514,526
164,626
458,752
499,584,696
364
290
32
357
356,480
159,392
40,55,87,618
222,746
36
284,561,822
319,842
46,48,265,324,328,401,471,487,801,834
445
117,753
317,363
140,430
255
332,580
594
739
58,452
392,680
27
155,202
187,287,570,650,768
392,813
294
4,741,865
508,653
23,244,479,544
667
240,400,624,716
268
308
238,691
240
241,343,545,851
104,196,523,746,769
186,331
82,608,631
277
243,565
51,622
44
710
13,170,292,418
392
619,662
16,404,726
175,333,464,687
218,358
60,309,421,426,654
152,221,336,431
11,753
532,558
196
134,169,504
536
482
595
708
392,776
72
497,558
549,821
39,80,92,150,407,472,756,800
65,582
554
132,651
187,188
686
392,638
36,299,577,682,778,837
358,548
217,392
558,575
564,761
102,179,531,844
47,558
131,392
558,680
483
56,746
542,610
60,309,426,654
29,827
178,500
23,244,773
15,31,479,517,544,683,830
107
148
83,449
53
91,333,346,409,728,784
306,395,412,521,689,786
75,358
23,244,361
236
351,369,573,591
21
392,713
331
590,753
382,838
375,699
79
624
160,501,812,820
0,519
180
236
313,605
91,176,387,630,639,703,788,840
271,331
635,727
255,484,685
359
818
607
582
109,174
544
621
250,602
560
182,235,379,440,629,804
65
17,562,718,814
376
377,411
433
767
136,234
116,393
266,358
65,252
247,829
67,707
310,777
193,246,263,774
525
777
358,587
544
495,643
71
229,694
180,574
836
172,260,416,463,486,772,861
54,184,295,385,641,781,797
50,832
358,712
78,280,455,476,642
91,205,687
34
5,10,552,603
659
166,390,568
478
67,858
253,281
85,358
601
161
99,149,556,634,809,825
558
20
24
803
213,643
122,220,332,570,580,766
373,780
392,413
147,189,665
661
285,468
255,599
251,293,453,507,566,652,757,783
398
93,270
66,318,520
58
119,544,765
155
360
649,705,765,795
273,432
392,532
368,567,743
188
574
570,841
199
267,306,339,833,862
380,798
62,570
101,256
19,34,454,482
392,529
25,392
200,771
146,611
108
751
191,858
442
311,793
768
366,374
89,151
384,719
392,485
137,286,420,580,613,678,734,850,855
280
156,769
38,86,434,482,826
461,667
602,783
223,392
63,288
57,749
234,371,428
105,790
213,843
149
70,321,633,831
609
358,555
1,123,249,735,807
98,651
33,84,226,261,270,272,334
358,473
180
22,36,42,182,190,196,297,299,379,440,451,488,506,523,571,577,629,658,682,730,764,769,775,804
724
72,137,850
129,274,369,594,668,681
850
436,753
0,519,549,821
446
6,30,108,412,455,640,689
258
358,808
632
157
67,302,572
439
648
674
227
74,320,810,816
233,275
35,358
242
457,460,592,711
264,392
73,142,254,346
459
727,843
294,846
149,467,556,634,659,825
490,558
38,245,417,581,617,625,758
