2153
149,1867
2908,1676
3255,3256
1162
2983
2056
4329,1013
2606,342
2705
1719
4294,287
3501,3499
1435
1673,928,1672,2024,650
1488,946,971,568
4475,4477,4478,4476
2470,2486,2469
2355
3198,3209,3217,3212,3211,3220,3203,3197,3202,3213,3199,3206,3200,3210,3207,3204,3196,3219,3201,3214,3205,3208,3216,3215,3218
406,2198
1119,574
793,758,754
3581
1612,1662,3101
2097,2105,2111,2086
1147,1146
4125
1620,4289
582,580,2306,2295,2305,3537,1595,383,586,1594,1119,1124,1120,2303,583,1123,2300,2314,2307,1834,584,1118,581,585,2435
2624
3002,3965
3829,3828
2158
2613,2433
3381,3229
2027
953,952
3036,3038
672,928
3528,1018
950,2161
4015
2881
1888,2636
268,1374
3459,2864,3330
1834
1374,1373
4176
3050
3432
1739
265,259,264
1721,3859
1460,2699
1425,4466
3320,3317
2499
4062
2402,2401
318,3443
3065,1757
1554,1314
1629,3382,1626,1637
2448
2114,3835
3567,3443,955
85,83
2613,2582
2256
4006,4064
4021
2542,3856
1842,1569
3474,3943
2711,2708,2709,3155,2706,2710,2705,3094,2707,791
2361,2363
4067,760
1840,1847,1837
1253
2722,1709,706
71
2046,2295
2146,2182,2151,3104
1690,2436,2295,2398,1594,2304
588,1752,496,797
945,944,932,647,895
1568,1562
2086,1638
1018,233
926,832
535
1286,2740,1251
967,978
2374
1697
684
908,59
1998
4282,330
142,4273
2033,2633,182,2531
1647,2992
1251,2811
1532,1477
3080,3433,1873,928,3432,2028,701
2733,1251,1186
269,2908
870,978
3008,3007
770
2772,216
2367
1351,299
1295
1294,1291
4201,1374,1665,693,152,2463
1052,1053
1470
1255,209,1460
1382
527,525,523,524,510,506,517,514,528
1379,426,2698
2672,2674
3122,4274
667,6
1530,1308
3488,1492
1552,4141,2468
280
4247,2992,4132
3917,2476
2723,3443
3326,1030
2702,2703,2701
3624
1623,1180
3483,3962
4268
4059,21
657
3957,1486,1096
1461,1226,1344
2007
4273,203
561
1117
3227,3250,992
3005,336,775
1103
2868,804,790,3131,1594,2422,3033,648,2901,2870,2837,2423,175,809,649,2839,2435,2420
4086
2056
2490,2489
3928
4282,316
3738
1349,2413
2635
3956
2904
866,2089
4499,123
2762,1379
2478,2480,2481
2721
3583
4031,3945
1927,3918
2058
3134
2862,3042
2016,2014,2013
993,3771
48
781,1622
3064,3965
3248
3020
454
2310
4193
1344,3941
336,3011
3065
2352,2358
659,3837
1979
1537,3055
485,3430
1379,2816
2951,2945,2947
3577
2364,3601,2365,3797
3384,3961
4057
573,570
354,1953
1003,997
3160,2619,1937
623
1152
3640
3916,1917
1559,1560,1558,1697,1561
892,3461
2585
3824,3465
919
3262,3044
1699,1700
286,3943
493,3099
1206,2446
3342,610,484
3582,2993,3585,3584,3589,3586,3587
2733,1187
978,743
312,3943
3152,3636
2542
3468,3466,3469
3144
2883
4289
3305
574,1222
2023
340,769
4273,599
4333,1393
2214
4346,129
3839,2544
1912,1913
4328,3670,1375,3671,4372
414,417,3939
2113
415,1538
650
4322,3707
386
3665
478
877,881
1724,1855
1757,3122
2785,2783
2150
1607,1611
1745
471,3725,1492
3166,3971
1348,936
1251,569
1868,2577
1844
2082,2077
2638
2632,2629,2631,2630
1967,406
2669,1379
2782,2785
3582,4313
3093,4471
3882
4297
3574
2819,1379
1757,3000
406,4255
1475,2718,1474
2436,580,2306,2295,2305,2398,1595,2118,383,2122,3524,1594,648,2303,1596,2304,2300,2314,2072,1118,649,1690,2119,2422,490,2435,745,2420
4161,4062
4104,4096
1401
4021,424
29,2091
424,3600
610
1270
4444,2646,3691,4443,3669
2099
1830,4062
1835
1757,3125
2763,649
216,220,219
1871,2541
2965
3976,4100
1262
1006,1007
1966,967
1141
4214,1677
945
3047
916,914,910
2704,4321
3966,286
2368,2766
2253,1803
3824,2542
511
2535
2202
3000
84,3934,347
2542,3854
407,834
1399
4248,2705
793,3371
2168,2160
4281,1344
2433,336
2464,4023
3891,3721
2395
4137,3058
4241,4242,4243
2571
1840,1836,1839,1837
968,954
108
2164,2178,901
1835,4169
442,441
1188,1221
2418,3664
3645,3689,4396,4431,3758
961,3443
2186,3307
228,2950
3042,3443
2897,2898,2899,2896
2948,2946,2951,2945,2947
1432
1651,3917
1260,1258
3943,891
4464,4321
1743
850,2086
3032
575,1594
4211
2806,2804
1778
1184,3562
297,2433,2394
2663
2191,1965
1707,3947,1063
1637,1630,1626,3382
2874,1890,2240
560
3958,1099,1486
3102,1187
575,1592
1251,2669
485,3342
22,2109
427
1303,439
1431
4449
1413
1869,2578
1272
2458,2370,2457
4018
2156
2425,2395
339
1379,1283
1601,1757,3000
1686,4213
248
113,3230
1660,1654,1658,1668,1664,1657,1655
3382,1630
41,39,37
2201,402
713,712,723
2953,2954,2952
4065
2806,808
4336,110
1879
3325
4174
4009,1936,3814
1461,2691
3640,262
2301,3476
2087,1430
3484,2572
4230,1355
672
3374
1119
1665,693,2463,1374,268,152
3084
3042
1624,4349
4500,122
2910
4130,2992,4247
2427,1192
820,2105
3900,4398,3743,646
4404
424
143
1699
1738,3190
848,839
2770,1379
3144,1008
136
1757,2580
1612
3945
23
1477
495
2584,3965
1452
2394,2367
3443,303
3875,3876
2002,594
19
257
1379,2808
2208
1285,2332
2534
3012,3988
1737
3012,3986
1878
1379,2651
1750,1749
569
2048,3349,2061
2872
693,3051
219,216
3022,3023
1576
4135,4127
741
2775,2837
2628
4457,1703
493
3057,3394
1638,2105
3541
540
3064
3443,2866
596,2087
2841
490,216,220,219
2894,2893
2763,648
2609,342
2106,1436
3380,1553
3110,697
3994,3996,3995
3376
3846,3845
2210,2207
3091,40
4134,4127
2188,3953
1888
598
2005
2245,2244,2758,2243
4294,298
747,3316
1246
820
2449
4342,3588
1067,1073,1064,1059
3368,1213
3830,2108
69
1258
2801,1251
2114
3248,3245
63
1585,3960
4146,4147
3534,3533
3779,3770,3819,3681,4370,4405,4495,4366,4415,4365,3788,4438,4491,3753
2250
1987,3597
1551,1546
3943,297
125
1827,1825,1826
3963,3784
1541,787
1702,4404
4068,4087,4055
1609,3334
2545
869
1522,1813
908
1532,1480
2580,1354,890
460
2031,2029
2004
3428
2151,2146,173
1933,1926
1415
2098,2087,2112
1675
1213,2427
2620
2207
1742,1744,1743,1745,1741
3268,1108
3952,2190
565,563
1154,312
1357
1154
155
2417,2416
3036,3058
4096
2886,914
3015,2191
2540
121
628
3636,2922
3306,3323
1077
1223,569
1926
3814,1598
4
771,1818,375,3685,3159,368,366,2645,764,2644,1516,2598,3591,377,784,3167,140,3387,757,361,373,786,376,1015,768,780,364,3695,447,3385,1016,372,1390,3157,776,785,2601,365,1176,2622,2599,276,2225
1398
1600
3259,1792
3600
616,617
1251
88
3593
1073,1058,1059,1067,1069
4257,4160,4148
2778,2872
3460
932
978,1683,2226
1823,3814
4468,2215
789,840
1160
493,437
535,1843
3169,3193
1251,1186
862,3272,3269
4273,3065
1266,2215
3943,336
3686,3553
2866,2614
1483
1564,3997
1486,1096,1095
91,93,90
4058
2433,399
3474,2018
166,165,3972
2634
4124
3739,3639,3676,3795,3682,4366,3790,4426,3661,3822,4375,3895,3649,4394,3604,3892,3796
3346,1666,410,3307,3341
4306
76,498
56
3062,2721
1358
53,1319
47
1325
1426
1589
870
3100,2464
2971,2965
1597,1936
3246,979
3602,3760,3705,3679
1509,1514,1513
708
3177,3182
1843,1841
4373
3456,3568
466,465
3964,4410
2473,2541
300,2407
452
39,41
3636,2700
2541,1872
519,555
2383
3612
1135
686,4265
2383,2549
1220,1224
1287
4340
1003,982
1966,3144,1009,2398
353,103,2200
1393
555
2006
793
1726
2394,1221,430
4056
1628,3382,1637,1626
2524,2521
754,470
986,996
3492,686
4175
1814,1524
4082,432
4211,202
706,2331,2868,2870
3012,4249,1009
748,749
454,452
2201
978,1928,2231
1347,4232
283
2542,3832
3648,3951
2690,469
1564,3931
1243
2741,2749,2739,2742,2737,2731,2746,2748,2743,2747,2744
2069
2273,108
2467,1344
1953
1883,1884,1886
3664
1319
4277,4258,4260
2450,3916
2465,2485
187,371
3042,3041
667
3910,2638
1003,1305
694
163,3973
233,285,1018
2146,2151,1027
2697,1853,1829
2367,2395
3836
2612,2582
2795,1379
323,2433,2394
3271
3192,3195
3563
4217,4211
2201,2195
1427,2098
3986,2573
2939,2940,2944,2938,2943
4144
2636,1014,2776
3366
4048,4153,2989
129
1979,1974,1976,1977
1772,1780
1867,147
2538
1488,568,949,971
118,1528
1264,266,468,3378,2553,128,2915,1248,1277,2455,1906,124,1482,126,1304,2272,2567,1511,2985,2548,841,1157,3398,681,105,1330,169,1259,3513,95,2562,618,1274,783,2137,2912,359,1765
1379,2650
2543,2500
4362
296,295,294
3530,1742,1743
3500,3506
1167,1168
3377
161,162,160
1902,1903
1379,2759
4005,4154
1481,1480
4199,4192,4196,4194
3032,2928
690
3481,3503
1417
3319,3321
475,1719
2575
4474,3576
4384,4331
188,137,739,1148,2221,102,664,2547,546,1145,3163,2277,1239,638,2920,550,1326,2917,539,1392,1231,2083,726,710,453,1405,552,489,554,735,526,3149,2257,1485,1328,2263,729,556,846,1323,732,1321,2970,2284,118,2279,1408,2219,3191,2555,1411,2224,508,1142,1865,1320,3222,737,1316,1952,1775,1500,2275,2255,541,1306,457,446,2081,3194
3912,2697,1853
1687,4273
2847,336
1698,3884
881,878
2065,216
2419,3664
2098,1042
1937,3160,3161
301,4282
1345,320
3356,3357,3358,3355,3359,3354
4460,2362
3103,3477
70
12
1000,1487
345,143
1226,934
933,942
2627
2108
2863
1610
4385,4387,4382,4386,4381
495,697
2464,3100
3531,1853,1829,3611
1767
1984,1985,1977,1974
3443,3258
1003,1526,1305
3195,3189
1769,2775,2901
131,35
4059
3610,3609,3608
4156
2772,217
3999,4001
387
1729,1955
2629
4072
1381
1435,1433,1431
4036,3375
4184,4183,4208,4210,4206,4186,4185,4207
937,2399
3349
216
1043
4084
3883,2542
1966,1456
1550,1545
1767,3764
490
388,3490
108,2268
2071
669,3162
656
2777,335
3912,4143,2697
4025
2705,4321
2653,2657
1251,1215
1257,1379
2471,2921
587
1272,1270
1651
339,2394,1221
1965,1001
165,166,164
4223,2296
2513
2581
2761,2775
1965
1966
1635,1634,1636,1633,1625,1632
4240,336
1563,1565
2037
4231,4233
1260
2727
1001,1523
2264,2261
4419
938,2399
3809,3581
2583,4155
3508,3233,4033,4111,928,243
1762,1764,1763
609
201,367
1610,3107
831
727
173
2106,4303,1427
3150,4482
1783,3670,3671
3057
3036
799
804,2775
3055,4473
1486
1927,2227
1251,3816
2864
1965,2350
4053,4123
493,891
2311,3781
2318
4040
2075,1371
1388
109,2010
1115
817,2086
3283,3569
1925
4159,472
4251,3490
521,540
794
1189,4285
36
856,855
3270,3393
965,960
2389
1425
1744
2262,2250
2520,2522
232,336
2667,216
2506,4118
3638
4310,404
3103
1345,400
2070
636,635
242
2045
1191,355
1467
2502,4209
2145,2921,62
1252
676,683
1471,978,928,2027,1927
4372,3560
1480
1453
3431,3150
2687,2685
3989,3991
4140,4138,4139
2046
1344,4129
2089
391
423,1531
1189,3102
591
3123,3126
3465
2657,2652
2865,3009,2717
399,3015
2443
4306
4260,4277
804,809
3019
2189,2201
3502
1461,3122
1653,1133
1797
2885
3036,3443
381
3566,1606
1536
930,1466
118,1529
342,362
1068
198
2541
2870,2868
4248
2302,2294,2299
3561,1375
2574,1468
3568,2043
456
3473,2385,3497
1146
2869,2871
1843,564
1716,1711
53
3948,297
2580,893
2149,2146,2151
487,754
1583,1584
2450
4012,2394
471,2655
4141,2585
3932,912
1602,1564
576,2658,577
2182
2029,3173
2305,1469
1691,684
1345,2193
2876,3413,3405,3408,3414,3415,3411,3404,3412,3409,3406,3410,3407,3416
1677,1680,1679,1681
561,562
3844,2090
2699
805,2785
187
920
4198,4202
408,4027
671
1564,1604
1676
0,4321
1355,4230,2398
241,242
4257,4160
4288,3475
3569
519
3597,1977,1783,4467
1212,1221,3551
134
1197,2266
3341
2621
1251,2808
3465,3832
3258,1235,3594
2415
4094
55
2166
1414
2564,2569
4216,1607
2574
3746,3909,4418
1219,1221
2813,2815
967,3138
3262,3042
3851,3332,1904
562
4285
3069,1343
4175,1492,472,4026
2614,1357
1385
3948,323
235,238,236,80,79,239,234,237
2182,2146,2151,1038
3042,3058
2322
928,2025
3069
65,2023
1616,3963
2394,1349
4254,1962
877
2863,3919
1567,1566
240,4337
471,3725
1979,1171
1346,936
1228
1322
1988,855
2265,1518
1055
3567,955
94
4316,3150
342,1966,2606
1714,2233,4212
2502,2503,2504
4223,2297
754,794,4004
1427
487
4317,3671,3670,1375,4372
3637
571,574
597,598
4227,399
2992,200
3781,3582
2580,298
880,877
2814,218
1879,1782
1318
1978,1979,1977,1986
135
4175
1486,1082,1083
399,4228
978,1927,2226
2544
192
1536,2425,793
3473,3501,3499
1966,1455
2786
3594
706,2722,3090
470,754
1521,1520
845,789
1844,1649
985,995,978
3423
4294,2992
2760,2775
3929
339,1213
2174,2176,2175
2065,2773
2988,3470,3156,802
3150
1953,3052
1325,2528
2134,1748
3366,3917
1267,38
2847,378,336
4161
2962,2120
3095
4063,4060,3913
2496
4096,3039
1029
852,3519
804
909
951,967,966
2734,2742,2753,2735,2731,2746,2748,2750,2739,2737,2752,2736,2741,2749,2743,2747,2751,2738,2745
2910,3374,3232,1673
3871,3870
619
2011
3093,2045
62
1428
1873
649
4115
2308,803,54,3129,923,16,1942,1265,929,2241,146,2623,849,837
1853,1574,3912
2862
3839,659
2058,2905
522,520
2662,1379
1361
924
1246,1276
170,171,167
3418,3434
121,4501
3151
3827,64
945,944,932,2395,898
4002
2508,2509
3859,64
1221,1196
2206
2984,2983
2638,1218
3153,2700
2771,2869
829,4153
4153
1726
3308,4424
3283
4278,3988
2016,2014,4085
2289
2407,302
1962
2298,1221
558
2008,1318
2113,2906
2252,448
1492,3495,3103
1742
3349
450,1225
2439
4458,2344
3458,4218
1281,1379
3006
1578,722
4291,1402
267,3058
1314
2058,2773
1312
1165
2440,2146,2151
591,1963
2907,978
3232,673
1815,1527
4042
2273
4062,4064
1036,1032
534,2089
612
3331,3329
861,2335
190
397
3104
1203,1207
2580,400
2162,2172
1710,1715
2053,1572
2116
2856,1379
4145,2585
270
3015,323
1708,1728
3271,493
1914,1908
3903,2361
4074
2682,2679
2780,1379
1254
2799,1120
3364,3276
3154,3384
286,3959
3464,1170
2394
1226,1344
3122
3508
2675,4372
855
297,1153
2851,1925,987
969,1254
2506
1769
4203
904
2853,1379
3039,3914
78
2153,2147
1187,355
52,1505
1042
2100
3419,3261
1677
891,1350
2514
342,2345
2082,2079
1536,1613
3001
2413
1852
968,714
3002
3119
1600,1604
2105,824
1702
1379,227
3826,3825
1757,4294
1689
1030
2129
1688
542,553,537
1394
2921,2145
271,3232
3917,2030,3029
2989
627
950
1599,1597,3349,1577
2625,2626,1661
3165,3164
2368,4013
1535,2499
3300
139,1614
1140
2968,2972,2971,2973
660,663
950,3443
4321,2397
4088
2054,3349
3463
3066,4307
3150,4319
2498
2493
884
1471,978,1928
2289,2223
889,3955,1344,4281
3381
1932,148
1305
1588
1217,1221
1839,4062
326,1345
515,549
2
693
3664,2417
574,1118
2239
3665,2514
3105
1497,1495
3330,2935
3928,2540
1494
1354,891
2414
1424,176,1915
2129,2131
2775,4248
81
3443,2614
4108,4076,4110,4097
3112,3113,3111,3115,3114
355,1190,1209
4039,4040,4044
4482,3150,2215
4379,3706,4490
533,598
1638
1726,2768
3954,4164,3747,4150
2349,2347
1068,1731
3016,3014
1355,1227
697,3231
808
1781
569,1379
3505,3480
2367,1968,1819
286,2433,2394
297,3959
1620,4232
807,574,1729
4225,579,4246
52
889,1344,4281,3955,647
3136
1955,2654,654
3330,267
1379,2811
1476
558,511
2037,4137
1833,1832,1831
1735
1263
2937
2594
2886
1784
4219,697
2446
115,111,114
4324,1853,1829,2678
3912,3531,4143,3611
4101,4155
4235
163
3976,4190
727,728
2294,225
2987,449
1945,1003
2566,2565
1245
3923,3925,3924
872
889,3955
2146,2151,71
277
834
920,921
1569
1650
3055,2534
3955,889,4281
4188,920
1193,2265
3345
1228,1230
861
3327,485
3341,1030,3346,2842
2335
3443,2096
1671
1870
3039
4201,4315,693,2463,1374,4081,152
991,799
2238
620,1412,434,451,3521
999,3280,998,3674,3773,1476
3855
4128,312
1958,754
2376,2375,2378,2377,2457,864,2458,2379
289,2407
2780,1251
1927,2228
3038,3145
3777
2656,217
2319
595,529
2327
1917
3350,2051
1272,1267
2146,3429,2151
1702,4459
903,2070
4435,3719,4378
2424
1120
3507
190,2146,2151
1864,2449
103,3950,353
887
404,3282
4261,4273
3815,2058
282,1576
3482
233,3527,1195
4099,2696
666
2151,198,2146
824
269
3866,2114
4045
1606
648
663,766
1213,2732
1209,1221
4479,2895,1761
2930,343
2672
191
2775,2869
1190,355
2677,4325
4232,1345
4181,4182,4186,4184,4180,4187,4185,4183
2839
257,265
2432,2429,2431,2430
2350,2433
1171,1174,1172,1175
2900,3597
2884,1894,1920
1661,2626
2078
4189,1960
2002
1118
4024
458
2785,2839
2788,2787
1727,2769
968,2389
2318,2106
1379,1286
3444,3445
4295,2464
2151,67,1678,2146,1337
4091
1648,338
4033
306,309
635
3614,3722
1824,2721,2069
613,1299
314,4294
3989,2408
2765,813
1032
3877,2090
499
1585,1586
1194,2265
624
1379,1186
324,325
999
738
1914,1909
1329
3424
69,2146,2151
134,135
1315
882
815
2183,3505
3124,967
4232,3648,3949
2050
515
204,135
2741,2739,2745
3541,4351
112,4497
3775,3641,3712,3785,3714
1746,3259,1792
3862,3863
2404
3150,1266
286,1153
3838
629
3967,933
1024
2039,2204
3102
2546,2382
3574,3572
1590,754,1536
2775,2901
1756,4000
1027
144,2394
336,775,3005
883
1803,3311
198,967
3929,564
3594,4220,3272,862
1121,3520,3745
684,3492
933,3968
2299
1525,1814
2461,2483
3150,4330
1040,4002
557
697
1361,3859
3029,3443
2107
388,3383
499,853
248,2792
224,3367,1670
1168,2873,1172
2114,2090
2082
430,1213
3179
1604
314,319
1800,1315
1595,2437,834,833,832,835,1834,2435
2580,287
2038
930
4110,4097,4108
2825,1251
157
3577,3588,697,4341
3564
1927
1959
509,538
4299,4300
967,88
665,2097
4054
2278
77
28
2539,2106
1056,1055
1218,355
910,914
3584,2057
4376
1128,1126
1842
4234
3476,3927
94,89
3943
2110
789
3073,3109,3074,3079,3072,3075,3078,3077
854
2394,4221
3593,417,414,3914,3939
2061
225
2076,1372
3070
1683
4298
4191,4197,4193,4195
2979,3107
67
813
3673,767,2850
1202,1812
3245
1493,1492
615,2775,2313,1019,223
2955,2954,2957
66
1001,1966
531
2009
1780
4335,2368
1944
382,3323
754
1434,1432,1436
1266
2475
3080
3015,312
2097,1643
1420,3
2002,914,624,2886
3966,323
2151,2146,2443
3429
3793,3812,4399,4425,3780,4429,3667,3898,3643,4371,3704
4289,1631
2106,2087
1134,779,1927,978
1308
4203,2541
702,703
24,25
459,458
1462,943,3118
844,847
1379,3816
4320,2369
59
1851,4005
2336,2334,2333
2316
2948,2955,2957,2954
3443,3038
2133,2130
2705,2604
1947,4348
4348
622
1852,1926
4472
1799,1802,1801
1537,415
3281,3279
747
998
4031
455
2759,1251
2913
3166,3965
3106,1888
2433
4470
683
2534,1531,602
281,2498,3020
2666,2668
717
4212,2234,1714
3847,2542
460,456
2663,2668
3552,3542
1601,1620
654
928,1929
3570,3043
2135
928,1824,2068,2320,672
3578
148
2080,2078
30
1379,2825
3395,3443
2530,2529
4205,2481,2478
3068,2058
1843
4035,4180,4187,4182,4017,2484,4016,4181
2948
608
2596
1028
3049,3048,3116,3117,2676
1638,1643,820,824
1154,399
338,3015
974,2251
1065,1076
147,2575
3302
1420,1422,1423
2187
3977,684
1643
3786,3904,3802,4485,3668,4433,3736,3754
4218
3229
1070,1069,1074,1059,1067
3239,695
3012,1564
3911
3607,248
621
3016,3013
2657,574
509
3431
4033
2966
2542,3862
3546,3555,3549,3556,3557,3545,3558,3547,3543
1581,1582,1580
1116
1038
607
4294,288
1626,1637,1631
415,3593,3035
4244,3384
4323,3613
1824,2070,2721
1242
2846,336
3872,2090
1698
2941,2942,2959,2958,2960
3424,2278
1436
724
440,3221
3485,4309
2712,2713
4095
11,4456
1090,1093
2982
2136,2135
1251,2698
271
2303,2295,2300
591,1962
391,4340
4131,934
2535,1272
2102,27
3182
44,178
2926,2927
2542,3858
2302
3831
3147
530
2340,3618,3619
2151,884,2146
3450,3452,3454,3448
4115,2107
1989,1992,1997,1995,1990,1993,1994,1996,1991
1783,1722,811
3361
3659,4397,4354,3650,3621
240,2095
2615,1345
3145
1379,2786
1291
2330
910,593
4056,2681
4046
2930,425,343
2984
655
2106,1427
2047,2726
2834,1379
738,717
1517,3389,3092,782
3504
3241
152
3137
2519,3228
4106
2184
3814,2066
64
2107,2087
1444,370
1187,4285
1782
730
2002,624,914,1547
4266,4273
2433,2191
2136
1017,2337
3474,3003
3054,3052
774,179
2191,13
1153,399
3168,4421,1185,1943,1384,788,245,2975
668
775,336
2819,1251
1643,2086
3034,3040,3046
2405
4305,560
1665
2657,2122
2664
1461,3335
2071,4096
323,3943
1035
1677,4215
301,1351
2620,1817
127,125,121
1108
4151,4149
1110,4040
1286,1251
2444
3304
990,480
2892,2889
3144,1000,1003
1486,1105,1104
3244
4188
672,978,928,1358
1170
1387
3282
181
3582,3708
2403,2407
1702,4410
1738
2502,2503,2504
2438,3130,1153,3417,2445,1357,3139,215,1154
2268
313,2580
3138
4034,531
2256,36
1137
2527,793,4347,754
2695,1379
3070,1783
3351,1941,3352
4143,4141
32,34,33,31
4107
1924
707,853
910
1251,2834
3503,2184
3443,4002
3098,3100
3042,386,3262
4028
222,1205
3232,4
1018,2655
3058,4463
1442,1443
2166,904,2179
2209,2212
472,4167
2527
1677,1930
2364,2365,4363,3797,3601
1432,4303
2089,2113
3423,1315
2856
1823
203
742
2440
2008
2505
2580
1195
3952,405
49
2194
2680,2683
715
2542,3852
424,3100
1700
2826,2827
2448,2093
2924,2923
1379,1284
1088,1085
2617,2616
313,4294
1404,1740
960,2036
2744,2743,2742,2747
4352,471,1492
2818,218
975
3340,1489,975,2557
2657,4222
410,3313
2882
3248,1135,1245
3508,910
1268,3150
1772
2923
2922,1025
3150,4480
2294
1776,1779,1773,1777
2925,2235,605,1717,1854,2442,2875,651,3026,2998,603,1820,2035,773,604,566,1696,497,863,1579,3188,2034,1695,3083,2692,1957,1694,972,2479,3577,1693,2724,2463,2292,433,3027,2213,652,138,653,2997,2694,380,3599,654
1851
2581,4038
4168,4061
1618,2932
58
2157,2374,2574,930
3605
2557
2253
2895,1761
3237
467
1347,4289
2824,1300
2570,2563,2568
2888,2887
2094,824
871
2112,1116
2032,63,2146
3322
4051,4066
347,1160
1766,614
110,127
2003,913
4465,707
2686,2688
4304
3636,1024
4450
1289,1295
4127,4133
1251,1215
3533
1344,3069
406,592
1736
4305,1467
914
1532,1484
1227
902
1741
1585,1586
3058
2727,3508
327,332
1730,1486,3970
4409,1977
427,4321
2462,796
4301
958,964
4080
665
3823
4294,299
2546
398,2201
3384,4284
1271,1266,1269
3433
1686
2534,1531,1242
2539
3857
4126
648,598
460,461
704
369,1879
403,3946
3619,2611
382
1507,1504,1508
1087,1084
1108,4419
4122
2866
685,1459
1344,3383
2098,1429
748
1036
1866,1863
1345,298
1003,1946
1172,1170,1173,1171,1168
2678,3912,4324,1853
1532
485,611,3342
661,662
1118,2657
928
3738,467
2151,2032,2146,63
1682
4481,3150
2979
3984,3985,4014
1154,323
286,3015
1287,3309
341
304,299
829
1673
2505,2011
4376,168
1867,2575
1856
1824,2071,2721
2302,575
1052
3231,4
2840
862,3256
731,730
3343
1163
797,2366
136,134
1484
693,4345
1290,1288
3447,3451,3449,3453
3259,1797
1003
3336
1587,1164
68
2302
877,4413
2930,343,4008
4047,4048
2146,2151,608
907
649,2420,2868,790,2422,648,2901,2870,2423
1956
862,3272,4220
3045,3577
3563,1748
2914,2913
4001,1748
549
4189
1492
3043
2992,2580
3917,1878
4232,1757,3000
1437,1879
3307,801
472,4029
1345,891
689,3087
3571,3573
2592
3303
2395,2696,180
2967,2966
1404
2413,2407
1948
2982,3463
1438
1345,4289
286,1154
4048
2497
125,110
1379
1251,1281
4282,290
470
3295,3292,3288,3290
978,3249,928
1374,1150
2183
2060
3346
3600,1329
658
2186
3959,323
483,482
2071,3179
3430
3042,2037
2163,2177,900
3246,3249
1344
1445
2201,2188
804,809,2839
917,914,910
1402,1310
3807,2757
4290
408
2397,337
2296,575
2576,455
853,741
1953,4314
2573
1882,3337
2273,2274
3298
2499,2058,3815
297,4128
659,3824
272,697
3287,3293,3289,3294
2477
3986,1856
3383,4226
2795,1251
1927,2087
338,3103
356
1606,2214
2476
2286,3423
3314,645
1379,1215
52,1510
424,3600,3581
2866,950
1182,2086
3175,967
3552
2545,2382
574,1223
3483,3479
144,3277
3474,2433
183,186,185,184
862,3272,3916,4220,3594
158,156
3152
1928,2230
1570,2539
1182
3605,2700
2394,3467
2407
1169,1979
427,1725
2077
311,310
1191,1210
2119,2668
3917,3569
3150,4338
3548,3543,3546,3544,3545
891,2433
3069,2693,1461
2523,2526
3554,3686
3806,2929
180
911,918,915
1251,1256
4296
647,1446
3810,2756
2632
3344
700,978
1800,748
3724,4175
3984,1988
1772,1778
1672
2668,2664
2741,2748,2745
557,512
3232,3241,3047
2311
2271
697,4341
1014
2398,1002
4299
1772,1774
2447
2090
288,1351
2822,1379
4128,338
76
2382
3837,2542
1030,3347
1026
2134
4073
3625,4420
4169
1848
3810,2757
4496,112
485
145,3278
4136,4127
1495
724,725
338,4312
3361,3353
763,761,762
2414,2016,2014,4085
3551,1519
4162
87
1003,1307
3949,1601,3648
854,1425
1081
656,26
312,2394,2433
2571,1461
2003
3917,2316
2409,2412,2410,2408
1312,1737
2321
1687
2121,744,2013,2015
3426
4502,127
934,2399
2482
1616,1617
1345,305
3058,3057,2037
1226
1816,2472
1153,323
3106
3364,3276
1846
1740
1415,1413
2470,2469,2466
1757,4306
1333,1311,1331,1332
4037,4071
3475,1165
2693
1342,1620
714
15
1429
3594,4220,3272,862,3037
3559,3983
38,2535
1663
777
357
3101,2608,3814,3349,4009
1414,1417
3970,1083,1486
2151,192,2146
858
709,708
265
1215,1379
4050,574,1729
3576
2286
2656,4222
1364
1647
2541,910
2149
2792
2801,1379
1276
1305,1527
205,831,3006
3636
1351,290
3150,1271
3042,3057
3990,3992
1400
3837,3465
3052
4295,493
800
2840,3307,3343,3346,3341
3390,3391
2100,3872
2044
2398,3965
4080,667,3925
3177
3286,3576
159,3578
645,1287
2549
2613,1349
248,2271
2388
2188,2202
4161,4156
2513,2368
2854,2855
2966,2965
3066
147
1571,1573,644
4022,2464
1526,1815
4236
4069,1379
1466
3377,3392
4372,2415
3085
1813,1523
971,1488,947,568
4132
1337
3429,2151,2023,2146
1267
700
1322,19
2572,3484
2299
1439
4250,1566
112,110
2542,3841
322,321
2042
475,472
141,2394
928,981,650
1486,1100,1707,1063
1999
3373,3372,3370
1154,297
2084
3620,4488
2299,575
1098,1486,1099
3859,623
2584
2542,3839
226,574
2087,1427
1082,1730,1486
954
347,81,84
962,956
1839,1836
709
99
2406
5,3286
1578,719,722,720,721,711,718,2474
4079
1721
3053,3310
3943,399
2725
1532,1483
4265
1110
1953,1828
3051,1697,240
1620,3012
979,3251
475
4292,892
3421,3422,674,3420
1283,1251
2502
3024,3025
379
38,587
2106,815
2182,2322,2151,2152
4461,2987,2252
4229,934
3119,4273
127
1533
4273
4304
205
743
1757,4131
1303
3943,2191
871,875,873
3486,2397
2750,2739,2742,2731,2748,2743,2751,2738,2745,2734
1552
2519
1037
4302
994,1489,3340,2557
2098,4034,928,1381
2324,2323
1600,338
988,977
3564,2106
2971
2891,2890
2250,2247,2248
3833,3834
3151,3636
2722,1041,705,3031
516,511,519
2357,2356
1251,2662
4249,1563
906,2407
3443,329
1153
2500
926,832,684
2969,2965
2992,4247
4143,3912,1574
3247
3236,1927
1229,1232
3443,4079
2488,759
1141,1117
559
1262,1263