0,0,-1
2264,0,0
3793,0,1
1202,1,1
1330,1,-1
2526,1,1
14,3,-1
15,3,1
1001,5,-1
1841,5,1
3262,5,-1
42,9,-1
1461,9,-1
1462,9,1
42,10,-1
1463,10,-1
1464,10,1
47,12,-1
867,12,1
47,13,1
48,13,-1
3199,13,0
51,14,-1
52,14,1
887,14,0
37,16,-1
46,16,1
1339,16,1
1341,16,1
1342,16,-1
90,17,1
187,17,-1
3295,17,-1
3728,17,1
68,18,1
69,18,-1
1969,18,0
771,22,-1
1897,22,1
78,24,-1
79,24,1
81,24,-1
2100,24,-1
1341,25,1
1869,25,-1
1870,25,1
3362,25,1
3363,25,-1
91,28,-1
94,28,-1
95,28,1
182,32,-1
3817,32,1
1322,33,1
3816,33,1
3818,33,-1
3822,35,1
3823,35,-1
1871,39,1
1872,39,-1
3362,39,-1
3363,39,1
3556,40,1
3557,40,-1
90,41,1
187,41,-1
2056,41,-1
3610,41,1
90,42,1
187,42,-1
2707,42,-1
3579,42,1
90,43,1
117,43,-1
187,43,-1
3583,43,1
90,44,1
187,44,-1
376,44,-1
3639,44,1
90,45,1
187,45,-1
3821,45,1
90,46,1
187,46,-1
3572,46,1
90,47,1
187,47,-1
1092,47,-1
3675,47,1
90,49,1
187,49,-1
1327,49,-1
3636,49,1
90,52,1
187,52,-1
1778,52,-1
3560,52,1
90,54,1
187,54,-1
481,54,-1
3585,54,1
90,55,1
187,55,-1
582,55,-1
3661,55,1
3657,56,-1
3657,56,1
3383,58,-1
3384,58,1
3683,58,-1
90,60,1
187,60,-1
3503,60,1
348,62,-1
3406,62,1
118,63,1
119,63,-1
3019,63,1
1759,67,-1
1760,67,1
122,69,1
123,69,-1
1820,69,0
1424,70,1
1425,70,-1
3776,70,0
122,72,-1
1760,72,-1
1761,72,1
2408,73,1
2409,73,-1
129,75,-1
130,75,1
3301,75,-1
134,79,-1
135,79,1
1489,79,-1
136,80,1
3838,80,-1
139,81,-1
140,81,1
163,81,-1
154,84,1
155,84,-1
938,84,0
162,86,-1
164,86,1
775,86,-1
2817,86,-1
175,91,-1
2770,91,-1
2771,91,1
176,93,1
178,93,-1
179,93,0
180,95,-1
306,95,-1
339,95,1
198,100,-1
201,100,1
193,101,-1
203,101,1
195,103,1
3378,103,-1
199,104,-1
200,104,1
3364,104,-1
202,105,-1
204,105,1
3378,105,-1
90,106,1
187,106,-1
3515,106,1
2533,113,-1
2534,113,1
3332,113,-1
2528,116,-1
2529,116,1
2403,119,-1
3524,119,1
90,120,1
187,120,-1
223,120,1
90,122,1
187,122,-1
265,122,1
90,123,1
187,123,-1
288,123,1
220,125,1
1106,125,-1
218,126,-1
221,126,1
1107,126,-1
2266,127,-1
2303,127,-1
3333,127,1
222,128,1
2822,128,-1
90,130,1
187,130,-1
221,130,-1
232,130,1
90,131,1
187,131,-1
3333,131,-1
3334,131,1
224,134,-1
228,134,1
225,136,-1
227,136,1
1303,136,-1
226,137,1
227,137,-1
2278,137,-1
230,139,1
303,139,-1
2278,139,-1
1202,140,1
1330,140,-1
3791,140,-1
3792,140,1
1202,143,1
1330,143,-1
3791,143,-1
3792,143,1
241,144,1
1106,144,-1
240,145,-1
242,145,1
240,147,-1
243,147,1
90,148,1
187,148,-1
241,148,-1
244,148,0
246,148,1
90,150,1
187,150,-1
3335,150,-1
3336,150,1
90,151,1
187,151,-1
255,151,-1
256,151,1
247,155,1
248,155,-1
2278,155,-1
1202,156,1
1330,156,-1
3792,156,1
249,157,-1
251,157,1
1303,157,-1
256,159,0
1202,159,1
1330,159,-1
3791,159,-1
3792,159,1
262,163,1
1106,163,-1
261,166,-1
264,166,1
90,170,1
187,170,-1
276,170,-1
277,170,1
266,172,-1
276,172,1
271,177,1
272,177,-1
282,182,-1
285,182,1
282,183,-1
286,183,1
290,193,-1
292,193,1
291,194,1
2278,194,-1
295,196,-1
297,196,1
300,198,0
1202,198,1
3791,198,-1
3792,198,1
1202,200,1
1330,200,-1
3792,200,1
2467,201,-1
2618,201,-1
2619,201,1
409,202,-1
411,202,1
1320,202,-1
90,203,1
187,203,-1
3396,203,1
3609,203,-1
1183,206,-1
1393,206,1
1420,206,-1
1292,207,-1
1395,207,1
1400,208,0
1401,208,1
2524,208,-1
2875,208,-1
1391,209,0
1396,209,1
1420,209,-1
390,211,1
1106,211,-1
407,213,-1
413,213,1
1846,213,-1
389,214,-1
392,214,1
11,215,-1
12,215,1
1532,215,-1
2086,217,-1
2090,217,1
1847,219,-1
2084,219,1
90,224,1
187,224,-1
3500,224,-1
3575,224,1
584,228,-1
3749,228,1
1634,230,-1
2566,230,-1
2567,230,1
469,232,1
3681,232,1
3682,232,-1
90,235,1
187,235,-1
3011,235,-1
3012,235,1
90,237,1
187,237,-1
3668,237,1
3677,237,-1
3678,237,1
90,238,1
187,238,-1
1942,238,-1
3668,238,0
3824,238,1
2177,239,1
2178,239,-1
2179,239,1
304,240,1
1146,240,-1
2472,241,-1
2473,241,1
1202,243,1
1330,243,-1
2485,243,-1
2487,243,1
1202,245,1
1330,245,-1
2525,245,-1
2526,245,1
1202,246,1
1330,246,-1
2525,246,-1
2526,246,1
2756,249,-1
3031,249,-1
3106,249,1
90,251,1
132,251,0
133,251,-1
187,251,-1
3511,251,1
317,252,1
1106,252,-1
315,253,-1
319,253,1
1572,253,-1
320,254,1
2266,254,-1
2303,254,-1
90,258,1
187,258,-1
323,258,1
2268,264,-1
3352,264,1
1128,265,-1
1130,265,1
1133,266,1
2549,266,-1
1140,267,1
1172,267,-1
2551,267,-1
311,269,-1
312,269,1
3656,270,-1
3656,270,1
174,272,1
332,272,1
558,272,1
1175,272,1
1176,272,-1
825,273,-1
831,273,1
3505,273,1
306,274,1
344,274,-1
3505,274,1
739,275,1
1485,275,1
2267,275,-1
306,277,-1
310,277,1
70,279,-1
72,279,-1
350,279,1
71,280,-1
354,280,-1
355,280,1
87,281,-1
362,281,-1
363,281,1
2100,281,-1
187,282,-1
2337,282,1
3367,282,1
187,283,-1
1163,283,0
1173,283,0
2337,283,1
3367,283,1
370,290,-1
371,290,1
851,293,-1
852,293,1
124,294,-1
206,294,-1
210,294,1
665,294,-1
1328,294,-1
1584,294,-1
2319,294,-1
2256,298,-1
2467,298,1
90,300,1
187,300,-1
237,300,1
1040,300,-1
90,301,1
187,301,-1
239,301,1
1043,301,-1
90,302,1
187,302,-1
259,302,1
90,303,1
187,303,-1
260,303,1
1053,303,-1
90,305,1
187,305,-1
281,305,1
1060,305,-1
90,306,1
187,306,-1
284,306,1
1063,306,-1
90,308,1
187,308,-1
470,308,-1
3676,308,1
90,312,1
187,312,-1
2220,312,-1
2436,312,1
308,318,-1
309,318,1
388,324,-1
402,324,1
2101,324,-1
90,326,1
187,326,-1
403,326,-1
407,326,1
1691,328,-1
1692,328,-1
1693,328,1
418,329,-1
420,329,1
90,330,1
187,330,-1
2527,330,-1
2528,330,1
90,331,1
187,331,-1
2754,331,-1
2755,331,1
3151,332,-1
3794,332,-1
3801,332,1
438,338,-1
860,338,1
645,342,-1
2963,342,-1
2968,342,1
2854,344,-1
2963,344,-1
2971,344,1
2981,344,-1
668,346,-1
668,346,1
387,347,-1
2426,347,-1
2966,347,1
515,349,-1
516,349,1
886,349,-1
989,349,-1
990,349,-1
2318,349,-1
488,350,-1
835,350,1
1292,351,-1
1301,351,1
862,352,1
2444,352,-1
2063,356,1
2446,356,-1
2069,358,1
2279,358,-1
2448,358,-1
1301,359,-1
1303,359,1
2280,359,-1
1290,361,0
1546,361,-1
1547,361,1
2273,362,1
3527,362,-1
3812,363,-1
3842,363,1
3843,363,-1
441,364,-1
442,364,-1
443,364,1
1202,369,1
2751,369,-1
2752,369,1
456,371,-1
457,371,-1
458,371,1
454,372,-1
455,372,1
459,372,-1
472,379,-1
474,379,1
1627,379,-1
187,380,0
472,380,1
474,380,-1
1627,380,1
476,381,-1
477,381,1
2959,381,-1
482,382,-1
483,382,-1
484,382,1
2452,384,1
3151,384,-1
3772,384,-1
3016,386,-1
3017,386,1
488,388,-1
490,388,1
1292,388,-1
488,389,1
3153,389,1
3184,389,-1
836,390,1
859,390,-1
3158,390,1
217,392,1
488,392,1
1889,392,-1
1890,392,1
252,395,-1
3151,395,-1
3155,395,1
273,396,-1
3151,396,-1
3156,396,1
494,400,-1
495,400,1
668,400,-1
520,401,-1
521,401,1
542,405,1
543,405,-1
3775,405,0
544,406,-1
545,406,1
546,406,-1
551,410,-1
556,410,-1
557,410,1
558,411,1
1202,411,1
1330,411,-1
550,412,-1
1179,412,1
553,413,-1
564,413,1
558,416,-1
558,416,1
438,417,-1
489,417,1
558,419,-1
750,419,-1
1636,419,-1
1637,419,1
555,420,1
566,420,-1
90,423,1
187,423,-1
404,423,1
414,423,-1
3733,423,1
594,425,-1
595,425,-1
596,425,1
3151,428,-1
3166,428,1
215,430,-1
606,430,-1
608,430,1
610,431,-1
611,431,-1
614,431,1
615,433,-1
616,433,-1
617,433,1
621,434,1
859,434,1
860,434,-1
622,435,-1
624,435,0
2559,435,-1
2560,435,1
754,437,-1
2561,437,-1
2562,437,1
90,440,1
187,440,-1
3807,440,-1
3813,440,1
90,441,1
187,441,-1
3788,441,1
628,442,-1
707,442,-1
708,442,1
633,444,-1
634,444,-1
635,444,1
641,445,-1
642,445,1
3493,445,0
3494,445,0
2926,447,1
2928,447,-1
648,450,-1
653,450,-1
654,450,1
655,451,-1
3237,451,-1
3238,451,1
663,453,1
664,453,-1
952,453,0
107,454,1
665,454,1
3808,454,1
3809,454,-1
665,455,-1
2858,455,1
668,458,-1
673,458,-1
674,458,1
3151,459,-1
3165,459,1
90,464,1
187,464,-1
3615,464,1
39,465,1
1342,465,1
1871,465,1
1872,465,-1
2126,465,-1
2926,465,-1
2928,465,1
90,471,1
187,471,-1
3679,471,1
469,472,-1
717,472,-1
718,472,1
719,474,-1
720,474,1
90,475,1
187,475,-1
473,475,-1
3671,475,1
467,478,-1
469,478,1
469,480,-1
473,480,1
2769,481,-1
2769,481,1
634,483,-1
636,483,1
725,483,-1
498,488,-1
499,488,-1
500,488,1
638,489,-1
1932,489,1
3389,489,0
2914,494,1
3648,494,1
3649,494,-1
637,499,-1
638,499,1
1975,499,-1
90,500,1
187,500,-1
2266,500,1
659,501,1
3516,501,-1
656,502,-1
2226,502,1
342,503,-1
343,503,1
1342,505,-1
1735,505,1
2450,505,1
785,506,-1
786,506,1
2578,507,-1
3834,507,-1
3836,507,1
736,510,-1
737,510,1
3096,510,-1
740,515,-1
741,515,1
1524,515,-1
743,516,1
1342,516,-1
2450,516,1
3695,516,-1
746,519,-1
972,519,-1
973,519,1
748,520,-1
2576,520,1
755,523,1
756,523,-1
1992,523,0
733,534,-1
779,534,-1
780,534,1
733,536,-1
781,536,-1
783,536,1
795,542,-1
3151,542,-1
3868,542,1
791,546,-1
3867,546,1
90,548,1
187,548,-1
2191,548,-1
2192,548,1
3281,548,0
2450,550,1
2820,550,1
3766,550,-1
716,551,-1
716,551,1
3183,552,-1
3003,553,-1
3181,554,-1
3178,557,-1
2838,562,-1
2838,562,1
844,563,1
1342,563,-1
2450,563,1
1533,566,1
2450,566,1
3719,566,-1
799,571,-1
800,571,1
3016,571,-1
1621,575,-1
3850,575,1
3122,577,-1
1546,580,1
3719,580,1
3721,580,-1
2516,581,1
3349,581,-1
3470,581,1
3654,581,1
3802,581,1
882,587,1
3382,587,-1
3686,587,1
2528,588,1
2531,588,-1
3470,588,1
3654,588,1
8,589,-1
365,589,1
1141,589,1
1162,589,1
3344,591,-1
3345,591,1
3379,591,-1
3347,592,-1
3348,592,1
3380,592,-1
832,593,0
1084,593,1
1085,593,-1
1086,593,0
801,594,-1
802,594,1
1961,594,-1
806,595,1
807,595,-1
806,596,1
807,596,-1
811,597,-1
815,597,1
817,597,-1
90,603,1
187,603,-1
825,603,1
845,603,-1
826,605,-1
866,605,-1
868,605,1
1688,605,0
827,607,1
868,607,-1
163,612,-1
876,612,-1
878,612,1
869,616,-1
3091,616,-1
3092,616,1
3070,619,-1
3071,619,1
3250,620,-1
3251,620,1
877,623,-1
2709,623,-1
2710,623,1
578,625,-1
579,625,0
580,625,0
1844,625,1
3628,627,-1
3629,627,1
2259,629,-1
2387,629,-1
2388,629,1
890,633,-1
891,633,1
913,633,-1
661,635,-1
894,635,1
895,636,1
1183,636,-1
893,639,-1
898,639,1
1202,641,1
1330,641,-1
3792,641,1
901,643,-1
903,643,1
1298,643,-1
906,644,-1
907,644,1
909,645,-1
910,645,1
2270,645,-1
739,648,1
1342,648,-1
1485,648,1
2267,648,-1
920,652,1
3857,652,-1
549,653,1
916,653,1
917,653,-1
919,653,0
953,653,1
1448,653,1
1709,653,-1
90,654,1
187,654,-1
3520,654,1
3744,654,1
921,655,-1
922,655,1
921,656,-1
2058,656,-1
2059,656,1
923,658,-1
2066,658,-1
2067,658,1
926,659,-1
927,659,1
3299,659,-1
930,661,1
2067,661,-1
923,662,1
924,662,-1
941,662,0
76,664,-1
936,664,-1
937,664,1
951,666,1
3771,666,-1
936,670,-1
938,670,1
936,673,-1
939,673,1
684,674,-1
940,674,1
924,675,-1
941,675,1
939,676,-1
942,676,1
2263,676,-1
951,678,-1
951,678,1
946,681,-1
946,681,1
90,682,1
187,682,-1
885,682,-1
3502,682,1
90,685,1
187,685,-1
1768,685,-1
3538,685,1
3673,687,-1
3673,687,1
995,690,-1
2430,690,1
2920,690,-1
956,694,-1
964,694,1
967,694,-1
207,695,-1
968,695,1
958,697,-1
960,697,1
2996,697,-1
2991,700,-1
2992,700,1
804,702,-1
805,702,1
957,702,-1
676,704,-1
677,704,1
957,704,-1
965,706,-1
1804,706,-1
1805,706,1
980,708,-1
981,708,-1
1046,708,1
1430,708,-1
3021,708,-1
3372,708,-1
3394,708,-1
988,710,-1
991,710,1
977,711,-1
988,711,-1
993,711,1
998,715,-1
3808,715,-1
3810,715,1
992,718,1
3732,718,-1
995,719,1
1829,719,-1
90,720,1
187,720,-1
1446,720,1
2391,720,1
2450,720,1
3072,720,1
3567,720,1
383,721,1
384,721,-1
417,721,0
513,722,1
514,722,-1
516,722,0
518,722,0
600,723,-1
601,723,1
988,723,0
675,724,1
676,724,-1
678,724,0
704,725,1
705,725,-1
706,725,0
1589,725,0
1314,727,-1
1316,727,0
1317,727,1
988,729,0
1628,729,-1
1629,729,1
2989,733,1
2990,733,-1
2992,733,0
59,734,1
60,734,-1
61,734,0
62,735,1
63,735,-1
2030,735,0
64,736,1
65,736,-1
2031,736,0
152,742,1
153,742,-1
2036,742,0
206,744,1
207,744,-1
588,745,1
589,745,-1
2039,745,0
819,746,1
820,746,-1
2040,746,0
1004,747,1
1005,747,-1
2041,747,0
1016,748,1
1017,748,-1
2071,748,0
2304,754,1
2305,754,-1
2306,754,0
2043,755,0
2307,755,1
2308,755,-1
2073,758,0
2897,758,-1
2898,758,1
3134,759,1
3135,759,-1
3138,759,0
1002,761,-1
1003,761,1
3360,761,-1
1002,762,1
2742,762,1
2743,762,-1
1003,763,-1
1003,763,1
1009,765,-1
1013,765,1
1015,765,-1
478,767,-1
1011,767,-1
1012,767,1
2458,768,1
3151,768,-1
3542,768,-1
1034,769,-1
1037,769,-1
1038,769,1
90,770,1
187,770,-1
2266,770,1
2267,770,-1
90,771,1
187,771,-1
2266,771,1
1038,777,0
1048,777,-1
1049,777,1
1051,777,-1
1444,777,-1
1444,777,0
1046,778,0
1047,778,0
1050,778,1
3372,778,-1
1046,780,0
1047,780,0
1054,780,1
3372,780,-1
1056,783,-1
1057,783,1
1058,783,-1
1444,783,0
1033,785,-1
1062,785,-1
1065,785,1
1444,785,0
1622,785,-1
1063,786,1
1064,786,-1
1444,786,0
90,788,1
187,788,-1
2266,788,1
2267,788,-1
1066,790,-1
1068,790,-1
1069,790,1
1444,790,-1
1070,791,-1
1071,791,1
3855,791,-1
1073,793,-1
3577,793,-1
3578,793,1
566,797,1
1079,797,-1
1088,801,-1
1197,801,-1
2987,801,-1
2988,801,1
1776,803,-1
3457,803,1
3590,803,0
1097,805,-1
1098,805,-1
1099,805,1
1100,806,-1
1101,806,-1
1102,806,1
349,811,-1
353,811,1
1111,811,-1
1112,812,1
1113,812,-1
3478,812,0
90,814,1
187,814,-1
3205,814,1
3289,817,1
3832,817,-1
3286,819,-1
3286,819,1
3374,819,0
1119,821,-1
1700,821,-1
1701,821,1
1108,822,-1
1109,822,1
1121,822,-1
349,823,-1
352,823,1
1110,823,-1
1647,824,-1
1648,824,-1
1649,824,-1
1650,824,-1
1651,824,-1
2748,824,1
426,825,-1
427,825,-1
428,825,1
348,826,1
2553,826,-1
3410,826,-1
1125,830,1
1202,830,1
1203,830,-1
2459,830,-1
435,831,-1
1127,831,1
1156,831,-1
327,832,1
1126,832,-1
1156,832,1
1128,835,-1
1162,835,1
2450,835,1
2546,835,0
365,836,-1
1128,836,-1
1163,836,1
1131,837,1
2895,837,-1
1129,838,-1
1162,838,1
2550,838,1
1129,839,1
1130,839,-1
2450,839,1
1167,840,-1
1168,840,1
2547,840,0
1167,841,-1
1170,841,1
3095,841,-1
1132,842,1
1133,842,-1
2450,842,1
1169,843,1
2269,843,-1
365,845,-1
1135,845,-1
1136,845,1
90,847,1
187,847,-1
1137,847,-1
1138,847,1
1135,848,1
1138,848,-1
3764,848,1
1139,850,1
1140,850,-1
2450,850,1
1233,853,-1
1234,853,1
2213,853,-1
90,856,1
187,856,-1
2266,856,1
988,860,-1
1256,860,-1
1257,860,1
2471,862,1
3466,862,1
3467,862,-1
1174,863,1
1202,863,-1
1330,863,1
1147,864,1
1174,864,-1
439,865,-1
1250,865,-1
1251,865,1
1164,866,1
1175,866,1
3277,866,1
3278,866,-1
1418,868,1
2411,868,-1
1412,871,-1
1413,871,1
1036,873,-1
1333,873,1
3129,873,1
3132,873,-1
2437,874,-1
2441,874,1
169,875,-1
2648,875,1
2555,876,1
2570,876,-1
2589,877,-1
2592,877,-1
2593,877,1
167,878,-1
2614,878,-1
2615,878,1
1202,880,1
1330,880,-1
2569,880,1
2761,880,-1
947,881,0
1204,881,1
1205,881,-1
31,887,-1
571,887,-1
572,887,1
1227,890,1
2925,890,-1
3528,891,-1
3528,891,1
30,892,-1
32,892,1
1423,892,-1
2113,893,1
2114,893,-1
2925,893,1
2925,894,1
3877,894,-1
2887,896,1
3151,896,1
3864,896,-1
1222,899,-1
1223,899,1
1226,899,-1
2366,900,-1
2367,900,1
1226,901,-1
1226,901,1
1218,902,1
1227,902,-1
2925,902,1
3810,902,0
620,905,-1
1235,905,-1
1516,905,1
1247,911,-1
1247,911,0
1247,911,1
2117,913,-1
2118,913,1
2119,913,-1
1259,914,-1
1260,914,1
1030,915,-1
1031,915,-1
1032,915,1
1263,916,-1
1264,916,1
1643,916,-1
1265,917,-1
1265,917,1
21,920,-1
1274,920,-1
1275,920,1
1276,921,-1
1277,921,1
1640,921,-1
1278,922,-1
1279,922,1
2362,922,-1
1341,924,-1
3814,924,-1
3815,924,1
1292,926,-1
1311,926,1
3640,926,-1
1292,927,-1
1293,927,1
1202,933,1
1330,933,-1
3791,933,-1
3792,933,1
839,935,1
1302,935,-1
1293,936,-1
1306,936,1
864,939,1
2444,939,-1
1312,946,-1
2061,946,1
1313,948,1
1317,948,-1
1318,948,0
103,952,-1
104,952,1
90,954,1
187,954,-1
3790,954,1
1202,955,1
1330,955,-1
2552,955,-1
2553,955,1
90,956,1
187,956,-1
1749,956,-1
2487,956,0
3656,956,1
1333,958,-1
1333,958,1
1897,963,-1
1939,963,1
2011,963,1
1937,964,1
3317,964,-1
1181,966,1
2300,966,-1
711,968,-1
1199,968,-1
1200,968,1
1471,971,-1
2120,971,1
1335,972,-1
1337,972,1
3129,972,1
3133,972,-1
677,976,-1
678,976,1
886,976,-1
1767,976,-1
1883,976,-1
2879,976,-1
3143,976,-1
3144,976,-1
1359,980,-1
1360,980,-1
1361,980,1
1370,983,1
1371,983,-1
1993,983,0
1998,983,0
1370,984,1
1371,984,-1
2005,984,0
1373,985,1
1374,985,-1
1991,985,0
1377,987,1
1378,987,-1
1991,987,0
3774,987,0
1377,988,1
1378,988,-1
2005,988,0
1381,991,1
1382,991,-1
1994,991,0
1342,993,-1
1383,993,1
2885,993,0
3839,993,-1
730,994,1
1472,994,1
1853,994,-1
2431,994,-1
1422,995,-1
1477,995,-1
1481,995,1
1426,996,-1
1427,996,1
2404,996,-1
1791,999,1
2886,999,0
3840,999,-1
1431,1001,-1
1434,1001,1
1436,1002,-1
1437,1002,1
1435,1003,-1
1438,1003,1
1439,1004,-1
1440,1004,1
1482,1004,-1
469,1008,1
1451,1008,-1
3386,1008,-1
3387,1008,1
90,1009,1
978,1009,1
979,1009,-1
1446,1009,1
2391,1009,1
2450,1009,1
3072,1009,1
3231,1010,-1
3232,1010,1
1453,1012,-1
1456,1012,1
1454,1013,-1
1458,1013,1
1455,1014,-1
1457,1014,1
3151,1016,1
3863,1016,-1
752,1018,1
1473,1018,-1
1476,1018,1
2802,1018,-1
1472,1020,-1
1477,1020,1
587,1023,-1
1479,1023,1
1194,1024,-1
1477,1024,-1
1480,1024,1
2365,1024,-1
974,1026,-1
975,1026,1
3393,1026,-1
925,1027,1
2067,1027,-1
46,1029,1
1342,1029,-1
1687,1029,1
2999,1030,1
3005,1030,-1
1486,1032,-1
1488,1032,1
3474,1032,-1
419,1033,1
421,1033,-1
366,1034,1
367,1034,-1
1491,1034,0
2773,1034,1
1492,1035,1
1493,1035,-1
1494,1035,0
1498,1036,-1
2325,1036,-1
2326,1036,1
1504,1041,1
2820,1041,-1
1511,1044,-1
1512,1044,1
1512,1045,0
1740,1045,1
1741,1045,-1
1513,1046,-1
1514,1046,1
2372,1046,-1
90,1048,1
187,1048,-1
1911,1048,-1
1912,1048,1
90,1049,1
187,1049,-1
1542,1049,-1
1902,1049,1
3605,1049,1
1520,1051,1
1521,1051,-1
2828,1051,0
716,1054,-1
716,1054,1
114,1055,0
716,1055,-1
716,1055,1
1485,1055,0
627,1057,-1
1837,1057,-1
2481,1057,-1
2482,1057,1
468,1058,-1
2488,1058,1
2483,1059,1
2484,1059,-1
2488,1059,0
1908,1060,1
1915,1060,-1
3085,1060,-1
90,1061,1
187,1061,-1
1903,1061,-1
1915,1061,1
787,1062,-1
788,1062,1
788,1063,-1
3164,1063,1
1174,1066,1
1342,1066,-1
2299,1066,1
2450,1066,1
1155,1067,1
1157,1067,-1
1175,1068,-1
1467,1068,1
1168,1069,-1
1468,1069,1
2327,1073,-1
2336,1073,1
1557,1081,-1
1558,1081,1
1559,1082,-1
3200,1082,-1
3219,1082,1
156,1083,-1
157,1083,1
2810,1083,-1
2416,1085,-1
2417,1085,1
2810,1087,1
2936,1087,-1
3510,1087,-1
1202,1092,1
1330,1092,-1
3791,1092,-1
3792,1092,1
1561,1094,-1
1565,1094,1
2004,1094,-1
1566,1095,-1
1568,1095,1
1978,1095,-1
90,1097,1
187,1097,-1
1669,1097,1
90,1098,1
187,1098,-1
1662,1098,-1
1663,1098,1
90,1101,1
187,1101,-1
1670,1101,1
90,1102,1
187,1102,-1
905,1102,1
1570,1103,-1
1571,1103,1
90,1104,1
187,1104,-1
895,1104,-1
906,1104,1
90,1106,1
187,1106,-1
904,1106,1
90,1107,1
187,1107,-1
892,1107,1
1574,1109,1
1744,1109,-1
1573,1110,-1
1575,1110,1
2374,1110,-1
3651,1110,0
1042,1112,-1
1045,1112,1
1585,1112,-1
214,1114,-1
730,1114,1
2975,1114,1
2976,1114,-1
2889,1115,-1
2890,1115,1
3151,1115,-1
1591,1116,1
1592,1116,-1
2727,1116,0
1593,1117,1
1809,1117,-1
1810,1117,1
29,1118,-1
597,1118,1
640,1118,1
2126,1118,-1
2922,1118,1
3705,1118,-1
3706,1118,1
1593,1120,-1
1809,1120,1
29,1122,-1
597,1122,1
640,1122,1
1601,1122,1
2126,1122,-1
2922,1122,1
3701,1122,-1
3704,1122,1
1608,1124,-1
1609,1124,1
3463,1124,-1
1627,1128,1
1629,1128,-1
1630,1128,0
90,1129,1
187,1129,-1
2768,1129,-1
3820,1129,1
1635,1131,-1
2567,1131,-1
2568,1131,1
173,1133,-1
1159,1133,1
1160,1134,1
2309,1134,-1
90,1136,1
187,1136,-1
590,1136,-1
3600,1136,1
90,1138,1
187,1138,-1
3769,1138,1
3770,1138,-1
90,1139,1
187,1139,-1
1424,1139,-1
3770,1139,1
1774,1143,1
3151,1143,-1
1694,1145,-1
1695,1145,1
3014,1145,-1
1704,1147,1
2132,1147,-1
90,1148,1
187,1148,-1
899,1148,1
90,1149,1
187,1149,-1
897,1149,-1
908,1149,1
1202,1156,1
1288,1156,0
1330,1156,-1
1714,1156,1
1715,1156,-1
1468,1158,-1
1716,1158,-1
1718,1158,1
96,1162,1
1202,1162,1
1721,1162,-1
490,1165,-1
831,1165,-1
836,1165,1
1727,1167,1
2374,1167,-1
1726,1168,-1
1726,1168,1
1797,1168,0
581,1169,-1
1955,1169,1
1523,1172,0
1736,1172,-1
3550,1172,-1
3551,1172,1
1731,1175,-1
1754,1175,-1
2516,1175,-1
3344,1175,1
3798,1175,-1
3799,1175,0
90,1179,1
2838,1179,-1
3596,1179,1
90,1180,1
187,1180,-1
1877,1180,-1
3555,1180,1
90,1183,1
187,1183,-1
1295,1183,-1
1310,1183,1
90,1184,1
187,1184,-1
1297,1184,-1
1300,1184,1
1742,1185,-1
1742,1185,1
1742,1186,-1
1742,1186,1
3311,1186,0
3151,1188,1
3870,1188,-1
90,1193,1
187,1193,-1
1633,1193,-1
3603,1193,1
1765,1196,1
1766,1196,-1
2339,1196,-1
2576,1197,-1
3523,1197,1
3478,1198,-1
3480,1198,1
1772,1199,-1
1773,1199,1
1400,1200,1
2523,1200,-1
1404,1202,1
3064,1202,-1
90,1204,1
187,1204,-1
2266,1204,1
2267,1204,-1
90,1205,1
187,1205,-1
1385,1205,-1
1386,1205,0
1420,1205,1
90,1206,1
187,1206,-1
1397,1206,-1
1398,1206,1
90,1207,1
187,1207,-1
1394,1207,-1
1412,1207,1
90,1208,1
187,1208,-1
1407,1208,1
1411,1208,-1
2001,1212,1
3421,1212,-1
1963,1214,-1
1965,1214,1
3440,1214,-1
2002,1215,1
3443,1215,-1
2008,1216,-1
2010,1216,1
3454,1216,-1
1963,1217,-1
1966,1217,1
1986,1218,-1
1987,1218,1
3456,1218,-1
1777,1220,-1
2899,1220,-1
2900,1220,1
1777,1221,-1
1777,1221,1
992,1224,0
1343,1224,1
1346,1224,-1
1348,1224,1
2784,1224,0
2450,1225,1
3376,1225,1
3398,1225,-1
90,1227,1
187,1227,-1
643,1227,-1
3572,1227,1
1796,1231,-1
3489,1231,1
1342,1232,-1
1796,1232,1
2450,1232,1
2838,1232,1
3489,1232,-1
123,1239,-1
1819,1239,-1
1820,1239,1
90,1242,1
187,1242,-1
1843,1242,0
3669,1242,1
866,1243,-1
1344,1243,1
2768,1245,-1
2768,1245,1
1757,1246,-1
1758,1246,1
2312,1246,-1
1833,1248,1
2128,1248,-1
2449,1248,-1
1783,1249,-1
1834,1249,-1
1835,1249,1
1325,1252,-1
1326,1252,1
1644,1252,-1
2543,1254,-1
3151,1254,-1
3878,1254,1
1928,1255,-1
1929,1255,1
2720,1255,-1
90,1257,1
187,1257,-1
1843,1257,-1
3693,1257,1
90,1258,1
187,1258,-1
3669,1258,1
575,1259,-1
576,1259,1
1845,1259,-1
1270,1260,-1
1273,1260,1
1873,1260,-1
1850,1261,1
3879,1261,-1
603,1262,-1
1866,1262,-1
2711,1262,-1
2712,1262,1
580,1263,1
1866,1263,-1
1341,1265,1
1871,1265,1
1872,1265,-1
2126,1265,-1
2127,1265,1
1875,1268,-1
1875,1268,1
959,1269,1
960,1269,-1
57,1270,-1
1879,1270,-1
1880,1270,1
960,1274,-1
970,1274,1
1882,1274,-1
886,1275,-1
969,1275,1
3650,1279,-1
3658,1279,1
2845,1280,-1
2847,1280,1
1888,1281,1
3151,1281,-1
3183,1281,1
1892,1282,-1
1931,1282,1
1968,1282,1
1893,1283,-1
1936,1283,1
1988,1283,1
1902,1285,-1
1902,1285,1
2572,1288,-1
2573,1288,1
3414,1288,-1
1922,1289,-1
3413,1289,1
1728,1291,-1
1919,1291,1
3413,1291,-1
1424,1292,-1
1933,1292,1
1886,1293,1
1935,1293,1
2541,1293,-1
1729,1297,-1
1979,1297,1
2540,1297,-1
1936,1298,-1
1936,1298,1
1729,1299,-1
1937,1299,-1
1991,1299,1
2540,1299,-1
1937,1300,-1
1938,1300,1
1937,1301,-1
1937,1301,1
1939,1303,-1
1940,1303,1
2943,1303,-1
1939,1304,-1
1939,1304,1
3504,1304,0
1945,1308,-1
1949,1308,-1
1950,1308,1
1954,1310,-1
1956,1310,1
1374,1311,-1
1954,1311,-1
1957,1311,1
1954,1312,-1
1959,1312,1
1376,1313,-1
1954,1313,-1
1958,1313,1
1537,1315,-1
1953,1315,-1
1977,1315,1
2112,1315,-1
758,1317,-1
1953,1317,-1
1974,1317,1
766,1319,-1
767,1319,1
1972,1319,-1
773,1320,-1
774,1320,1
1567,1322,1
1953,1322,-1
1960,1323,1
1999,1323,-1
521,1324,0
802,1324,0
1954,1324,0
1961,1324,-1
1963,1324,1
1963,1325,-1
1965,1325,0
1966,1325,0
1967,1325,0
2460,1325,1
1375,1328,1
1376,1328,-1
1958,1328,0
1806,1329,1
1807,1329,-1
1959,1329,0
1371,1335,-1
1981,1335,1
1370,1340,1
1371,1340,-1
1981,1340,0
1373,1342,1
1374,1342,-1
1982,1342,0
1893,1343,1
1984,1343,1
3161,1343,-1
1561,1346,-1
1564,1346,1
1990,1346,-1
857,1350,-1
858,1350,1
1998,1351,1
3773,1351,-1
1382,1354,-1
1994,1354,1
1997,1356,1
3297,1356,-1
2000,1359,-1
2001,1359,0
2002,1359,0
2462,1359,1
1941,1362,1
3617,1362,-1
2007,1364,-1
2008,1364,1
2728,1364,0
2008,1365,-1
2009,1365,0
2010,1365,0
2463,1365,1
1341,1368,1
1871,1368,1
2126,1368,-1
2127,1368,1
50,1370,-1
2044,1370,-1
2045,1370,1
2029,1371,-1
2072,1371,1
2797,1371,-1
2029,1372,-1
2051,1372,-1
2070,1372,-1
2073,1372,1
2897,1372,-1
2031,1374,1
2051,1374,-1
138,1375,-1
2029,1375,-1
2032,1375,1
2051,1375,-1
147,1376,-1
2033,1376,1
151,1378,-1
2029,1378,-1
2035,1378,1
2051,1378,-1
2036,1379,1
2051,1379,-1
155,1380,-1
2029,1380,-1
2037,1380,1
2051,1380,-1
1005,1384,-1
2029,1384,-1
2041,1384,1
2051,1384,-1
2051,1387,-1
2305,1387,-1
2306,1387,1
2029,1388,-1
2043,1388,1
2308,1388,-1
1017,1389,-1
2070,1389,-1
2071,1389,1
2047,1390,-1
2048,1390,0
2049,1390,1
2051,1392,-1
2052,1392,-1
2070,1392,-1
2074,1392,1
2200,1392,-1
2053,1393,-1
2054,1393,1
1189,1397,-1
2064,1397,-1
2065,1397,1
1540,1399,-1
1906,1399,1
2075,1400,-1
2076,1400,1
2080,1402,-1
2081,1402,1
2080,1403,-1
2083,1403,1
2102,1403,-1
2082,1404,1
2101,1404,-1
2095,1406,-1
2096,1406,1
2101,1406,-1
2096,1407,-1
2097,1407,1
90,1408,1
187,1408,-1
2098,1408,1
79,1409,-1
80,1409,1
90,1409,1
187,1409,-1
1202,1413,1
1330,1413,-1
2485,1413,-1
2487,1413,1
90,1416,1
187,1416,-1
396,1416,1
90,1420,1
187,1420,-1
405,1420,-1
406,1420,1
396,1423,-1
397,1423,1
1293,1423,-1
90,1427,1
187,1427,-1
2086,1427,1
90,1429,1
187,1429,-1
2091,1429,-1
2093,1429,1
2105,1431,-1
2105,1431,1
1215,1434,-1
1219,1434,1
3151,1435,-1
3869,1435,1
2225,1436,-1
2235,1436,1
2107,1437,1
2108,1437,-1
2109,1437,1
1946,1438,-1
1947,1438,-1
1948,1438,1
2028,1440,-1
2115,1440,-1
2116,1440,1
2122,1442,1
2129,1442,-1
2315,1442,-1
1342,1443,-1
1735,1443,1
2450,1443,1
29,1444,-1
2135,1444,-1
2136,1444,1
2130,1447,1
2141,1447,1
2144,1447,-1
957,1453,-1
1428,1453,-1
1483,1453,1
1808,1453,-1
1812,1453,1
41,1454,-1
2133,1454,-1
2134,1454,1
60,1457,-1
61,1457,1
1287,1457,-1
1594,1457,-1
2029,1457,-1
2051,1457,-1
2137,1458,-1
2138,1458,-1
2139,1458,1
2154,1461,-1
2155,1461,-1
2157,1461,1
90,1464,-1
2158,1464,-1
2159,1464,1
2160,1465,-1
2161,1465,1
3130,1465,-1
2165,1467,-1
2166,1467,1
3147,1467,-1
2168,1469,-1
2169,1469,1
1682,1470,-1
1685,1470,-1
2170,1470,1
90,1473,1
187,1473,-1
679,1473,-1
3563,1473,1
90,1476,1
187,1476,-1
1826,1476,-1
3569,1476,1
90,1479,1
187,1479,-1
3694,1479,1
90,1480,1
187,1480,-1
1745,1480,-1
3547,1480,1
24,1482,-1
3714,1482,1
90,1483,1
187,1483,-1
3196,1483,-1
3627,1483,1
1177,1484,1
2180,1484,-1
90,1485,1
187,1485,-1
3222,1485,-1
3223,1485,1
2183,1486,-1
3203,1486,-1
3204,1486,1
90,1487,1
187,1487,-1
2932,1487,-1
3670,1487,1
1874,1489,1
2190,1489,1
2194,1489,1
3481,1489,-1
132,1496,1
1342,1496,-1
3367,1496,-1
1232,1498,1
1342,1498,-1
3369,1498,-1
1000,1500,-1
2216,1500,-1
2217,1500,1
333,1501,-1
2224,1501,1
2239,1501,0
2241,1501,-1
2242,1501,0
2219,1505,-1
2238,1505,1
3860,1505,-1
2245,1510,1
2267,1510,-1
2247,1512,1
2351,1512,-1
90,1513,1
187,1513,-1
1864,1513,0
2246,1513,1
3657,1513,1
90,1514,1
118,1514,-1
187,1514,-1
3684,1514,1
90,1515,1
187,1515,-1
2246,1515,1
2559,1515,1
2565,1515,-1
3698,1515,1
2450,1519,1
3657,1519,-1
3660,1519,1
2225,1521,-1
2232,1521,1
2268,1521,-1
841,1523,-1
842,1523,1
90,1524,1
187,1524,-1
2266,1524,1
90,1528,1
187,1528,-1
2266,1528,1
2267,1528,-1
90,1530,1
187,1530,-1
2267,1530,1
2276,1530,-1
90,1531,1
187,1531,-1
2267,1531,1
2277,1531,-1
90,1532,1
187,1532,-1
2265,1532,-1
2275,1532,1
739,1534,1
1342,1534,-1
1485,1534,1
90,1536,1
187,1536,-1
2266,1536,1
2267,1536,-1
115,1539,-1
120,1539,1
2244,1541,-1
2246,1541,1
327,1542,1
1175,1542,1
2266,1542,1
2284,1542,-1
2289,1543,-1
2469,1543,1
90,1545,1
187,1545,-1
742,1545,-1
744,1545,1
90,1548,1
187,1548,-1
1225,1548,-1
3811,1548,1
90,1549,1
187,1549,-1
1751,1549,-1
3564,1549,1
90,1550,1
187,1550,-1
2212,1550,-1
3622,1550,1
3695,1550,0
90,1552,1
187,1552,-1
3545,1552,1
3546,1552,-1
90,1554,1
187,1554,-1
1153,1554,-1
3467,1554,1
90,1555,1
1321,1555,-1
3598,1555,1
90,1556,1
187,1556,-1
2282,1556,-1
2283,1556,1
90,1557,1
187,1557,-1
2883,1557,-1
3595,1557,1
1881,1560,-1
3699,1560,-1
3707,1560,1
2301,1564,1
2302,1564,-1
2225,1565,-1
2233,1565,1
2303,1565,-1
865,1566,1
2444,1566,-1
1970,1569,0
2310,1569,1
2311,1569,-1
730,1573,1
1850,1573,-1
3827,1573,-1
3828,1573,1
1342,1576,-1
2450,1576,1
3602,1576,1
3604,1576,-1
1342,1577,-1
2450,1577,1
3396,1577,0
3804,1577,-1
3806,1577,1
1342,1578,-1
2450,1578,1
3376,1578,1
2328,1580,-1
2330,1580,1
2450,1580,1
1342,1581,-1
2333,1581,1
2450,1581,1
2838,1581,1
2844,1581,1
3482,1581,-1
2333,1582,-1
3482,1582,1
1292,1584,1
2323,1584,1
2329,1584,-1
1920,1586,1
3413,1586,-1
1484,1587,-1
2342,1587,-1
2343,1587,1
2344,1589,-1
2345,1589,1
2377,1589,-1
3871,1590,-1
90,1591,1
187,1591,-1
884,1591,-1
3628,1591,1
2249,1593,-1
2250,1593,1
3791,1593,-1
879,1604,0
1575,1604,0
1727,1604,0
1765,1604,0
2054,1604,0
2332,1604,0
2374,1604,-1
2375,1604,1
2793,1604,0
2866,1604,0
3068,1604,0
3692,1604,0
2373,1605,1
2375,1605,-1
2376,1605,0
3418,1605,0
3424,1605,0
3429,1605,0
3433,1605,0
3437,1605,0
3442,1605,0
3445,1605,0
3447,1605,0
3449,1605,0
3451,1605,0
3462,1605,0
1839,1606,1
3151,1606,-1
2380,1608,-1
3435,1608,-1
3438,1608,1
2260,1609,-1
2392,1609,-1
2394,1609,1
90,1613,1
187,1613,-1
832,1613,1
831,1614,-1
833,1614,1
2401,1614,-1
1399,1615,1
1420,1615,-1
1553,1615,0
3212,1616,-1
3230,1616,1
1830,1617,1
1831,1617,-1
3825,1617,-1
166,1622,-1
3744,1622,-1
3747,1622,1
381,1623,-1
3744,1623,-1
3748,1623,1
778,1624,-1
3750,1624,1
1602,1625,-1
3744,1625,-1
3751,1625,1
90,1630,1
187,1630,-1
3734,1630,1
3744,1630,1
90,1633,1
187,1633,-1
3744,1633,1
3761,1633,1
90,1634,1
187,1634,-1
3744,1634,1
3767,1634,1
90,1638,1
187,1638,-1
2811,1638,-1
3726,1638,1
3744,1641,-1
3744,1641,1
14,1642,1
453,1642,-1
2407,1642,-1
1342,1644,-1
1419,1644,1
2450,1644,1
1342,1646,-1
2403,1646,1
2410,1646,1
2450,1646,1
3752,1646,-1
1342,1651,-1
2443,1651,1
2445,1651,-1
2450,1651,1
1342,1654,-1
1737,1654,1
2414,1654,1
2415,1654,-1
2450,1654,1
319,1655,1
325,1655,-1
1342,1655,-1
2450,1655,1
2418,1656,-1
2419,1656,1
3651,1656,-1
2419,1657,-1
2420,1657,1
2450,1657,1
487,1661,-1
2429,1661,1
3414,1665,1
3843,1665,-1
357,1668,-1
1089,1668,-1
1090,1668,0
2839,1668,1
3478,1668,-1
2844,1671,-1
3475,1671,1
335,1673,1
716,1673,-1
2197,1673,-1
3621,1673,-1
3511,1676,-1
3512,1676,1
2288,1677,-1
3837,1677,1
1770,1678,-1
3522,1678,1
1351,1680,-1
1352,1680,1
1678,1680,-1
1690,1680,-1
1661,1682,1
2812,1682,-1
1660,1684,-1
1664,1684,1
1666,1686,1
2908,1686,-1
1667,1687,1
2909,1687,-1
3652,1688,-1
3652,1688,1
3653,1688,0
1654,1689,-1
1655,1689,1
657,1692,-1
3739,1692,-1
3740,1692,1
3737,1693,-1
3737,1693,1
2844,1694,-1
3478,1694,1
3151,1696,-1
3184,1696,1
3313,1696,-1
1660,1698,1
1669,1698,-1
3779,1698,1
3779,1699,-1
3780,1699,1
1660,1700,1
1670,1700,-1
3645,1700,1
90,1704,1
187,1704,-1
818,1704,-1
3611,1704,1
90,1705,1
187,1705,-1
1071,1705,0
3381,1705,-1
3382,1705,1
3406,1705,0
3411,1705,0
90,1706,1
3607,1706,1
3608,1706,-1
90,1708,1
187,1708,-1
382,1708,-1
3516,1708,1
90,1713,1
187,1713,-1
1536,1713,-1
3721,1713,1
90,1715,1
187,1715,-1
3535,1715,1
90,1718,1
187,1718,-1
1655,1718,-1
3535,1718,1
90,1721,1
187,1721,-1
1788,1721,-1
3539,1721,1
90,1722,1
187,1722,-1
1788,1722,-1
3539,1722,1
90,1725,1
187,1725,-1
2236,1725,1
90,1726,1
187,1726,-1
3798,1726,1
3800,1726,-1
90,1729,1
187,1729,-1
2824,1729,-1
3760,1729,1
90,1730,1
187,1730,-1
2826,1730,-1
3640,1730,1
90,1733,1
187,1733,-1
3209,1733,-1
3225,1733,1
90,1736,1
187,1736,-1
2915,1736,-1
3649,1736,1
90,1743,1
187,1743,-1
672,1743,-1
3619,1743,1
90,1744,1
187,1744,-1
2296,1744,-1
3621,1744,1
90,1745,1
187,1745,-1
3098,1745,1
90,1746,1
187,1746,-1
2809,1746,1
90,1748,1
187,1748,-1
1104,1748,0
3613,1748,1
90,1749,1
187,1749,-1
1104,1749,0
3688,1749,1
1341,1757,1
1871,1757,1
2017,1757,0
2126,1757,-1
2127,1757,1
2275,1757,0
1777,1758,-1
2468,1758,1
2358,1760,-1
2359,1760,-1
2360,1760,1
2455,1762,-1
3151,1762,1
2458,1763,-1
3151,1763,1
1342,1764,-1
2083,1764,1
2086,1764,-1
2450,1764,1
2474,1765,-1
3116,1765,1
3351,1765,-1
1342,1767,-1
2450,1767,1
2485,1767,1
168,1768,-1
2486,1768,1
1202,1769,1
1330,1769,-1
2485,1769,-1
2487,1769,1
1900,1770,0
2175,1770,1
2176,1770,-1
2489,1770,1
559,1771,-1
561,1771,1
2182,1771,1
24,1773,1
3713,1773,-1
2480,1774,-1
2487,1774,-1
2495,1774,1
2487,1776,-1
2487,1776,1
2269,1777,-1
2490,1777,-1
2491,1777,1
378,1778,-1
2266,1778,-1
3260,1778,-1
3295,1778,1
2018,1780,-1
2019,1780,1
2487,1780,-1
2492,1781,-1
2493,1781,1
1342,1782,-1
2450,1782,1
2500,1782,1
2499,1788,-1
2502,1788,1
2501,1790,-1
2501,1790,1
2014,1792,-1
2016,1792,1
2506,1794,-1
2509,1794,-1
2510,1794,1
1202,1795,1
1330,1795,-1
2511,1795,1
2508,1796,-1
2513,1796,1
2511,1798,-1
2511,1798,1
3792,1803,-1
3796,1803,1
2535,1804,1
3791,1804,1
3796,1804,-1
1202,1808,1
1330,1808,-1
3791,1808,-1
3792,1808,1
1202,1810,1
1330,1810,-1
3791,1810,-1
3792,1810,1
3791,1813,1
3792,1813,-1
2536,1819,1
3730,1819,0
3791,1819,1
3797,1819,-1
2777,1820,1
2778,1820,-1
1341,1821,1
1870,1821,1
3362,1821,1
3363,1821,-1
1871,1822,1
1872,1822,-1
3363,1822,1
1202,1828,1
1330,1828,-1
2570,1828,-1
2575,1828,1
2246,1832,-1
2564,1832,-1
2565,1832,1
2582,1833,1
2675,1833,-1
2575,1834,-1
2575,1834,1
999,1835,-1
1777,1835,1
2577,1835,1
2585,1838,-1
2587,1838,1
2957,1838,-1
2590,1841,-1
2594,1841,-1
2598,1841,1
2591,1842,-1
2594,1842,-1
2596,1842,1
1330,1845,-1
2599,1845,-1
2601,1845,1
2604,1848,-1
2605,1848,-1
2606,1848,1
1202,1853,1
1330,1853,-1
2616,1853,1
1202,1858,1
1330,1858,-1
2626,1858,-1
2627,1858,1
2622,1859,-1
2630,1859,1
2623,1860,-1
2631,1860,1
2624,1861,-1
2632,1861,1
2625,1862,-1
2633,1862,1
2627,1864,-1
2627,1864,1
751,1865,-1
2628,1865,1
2634,1870,-1
2636,1870,-1
2637,1870,1
1342,1871,-1
2450,1871,1
2641,1871,1
2642,1875,-1
2642,1875,1
1330,1876,-1
2645,1876,-1
2647,1876,1
2646,1877,-1
2647,1877,-1
2649,1877,1
1342,1878,-1
2450,1878,1
2651,1878,1
2652,1878,-1
1342,1881,-1
2450,1881,1
2655,1881,1
1202,1882,1
2655,1882,-1
2656,1882,1
1247,1883,-1
2657,1883,1
2654,1884,-1
2658,1884,1
2657,1885,-1
2657,1885,0
2657,1885,1
2656,1886,-1
2656,1886,1
2659,1888,-1
2661,1888,-1
2662,1888,1
1202,1890,1
1330,1890,-1
2665,1890,1
2663,1891,-1
2666,1891,1
1342,1892,-1
2450,1892,1
2664,1892,1
1202,1893,1
1330,1893,-1
2668,1893,-1
2669,1893,1
1202,1895,1
1330,1895,-1
2672,1895,-1
2673,1895,1
2671,1896,-1
2674,1896,1
2594,1897,-1
2597,1897,1
2676,1897,-1
628,1900,0
3045,1900,-1
3047,1900,1
3151,1900,1
3615,1900,0
336,1901,1
338,1901,-1
1202,1901,1
1330,1901,-1
337,1902,1
375,1902,-1
1330,1903,-1
2683,1903,-1
2685,1903,1
2692,1908,-1
2693,1908,-1
2694,1908,1
2695,1909,-1
2845,1909,-1
2848,1909,1
2697,1911,-1
2763,1911,1
2763,1913,-1
3151,1913,-1
3175,1913,1
2062,1914,1
2698,1914,-1
2698,1915,1
3151,1915,-1
3167,1915,1
305,1917,1
2699,1917,-1
2700,1917,0
2581,1920,-1
2583,1920,1
2702,1920,-1
90,1922,1
187,1922,-1
643,1922,-1
3572,1922,1
2716,1923,-1
2717,1923,1
3328,1923,-1
1672,1924,-1
2715,1924,-1
2716,1924,1
207,1926,-1
2725,1926,1
1248,1927,-1
2724,1927,-1
2726,1927,1
1003,1931,-1
2741,1931,-1
2743,1931,1
1863,1932,1
2744,1932,-1
3190,1932,-1
2713,1934,-1
2714,1934,-1
2747,1934,1
2747,1935,-1
2748,1935,-1
2749,1935,1
2522,1937,-1
2757,1937,1
1544,1939,1
3400,1939,-1
509,1943,-1
531,1943,-1
532,1943,1
510,1945,-1
537,1945,-1
538,1945,1
3307,1946,-1
3308,1946,-1
3309,1946,1
694,1949,-1
695,1949,-1
696,1949,1
1021,1951,-1
1022,1951,-1
1023,1951,1
1024,1952,-1
1025,1952,-1
1026,1952,1
505,1954,-1
523,1954,-1
524,1954,1
685,1956,-1
697,1956,-1
698,1956,1
492,1958,1
1340,1958,-1
1291,1959,1
1292,1959,-1
3111,1959,-1
185,1962,-1
1626,1962,-1
1771,1962,-1
2538,1962,-1
2966,1962,-1
2967,1962,1
2736,1964,-1
2737,1964,1
2759,1964,-1
2738,1965,-1
2739,1965,-1
2740,1965,1
2733,1967,-1
2734,1967,-1
2735,1967,1
662,1968,1
3108,1968,1
3110,1968,-1
2868,1970,-1
3272,1970,1
3272,1971,-1
3272,1971,1
2570,1972,-1
2575,1972,1
2768,1973,-1
2769,1973,1
3820,1973,0
2016,1975,-1
2017,1975,1
2779,1975,-1
948,1976,0
2780,1976,1
2781,1976,-1
2795,1983,-1
2902,1983,1
3151,1984,-1
3819,1984,-1
3877,1984,1
3151,1985,-1
3789,1985,-1
3876,1985,1
2798,1987,-1
3191,1987,1
366,1990,1
367,1990,-1
1813,1990,-1
1815,1990,1
90,1992,1
187,1992,-1
643,1992,-1
3572,1992,1
313,1995,1
2819,1995,-1
2820,1997,-1
2824,1997,1
3526,1997,-1
2412,1998,-1
3576,1998,1
2412,1999,0
2820,1999,-1
2823,1999,1
400,2001,-1
401,2001,1
1550,2002,1
1555,2002,-1
1408,2007,-1
1409,2007,1
830,2009,1
843,2009,-1
1342,2009,-1
2450,2009,1
2411,2010,-1
2826,2010,1
2833,2013,-1
3476,2013,1
2834,2014,-1
3485,2014,1
2750,2015,1
2835,2015,-1
1641,2016,-1
1641,2016,1
3485,2017,-1
3486,2017,1
1576,2018,1
1577,2018,-1
3479,2018,0
2879,2019,-1
3487,2019,1
2539,2020,-1
3478,2020,-1
3483,2020,1
585,2021,1
586,2021,-1
3488,2021,0
2808,2023,-1
2845,2023,-1
2849,2023,1
2853,2025,1
2864,2025,-1
1190,2026,-1
3008,2026,1
3326,2026,-1
2851,2030,1
2852,2030,-1
3311,2030,1
2853,2031,-1
2853,2031,1
1195,2033,0
1478,2033,0
1479,2033,0
1480,2033,0
2856,2033,-1
2856,2033,1
2857,2033,0
3121,2035,-1
3122,2035,1
3151,2035,-1
2192,2036,-1
2193,2036,1
1477,2037,0
2370,2037,1
2861,2037,-1
2861,2038,1
3872,2038,1
3873,2038,-1
2346,2039,-1
3151,2039,-1
3871,2039,1
205,2041,-1
211,2041,1
2864,2041,-1
2837,2042,-1
2841,2042,1
2871,2049,-1
3744,2049,-1
3754,2049,1
1202,2050,1
1330,2050,-1
3792,2050,1
1202,2051,1
1330,2051,-1
3792,2051,1
1202,2052,1
1330,2052,-1
3791,2052,-1
3792,2052,1
1689,2054,-1
2876,2054,-1
2877,2054,1
944,2055,0
2880,2055,1
2881,2055,-1
996,2056,0
2783,2056,1
2882,2056,-1
3035,2058,1
3036,2058,-1
3037,2058,1
2320,2060,1
2323,2060,-1
3313,2060,1
2322,2064,1
2330,2064,-1
90,2066,1
187,2066,-1
1406,2066,1
90,2067,1
187,2067,-1
3737,2067,1
90,2068,1
187,2068,-1
2321,2068,0
2322,2068,-1
2323,2068,1
90,2069,1
187,2069,-1
2101,2069,-1
3782,2069,1
90,2070,1
187,2070,-1
2521,2070,0
3765,2070,1
2896,2075,-1
3208,2075,-1
3209,2075,1
1538,2078,1
1539,2078,-1
2901,2078,0
2902,2078,0
2903,2079,-1
2904,2079,1
1078,2080,1
1342,2080,-1
2450,2080,1
2467,2080,1
2485,2080,1
2903,2080,1
90,2081,1
187,2081,-1
3743,2081,1
2237,2083,1
2907,2083,-1
2845,2085,1
2846,2085,-1
3643,2085,0
90,2086,1
187,2086,-1
3630,2086,1
3644,2091,-1
3644,2091,1
945,2092,0
2916,2092,1
2917,2092,-1
2919,2093,-1
3009,2093,1
2843,2095,-1
2921,2095,1
3178,2095,1
2923,2096,-1
2924,2096,1
2927,2098,-1
2929,2098,1
3361,2098,1
2930,2099,-1
2930,2099,1
90,2100,1
187,2100,-1
3114,2100,-1
3115,2100,1
2994,2104,-1
3001,2104,1
3349,2108,-1
3350,2108,1
3854,2108,-1
2933,2110,1
2934,2110,-1
2935,2110,-1
331,2111,1
1836,2111,-1
2859,2111,-1
488,2112,-1
493,2112,1
3768,2112,-1
90,2115,1
187,2115,-1
568,2115,-1
569,2115,1
1644,2118,-1
2950,2118,-1
2951,2118,1
2937,2119,-1
2952,2119,-1
2953,2119,1
440,2120,-1
2954,2120,-1
2955,2120,1
3,2123,-1
4,2123,1
2962,2123,-1
5,2124,1
2963,2124,-1
3824,2124,0
209,2125,-1
2965,2125,1
208,2126,1
209,2126,-1
2965,2126,0
2729,2127,0
2977,2127,-1
2978,2127,1
1806,2128,1
1807,2128,-1
2978,2128,0
667,2129,-1
2979,2129,-1
2980,2129,1
2878,2130,-1
2963,2130,-1
2972,2130,1
2982,2131,-1
2983,2131,0
3852,2131,1
3118,2133,-1
3123,2133,1
90,2135,1
187,2135,-1
3005,2135,1
90,2136,1
187,2136,-1
3119,2136,-1
3120,2136,1
1070,2137,1
3002,2137,1
3015,2137,-1
1368,2138,-1
3018,2138,-1
3478,2138,-1
3491,2138,1
121,2139,1
3020,2139,-1
3025,2141,-1
3026,2141,1
2,2142,-1
6,2142,1
747,2145,-1
3039,2145,-1
3041,2145,1
2079,2146,-1
3042,2146,1
2860,2148,-1
3043,2148,-1
3044,2148,1
1703,2152,-1
3045,2152,-1
3049,2152,1
1579,2154,-1
1581,2154,1
2680,2154,-1
90,2156,1
121,2156,0
187,2156,-1
3557,2156,1
2960,2157,-1
2961,2157,1
3105,2157,-1
1775,2158,-1
3066,2158,-1
3067,2158,1
479,2163,-1
480,2163,0
3074,2163,1
3077,2163,-1
1906,2166,-1
1907,2166,1
1540,2168,-1
1582,2168,-1
3185,2168,1
479,2171,-1
3060,2171,1
591,2172,0
1008,2172,-1
3057,2172,-1
3058,2172,1
3058,2173,-1
3059,2173,1
3090,2174,1
3091,2174,-1
3092,2174,0
2378,2175,1
3093,2175,-1
1578,2176,1
2378,2176,-1
3093,2176,1
3151,2176,-1
3094,2177,-1
3641,2177,1
3094,2178,1
3179,2178,1
3477,2178,1
3641,2178,-1
338,2180,1
2682,2180,-1
1265,2181,-1
1266,2181,1
2940,2182,-1
2944,2182,-1
2945,2182,1
2941,2183,-1
2946,2183,-1
2947,2183,1
212,2185,-1
1874,2185,1
2762,2185,1
205,2186,-1
212,2186,1
3063,2186,-1
1499,2188,-1
1500,2188,1
3104,2188,-1
1158,2190,1
1175,2190,1
1253,2190,1
1711,2190,-1
1722,2190,1
1128,2191,1
1175,2191,1
1713,2191,1
1714,2191,-1
1167,2192,1
1175,2192,1
1254,2192,1
1717,2192,-1
1723,2192,1
1135,2193,1
1175,2193,1
1252,2193,-1
1255,2193,1
1724,2193,1
3478,2196,-1
3478,2196,1
3651,2196,0
1267,2197,-1
1269,2197,1
83,2198,-1
368,2198,-1
369,2198,1
2099,2199,-1
3366,2199,1
2144,2201,-1
2145,2201,1
1227,2202,-1
1227,2202,1
2203,2202,0
3373,2202,0
3847,2202,0
1146,2211,1
1175,2211,1
2144,2211,1
2146,2211,-1
1202,2212,1
2145,2212,-1
2147,2212,1
3102,2214,-1
3103,2214,1
3117,2214,-1
2252,2216,-1
3124,2216,-1
3125,2216,1
90,2217,1
187,2217,-1
918,2217,0
920,2217,0
3508,2217,1
90,2219,1
187,2219,-1
374,2219,1
3783,2219,-1
1,2220,1
3,2220,-1
5,2220,0
3107,2227,1
3113,2227,-1
3314,2230,-1
3314,2230,1
1105,2234,-1
1122,2234,1
3032,2234,0
1010,2236,1
1013,2236,-1
3004,2241,1
3128,2241,-1
1268,2243,1
1702,2243,-1
2925,2245,1
3141,2245,1
3142,2245,-1
1342,2247,-1
2451,2247,1
2457,2247,-1
2544,2247,1
1342,2250,-1
1858,2250,1
1860,2250,-1
3151,2250,1
1342,2251,-1
1773,2251,1
1774,2251,-1
3151,2251,1
3146,2252,-1
3180,2252,1
2836,2255,-1
3478,2256,-1
1369,2260,1
3151,2260,1
3867,2260,-1
3179,2262,-1
3179,2262,1
760,2264,-1
3151,2264,-1
3161,2264,1
1884,2268,1
2696,2268,1
3151,2268,-1
3176,2268,1
3478,2268,1
3486,2268,-1
1939,2272,-1
3542,2272,1
3148,2273,-1
3149,2273,-1
3150,2273,1
90,2274,1
1856,2274,-1
1857,2274,1
1116,2275,-1
3192,2275,1
90,2277,1
187,2277,-1
1342,2277,-1
2131,2277,1
2803,2277,1
3830,2277,1
3863,2277,1
3866,2277,-1
3214,2279,-1
3246,2279,-1
3247,2279,1
3213,2283,-1
3216,2283,-1
3217,2283,1
90,2285,1
187,2285,-1
3200,2285,1
3218,2285,-1
3249,2286,1
3250,2286,-1
3251,2286,0
3252,2286,0
3253,2286,0
3254,2287,-1
3255,2287,-1
3256,2287,1
181,2290,-1
1148,2290,-1
3261,2290,-1
3262,2290,1
3270,2294,-1
3271,2294,1
2868,2295,1
3257,2295,1
3270,2295,1
3272,2295,-1
3270,2296,-1
3270,2296,1
3271,2297,-1
3271,2297,1
1632,2298,0
1689,2298,-1
2877,2298,0
3268,2298,0
3275,2298,0
3288,2298,1
3370,2298,-1
3371,2298,-1
3033,2299,0
3828,2299,-1
3828,2299,1
3271,2300,-1
3271,2300,1
90,2301,1
187,2301,-1
3519,2301,-1
3832,2301,1
90,2302,1
3287,2302,1
3293,2302,-1
3832,2302,1
3276,2305,-1
3281,2305,1
1115,2306,-1
3286,2306,1
1855,2308,-1
1856,2308,1
2703,2308,-1
792,2309,-1
1862,2309,-1
3282,2309,1
2201,2313,-1
2202,2313,-1
3287,2313,1
1997,2314,0
3296,2314,1
3297,2314,-1
1896,2316,-1
3151,2316,-1
3170,2316,1
3024,2318,-1
3303,2318,1
3301,2319,-1
3304,2319,1
808,2328,1
809,2328,1
810,2328,-1
3312,2329,1
3323,2329,-1
641,2331,-1
3492,2331,-1
3494,2331,1
3606,2331,-1
3319,2332,-1
3785,2332,-1
3786,2332,1
3319,2333,1
3601,2333,1
3602,2333,-1
3319,2334,1
3376,2334,-1
3377,2334,1
3312,2336,-1
3312,2336,1
3321,2337,-1
3323,2337,1
3821,2337,-1
730,2338,1
983,2338,-1
1445,2338,1
2187,2338,-1
2428,2338,1
2718,2339,1
3151,2339,-1
1922,2344,-1
1924,2344,1
1926,2344,1
2099,2345,-1
3365,2345,1
3414,2345,-1
132,2348,1
1342,2348,-1
2289,2349,1
2290,2349,1
2291,2349,-1
84,2352,0
1642,2352,1
1871,2352,1
1872,2352,-1
1951,2352,1
1540,2354,1
1907,2354,-1
3086,2354,1
3413,2354,1
2772,2359,-1
2775,2359,1
2375,2361,-1
3417,2361,0
3418,2361,1
3419,2361,0
3416,2363,-1
3417,2363,1
632,2365,-1
3422,2365,-1
3423,2365,1
3427,2369,-1
3428,2369,0
3429,2369,1
3430,2369,0
3431,2372,-1
3432,2372,0
3433,2372,1
3434,2372,0
2375,2374,-1
3436,2374,0
3437,2374,1
3438,2374,0
3439,2374,0
3193,2375,-1
3439,2375,1
2375,2380,-1
3450,2380,-1
3451,2380,1
602,2383,1
3452,2383,-1
1318,2384,1
3452,2384,-1
2376,2386,1
3453,2386,-1
1943,2389,-1
1944,2389,1
3460,2389,-1
3478,2391,-1
3479,2391,1
1807,2392,-1
3483,2392,-1
3484,2392,1
586,2393,-1
3487,2393,-1
3488,2393,1
641,2394,-1
886,2394,-1
2879,2394,-1
3493,2394,1
1503,2395,1
1505,2395,-1
3499,2395,1
3322,2397,-1
3504,2397,1
218,2398,1
3334,2398,-1
3505,2398,1
240,2399,1
3336,2399,-1
3505,2399,1
282,2401,1
3340,2401,-1
3505,2401,1
1114,2402,-1
3202,2402,1
1878,2403,-1
3200,2403,-1
3201,2403,1
2303,2405,-1
3207,2405,1
2825,2408,-1
3229,2408,1
90,2409,1
187,2409,-1
3099,2409,-1
3100,2409,1
2268,2410,-1
3227,2410,-1
3228,2410,1
249,2412,-1
252,2412,1
294,2414,1
295,2414,-1
3762,2414,-1
90,2417,1
187,2417,-1
3718,2417,1
3728,2417,-1
90,2425,1
187,2425,-1
1452,2425,-1
3631,2425,1
3311,2426,0
3558,2426,-1
3558,2426,1
3735,2426,0
519,2429,1
3573,2429,-1
1493,2430,-1
1494,2430,1
1705,2430,-1
3573,2430,-1
3587,2434,-1
3588,2434,1
2517,2435,1
2518,2435,-1
3588,2435,0
1554,2443,-1
3401,2443,1
3826,2443,-1
90,2444,1
187,2444,-1
2536,2444,1
2537,2444,-1
2783,2444,1
3792,2444,1
3644,2445,1
3645,2445,-1
893,2446,1
905,2446,-1
3645,2446,1
3651,2448,1
3654,2448,-1
90,2451,1
187,2451,-1
3663,2451,-1
3664,2451,1
90,2452,1
187,2452,-1
2208,2452,-1
3599,2452,1
1779,2453,1
3687,2453,-1
548,2455,-1
3697,2455,-1
3708,2455,1
90,2456,1
187,2456,-1
3592,2456,1
3697,2456,1
3708,2456,-1
90,2457,1
187,2457,-1
2335,2457,-1
3687,2457,1
90,2459,1
187,2459,-1
1803,2459,1
3711,2460,-1
3712,2460,1
3719,2461,-1
3720,2461,1
3777,2470,-1
3778,2470,1
1202,2472,1
2570,2472,-1
2575,2472,1
2226,2473,-1
2227,2473,1
2532,2473,-1
90,2475,1
187,2475,-1
1750,2475,-1
3597,2475,1
1775,2477,-1
3067,2477,0
3456,2477,1
1918,2482,1
1930,2482,-1
3413,2482,-1
385,2489,-1
3582,2489,1
3820,2489,-1
3820,2490,-1
3820,2490,1
734,2492,-1
3834,2492,1
2514,2493,-1
3833,2493,1
1917,2495,-1
3843,2495,1
1854,2497,-1
3275,2497,1
3849,2497,-1
3270,2498,1
3271,2498,-1
3294,2498,1
2113,2499,1
3151,2499,1
3869,2499,-1
94,2502,-1
3885,2502,-1
3886,2502,1
98,2504,-1
3888,2504,-1
3889,2504,1
105,2506,-1
3892,2506,-1
3893,2506,1