800
0
37,1658,781
2
3
4
6
7
9
11
12
14
965
19
20
677,1168
22
843,1348
23
25
2613
27
29
30
31
33
36
68
1305,2808
40
41
42
47
49
1572
1417
51
2329
54
798
1411
2388
59
61
126,850
66
67
70
2638
73
376
1101,2738
76
80
2238
1477
81
1356
82
212,2728,1259,2742
84
85
86
2077,903
90
89
88
1223
91
93
94
374
95
96
991
2595,1861
415,687,1588,1413,2500,1885,1025,1178,1026,187,1432,317
99
230,2670,363
102
103
1740
104
2219,2755,1283,947,1225,1764,1302
106
889,393,305,2805,297,2123,2704
1544
110
111
2414
113
114
116
119
118
121
2750,2729
124
125
232
127
128
129
130
131
2817
133
134
136
138
139
142
1567
1300
147
148
1829
150
152
153
154
156
157
159
1062,1254
162
163
165
164
166
911
1048,2170
170
1726
2631
172
173
174
177
176
1777
182
181
186
857,547,2118,482,2396,2498,105
190
191
193
194
2129
195
198
998
200
201
2646
202
203
1229,1781
205
204
206
1332
208
209
210
1242
211
213
214
218
222
225
886
227
2699
2825
236
384,1772
235
237
239
1473
241
863
245
246
250
251
252
39,860,1842,2081,2203,2379
255
2193
725
257
258
259
260
261
264
1768
2415,2026
267
268
269
273
274
275
276
2238
279
280
1380
2539
288
289
290
1827
293
1411
295
296
298
1179,243,1307,1222,2171,2618
300
301
1322,83,1427
2761,1879
304
306
1760
1661
307
309
308
310
311
314
313
312
315
26
161
318
319
320
321
323
324
322
325
326
329
330
332
333
335
334
336
337
338
341
340
342
430,2746,1678
1250
343
346
345
347
348
2238
354
2596
355
357
1329,240
359
360
361
362
1409
365
366
368
370
373
372
1944
938
375
1097
2175,1710,2807,801,1344
2720,1161
2543
380
381
382
385
384
386
861
958
388
390
556
391
394
994
395
396
77
398
400
2431
402
403
404
405
840
810
408
2585,1627
410
412
414
1422
416
417
522,2793,955,2671
420
421
422
423
216
428
1288,1896,32,1566,2446,2608,377
431
432
1248
433
435
436
437
1928,758
439
440
23
441
2416
2301
442
542,2015,60,623,1785,92,1864
445
446
448
450
451
455
2830,524,1714,2182,869
459
461
655,1865
456,907
463
467
468
2485
470
472
1968,46
1748
473
1585,2358,1461
1211,1055
476
477
478
1917
13
484
485
488
489
490
492
800
2543
494
496
803
499
500
501
505
504
506
715,1249
2060,244
507
510
1392
2672
511
512
513
515
516
517
519
520
521
523
526
527
529
1483
1185
530
531
532
534
536
537
538
2606,234
543
540
541
1430,2304,2473,2372
544
546
618
508
549
1384
2033
550
1118
2617
1308
553
1887
1060
557
558
559
560
563
739
564
565
1733
566
2496,682
569
2517
2126
23
572
573
574
575
576
577
578
580
582
585
587
1315
589
2833
594
595
593
596
597
598
599
600
1173
171
1237,848,503,1162,1046,189,891
1436
292
604
606
605
638
609
611
612
614
613
1734
2238
616
1735,2073,221,262,52,384,1365,1978,1920
617
618
620
1370,137
622
109,379,830,637,2285,2125,2363
624
625
626
627
628
630
2560
631
1866,270
1547
635
2629
639
826,1124
641
643
644
645
647
1167,1087,279
648
650
168,1483,330,2673
115
652
2038
2760
654
656
657
658
660
662
2162,2199,1751,1096,752,2684,584,2048,632,1112,351
663
2088
665
539
667
364,1677
532
803
670
1616,406,2573,2417,449
676
678
680
681
685
2230,48
689
690
691
694
695
696
697
278
469
443
1477
701
938
704
399,18
705
870
707
709
1590,1518,369
711
1269
2783
714
256,2816
716
718
717
720
721
722
723
2299,1057
724
835,465
728
1877
731
795
1756,591,823,518,2532,1915,1354,228,2815,2572,706,2172
733
1133
736
737
738
2248,1739,2773,2069,2320,2734,1110
740
479
744
745
746
747
1383
750
2079,664
1500
751
822,108
753
2801,2528
754
755
756
757
1003
761
763
765
766
963,294
772
774
773
771
775
344
2646
778
358,1525
780
781
782
784
970
787
545
790
791
24
794
793
796
795
1016,1831
797
799
2535
2112
802
804
2414
806
808
809
2762
810
2298,389
811
813
814
815
816
817
818
819
820
2347
824
825
144,486
827
828
833
1914,786
834
835
836
838
840
841
844
1617,2205
2551,299
846
845
849
2757
851
854
855
1469
647
132
1407,1820
2373
2526
865
1704,1063
868
870
872
873
875
877
879
882
885
886
887
888
2477
896
894
403
895
893
883
897
899
898
1204,2272
902
1985
2097,2425
8
914
908
913
910
912
911
1959
915
919
921
922
920
925
924
923
1324
928
1115,1691
17,2337,2487
930
932
631
934
179,1552
938
939
710
2740,1399
944
946
458
948
949
337
950
952
2153
953
954
956
957
2476
959
961
862,2621
2144,2724,1634,302
964
1123
968
969
970
971
972
2533
975
976
977
980
2455
981
983
984
986
2383
990
992
993
303,231,57,2410
995
2788,2005,1782,1321,2818
287,2785
996
999
1000
789
2275
880,698
1002
1004
900
506
712,2561
1007
1009
328,610
1010
1011
1012
1013
1014
382,1085
1021
1017
1921
1019
2033
1028
2200
724
1030
927
1033
1034
1035
75
1037
1038
1041
1042
1044
2164
2013
200
1047
1973
1049
1051
1052
1054
792
1058
1297,457
1163
1059
1061
769,2327,1884,1836
330
1066
1067
265,1541
1069
1070
1450,876,2083,2730,1438,1646,2803
1072
2586
1073
962,44,1332
1074
175,2627
1077
1078
1080
2335
1082
1485
1083
1770
2294,480
2760
631,213,435
1088
1091
1093
1092
1098
208
1099
1100
1101
1102
1104
1103
1106
1113
1114
1117
1118
1119
1120
1121
1122
1127
1130
1129
1128
1132
1131
1133
1134
1135
1138
1139
35
91
1402
1695,2541,2121,2316,349,1398,2499
1142
1271,493,646
1144
1145
1146
1151
1152
1153
1921
1154
2103
818
1156
1157
1158
1539,460,2361,2706,462,2206,183,2440,748,2465,2293,2531
1160
1273
2831
2378
1164
298
1166
1167
1169
1170
1177
1172
1174
1173
1176
1180
1183
331,123
1436
642
1186
1184
1313
1188
1189
1190
910
1191
1193
1192
1194
2185
1196
1199
726
1202
1201
1200
1207
1206
1208
1209
2442,474
1214
1215
1216
1218
1221
1224
1223
1227
1656,570,673,2131,2071,581
1230
1231
1232
1233
1006,2643
1235
1236
1238
184
1242
1243
1245
1246
1247
466
10,146,2354,779,1373,1275,419,1962,2556,2571,424,583
1666
1251
1252
1253
1256
1626
192
1541
1260
1261
1262
1263
592
1265
1267
1268
1269
1270
2680
1274
1276
1277
1279
1278
1280
1282
1281
1285
1289
1291
1292
1241,1491,2055
261
2341
1296
1298
115
1300
1304
2040,1330,2251
1306
1572
1309
37
1311
1964
1312
1064
1314
2064
734,1846
1319
1316
1318
1317
1320
1311
1323
2189
1325
1326
1327
1328
1076,2300,38,1897,226,693
2142
586
1331
1333
196
1335
2247,997,2159
686
2154,2439,1290,1578
1337
1338
2633,525
1339
2637,2128,812,2756
1341
1346
2459,571,1362,579,2598,197,1538,207
1913
1353
1352
1351
631
1355
989,1501,1986
2365,2325
1357
668,1045,1673,2731
1360
1361
409,1484,2649,1008
1363
292
1366
1367
1369
1181,330,1038
1371
1374
1372
1375
1377
2791,215,1217,491
1378
497
1380
1381
656
1383
1384
1385
1386
1387
1388
1389
2414
2709
1393
1394
2414
929,1187,2181,483,1848,967,158,2016,2115,1953,982,979
2212,1141
1801
1401
1159
1403
233
1404
1405
2630
2141,847,2312
1408
1658,1284,781,1020,1987,2657,789,1051
1410
1411
1844,742,2158,767,2810,2736,904,1071,1015,1632,871,1945,72,1210,649,1299,683
1412
1414
1417
1418
431
1420
1421
387,1226
1423
1094
1023,1608
1364,1240,552
1424
1426
1425
764,229,2514,2165,502
1431
1433
1165
141
741,2006,1244,53,1712,101,2273,926,978,1853,671,1577,56,735,383,454,429,1111,1587
1435
1437
2744,213,631,435
1439
1442
1443
1444
1445
1446
1447
1448
1449
1451
1453
1454
1455
1457
1458
1459
2238
1462
1463
1461
1466
1465
1467
1470
1471
1220,16,249,1597,2045,2557,1293,974,943,554,937,272,120,1079,2503,1554,2348,1826,1716
1474
1477
1476
2050,2781
1478
1479
1480
2663,742,1299
1481
832
1482
1486
1487
1489
1400
1626
1490
2302
1492
1495
1496
1497
1499
1301
444
1502
1503
1504
1505
1506
1507
874
1511
1514
1516
74
987
861
1522
1334
2047
1523
1524
107
1526
1527
185
1529
1528
2414
1532
1533
1534
1536
1118
1537
1542
23
2289,834,1787
1647,867
1287,713,1937,732,2204,2106,2676,1149,339,884,135,2545,1520,1715
1890
1550
825
1551
1553
1555
1556
2038
2831
1559
1557
1558
1560
1561
1564
621
1027
1563
1565
1569
1568
803
199
356,1535
1571
1574
2441,2377,1286,2510,266,141,1090,2355
508
1579
1581
1582
1583
151
1586
647
1589
1591
1592
1595
1596
2617
1598
1599
248
1600
1601
87,1001
180,1143
1602
1603
1123
535
2033
1604
1605
1606
1258,2229,352,1755,2093,2091,2111,852,1594,63,1792
1607
1609
1610
1611
1613
1614
1841
1615
1618
1264
1619
1621
1622
1620
2307,1773,2686,281,1460,2220,2580,1494,1136,464,2281,2472,2082,1635,2677,1040,561,1081,28
1624
254,2404
1625
1630
2238
2186,509,367,1911,2705
1593,940,1540,945,1147,350,1649
1633
2744,818,2202
438,719
1637
1638
1639
1640
1641
1643
1642
1644
1645
1648
1750
1650
1651
1653
1654
727,684,1760,2735,327
1657
1659
1660
1584
1663
803
1664
167
1667
1668
1669
1671
1674
213
1675
160,481,2291,2832,1562,881,1212
1679
1680
1681
2397
1036,1767
608,859
1981
1684
1483
1686
1687
1688
1689
1690
1692
730
1693
1694
2741
1696
1697
1698
2103
1699
1700
1701
2147
1702
1703
1705
1706
1707
1708
1709
1713
2101,2249
1717
1718
1880
1038
2301
1720
1721
1722
1723
1726
1727
1728
842
1731
1732
1801
1734
1737
1736
24,856,208
1738
1741
1742
653
1745
1746
286
1747
1752
1753
2759,2445,2303,143,743,1531,2343
1754
1758
1759
1757
1760
1761
1762
1763
1766
397,2592
1771
140,1105,2466
1814
906
1774
426
1775
1776
1778
1779
633
2748
1783
2238
1786
1791
1788
1790
1793
181
64,629
1039,2480,1310,2269
1796
1797
31
1798
1800
1167
1802
1912
1803
427
1804
1806
1807
1809
1810
1345,2176,2740
1811
1812
1814
1929
1816
1818
803
1819
2678
953
837
1823
1873,1358,1024,1996,2044
1822
1821
1824
2709
1828
1308,378,2654
1829
1830
230
1336,98,1648,2268,2668
1832
1833
1834
304
634
1835
2426
1837
1838
1839
1840
1841
1332
1313
1843
1847
1303,839
1850
1851
1854
1855
2661,1519,1815,2708,2137,50,2589
1856
1053,988,2745
1402
1857
1858
1859
1938
1984
686
817
829,2619,1472
890,2386,1415
1809,1213,1959
2301
2072,1109
1084
1867
1868
1869
1870
141,2554
1874
1875
1876
1877
1878
2820,1860,434
1880
1881
1546,55
675
444
1883
1886
1887
1888
1889
2776
1892
1894
1898
1921
1900
1899
1901
1125
1903
1904
1905
1907
1906
931
1908
1165
1379
1765,2772,1150
2330
1125
1916
1391,2339,425
1382
1923
1921
1922
217,562,15,659,224,1050,1205,447,2022,1440,2570,2597
1926
1927
1928
1929
1930
1428,1126
1933
1575
1935
2834
1938
1940
1939
1941
2575,2096
58,700
1942
1943
602
2441
2057
1948
1949
973
1951
1952
1955
2744
1957
1958
1960
1961
188
1311
1963
1966
1964
2583,901,951
1967
117
1918
1969
2497
1972
1973
1974
1975
1976
1517
1977
1946,1349,636
2457
2301
1982
1983
97,1171
1087
1989
1990
23
688,2641,2666,2037
1992
1991
1234,2648
1993
2009,1347
1994
1998
1999
2001
2002
2003
2049
2010
2008
2012
277,1065,2550
910
2014
2266
2018
2504
2020
2021
2023
2024
2025
1670,1573,392
2027
2028
2029
2030
1628,1980
2715,1434
2031
2369
2034
2035
2038
2039
2041
890
2042
2043
2046
1031
1350
2054
679
2056
2058
2059
1419
2061
2062
2063
2067
2066
2065
1991
2068
2070
818
2074
1808
2075
2076
1847
2078
1852,2775,1954,1749,2053
1018
2085
2084
2086
2087
2461
2090
2094
1971,1029,45,2210,1769,2245
2100
2095
374
2674,2017
2098
2102
2104
2105
2107
2108
1510
2659
2109
2110
2116
2117
2120
2119
601,1932
2122
2124
2596
2127
1255
2458
2132
2133
1789
1924,669,1631
2543
2138
2139
2140
1043,219
2143
2142
273
858
2146
2145
2147
2148
2149
2150
2155
1662,1863
2156
2160
2161
2032
2163
892,2080
2443,1508,1891
2167
2168
2166
168
2173
2277,1925,1652,5,567,2782
2177
2178
2179
2180
2183
2184
2187
2188
2352
2189
2190
2191
2193
2194
2192
2196
2197
2198
1655
640,935
1197,353,2000,866,220,1623,1825,588,831,1493,1725,936
2201
1545,1295,1795,316,2169,942,666,2484,785
2207
2238
2208
1780,2492
2174
1086
2211
2213
2215
2216
2234
2052,1475,2135,1468,1950,2509,985
2217
1436
2218
2221
2222
1406
2224
2225
2226
2227
2228
2587
2231
2234
2235
2233
2232
2236
2237
1944
2238
2240
2241
2239
2242
2243
1022
2244
2246
401
2250
2252
2253
2254
2255
2256
2257
2258
2259
2260
2262
2263
2264
34
1267
2265
2270
2267
2268
2271
1452,1665,1512,2130,413,555,2396,1817,2560,2498,105,2516,857,2470,1743,966,2118
1612
2274
2279
2280
2283
2284
2282
2286
2287
727
2288
2709
2290
169
2292
1711,960,155,2051,2483,2429,514,2555,2780,699,1203,247
2638
1895,1395,762,1813,2007,2790,2004,291,1794,1893,407,263,2520,1068,2036,2114,71,1195,1137,1543,2644,2588
2296
2336
528,1988,1397,1676,178
2295
2297
2665,1629,2113,2340,918
2261,702,783
2304
684
2033
2306
2305
2652
2309
2310
1934
2311
2530,2420,619
2313
2314
2315
2317
2318
2319
2321
2322
2323
2324
2326
795
1181
2630
2331
1315
2333
2334
21
374,1441
916
2502
2639,1862,1133
1965
1908,1881
2232
2341
2342
2345
2346
2347
2349
2350
2262
2406
2351
1592
759,1956,1075
2353
2462
1576
1530,2513,1521
2356
2359
2360
2362
2364
2366
2367
2368
2369
2370
69,2099
2372
2371
2474,2089
78,2391,1056
2375
1107
2374
2376
1155
2380
2381
2382
2384
2385
2387
788,452
1902
2389
519
2390
2392
2328
2393
2394
2395
2399
2401
2402
2403
2656,2400,909,1682,661,100,43,2812,651,2357,1116,807
1257
2405
2406
2408
703,79,2797,1845,1719,1683,2789
517
2411
1340
2412
2413
282
242,615
2347
2418
2419
2421
1429,1148
2422
1038
2423
2424
487
2426
2427
2428
2430
149,2468,2151
1118
2432
2434
2435
2436
548
2437
2438
91
2276
2444
2447
630
1938
2448
2449
2450
2452
2453
2454
2456
2460
2464
1570
2467
2469
2471
658
805,2753,1979
777,1730
2476
1089,1498
2478
2479
2482
818
2481
2485
2486
941,1921
2489
1549,253
2490
475
2491
2494
1509
2495
2497
2501
2502
2507
2506
1744
2508
2511
2512
2308,1140
2515
1396
2518
2519
2521
2522
2523
2525
2527
2529
2533
2534
2538
2536
853,1198
2544
2542
1672
1513
2546
2547
2548
2549
708,65,1936
2743
2552
2553
2558
2559
910,2238
2733
1182
2563
2562
1636,1970
2433,1342
2564
2565
2569
2567
2568
2566
271
2574
2576
2578
2577
2579
2581
1269
2582
2584
1175
760
1488
2590
2591
2593
2463
2594
2596
2599
388
2600
1724,821,1729,284,411,603,1219
2601
2602
2605
62
2185
2603
2604
2607
2535
2209
2610
2609
2488
2611
803
2612
1464,917
2614
2615
2616
2620
1502
2624
2623
2625
2622
2626
2628
2630
2632
2634
145,2152,384,607,949,2475,2195,1920,2451,2134
2635
1660
770,2540
1871
2640
2033
238,2157
2642
2011
2645
994
1912
2647
864,1095,2019,768,2407,1390,568,729,1272,1580,1359,122
2650
2651
2653
2655
2493
2658
2659
2660
2414
2662
1294,1931,551
2664
2667
418,2223
2669
656
2675
1850
933
2636,1515
2679
2537,1805
2680
2681
2682
1910
2685
2687
2690
2689
2688
2691
2692
2693
2694
2695
2696
2697
2698
2699
2700
2701
2702
2703
2707
2709
2710
2711
2712
2713
2714
2716
2717
2718
2719
2721
2722
2723
692,498,1784,2398,453,1849,471
2725
2726
115
2214,2278,1919
2732
1239
2737
1799,283,1947,1266,1228,1548,1005
2739
1343
2092
905,1997
1368,112,1456,1995,2727,2338,371
590,2524
2409
2747
1020
2749
2751
2752
2754
2758
132,1909,2683,457,1882
1685,1872,2332,2764,2505,2344,674,878,1376,285,1032,495
760
749
68
2763
1921
2765
2769
2767
2768
1108,1416
2766
2770
776
2771
2774
2777
2778
2779
2784
2786
2787
1701
2792
2794
2795
2796
2798
2799
2800
2802
2804
533
2806
2136,672
1
223
2809
2811
2813
2814
2819
2821
2822
2823
2824
2826
2828
2827
2831
2829
2301
2834
2835
2836
