1
2
3
4
5
6
7
8
91,624
11
12
14
15
16
17
750,758,773,787,795,796,801,804,885,889,890,891
739,743,746,749,751,762,774,792,798
25
26
27
28
29
30
31
32
33
34
33,35,107,111
35
36,196,865
37
34,35
35,108
39,41
39,679
32,38
35,196
35,549
40
41
42
43
44
45
46
47
43,378
411,756
49
49,186
50
51
52
53
58
59
9,19,202,664
310,311
61
62
63
62,259
64,595
62,386
62,435
66
17,66
59,68
70,835
70,894
69,174,572,614
71
378,906
72
73
74
75
76
77
78
80
80,81
83
84
85,93
85,848
93,188
92
89
89,624
90
90,624
92
94,96
95,408
97
98
97,100
102,520
101,554
102,519
102
103
104
107
108
107,109
107,109,195
110
111
113
114
115,386
116
117
118
119
118,767
431,597,598,646,654
123,124,125,126,128
127
139
140
141
142
143
140,166
144
145
146
147
148
149
150
151
152
153
154
155
156
157
158
159
160
161
162
163
164
164,237
166
170
171
172
173
176
177
178
179
181
268,881
183
66,79,112,164,317,449,486,487,488,620,666
313,489,490,611,612
186
187
86,99
87,182
87,880
88,99
180,764
180,766
129,130,131,132,133,134,135,136,137,138,458,459,460,461,491
118,189
190
139,192
193
194
195
196
197
198
199
203
205,456
204,411,756
54,204,411
204,411,827
205
212
213
215
216
217
218
102,221,628
581,725,738,741,776,882
219,220,478
222,665
223
224
225
226
221,226
227
228,230
182,229
231
10,232,284
234,235,236
237
238
238,821
239
240
241
242
242,246
243
244,245
245
246
247
248
249
250
251
252
253
254
221,254
256,519,544,651
257
257,433
259
260
261
262
264
265,266
267
269
270
271,273
272
272,434,810
280
281
281,810
282
283
283,810
10,284
285
286
287
289
290
291
292
293
294
295
296
297
298
298,812
258,299
300
301
302
302,435,810
303
304
304,812
305
306
308
309
312
313
314,712,714
315
316
318
319
27,321
239,322,324
322
239,322
323
164,203,237,320
325
326
327
30,76,327,706
329
330
331
331
332
332,435,812
335,555
336
340
339,344
342
120,169,200,211,214,263,288,338,341,341,369,377,380,383,457,578,603,672,689
777
262,344,363,561
343,344
314,342,363,561,714
342,363,561
344,582
16,346,347,797
50,346,347,797
346,797
206,207,208
50,347
210,368
55,350
55,343,350
345,350
371,374
372,375
358,359,360,361
20,50,262,363,561
21,50,262,363,561
22,50,262,363,561
23,50,60,262,363,561
50,262,363,511,561
50,262,363,512,561
50,262,363,513,561
50,262,363,514,561
50,262,363,517,561
50,262,363,534,561
50,262,363,537,561
262,354,561
262,362
264,354,561
264,362
24,50,262,363,561
50,262,363,513,561
50,262,363,517,561
50,262,363,537,561
348,354,642
262,363,561
353,355
349,363,642
366
367
378
379
384
385
168,209,337,364,365,370,373,376,381,382
386
386,432
392
352,392
307
203,393
394
395
396
396,812
397
398
399
400
401
402
403
404
404,519
404,521
405
406
406,519
406,521
407
10,284,407
103,105,106,877
243
243,378
409
410
412
413
414
415
269,414
274,416,572
417,492
275,419
68,275,419
276,420
277,420
278,420
279,420
421
422
191,255,423,527
424
425
426
428
429
430
432
434
435
437
437,605,895,897
437,606
438,440
439
441
441,682
442,443,444
447
447,812
448
450,546
451
452
455,485,566
462
61,462
181,462
462,737
463
181,463
463,737
464
181,464
464,737
465
181,465
465,737
466
181,466
466,737
467
181,467
467,737
468
181,468
468,737
469
181,469
469,737
470
186,470
181,470
470,737
471
186,471
186,471,737
181,471
471,737
472
186,472
181,472
472,737
474
171,473
473,622
476
388,390
479
480
481
482
483
484
489
274,572
497,498,499
492
493
476,493
493,500
757,794,886
418,494
495,574
500
501
502
503
504
505,715
507
435,507,810
258,506
508
510
29,509
117,509
504,509
509,510
509,547
201,559,560,740,742,744,745,747,748,752,753,754,755,769,770,771,772,775,786,793,883,892,893
121,122
759,763,799,884
0,18,122
356,515
356,768
518
522
523
524
525
526
528
529
530
531
231
231,378
532
533
434,533,810
761,783,785,800
792,905
357,535
357,536
538
386,538
427,540,573
542
543
544
56,184,659,660
185,545,659,660
546
547
548
549
550
551
552
553
67,82,539,577,596
225,253,570,647
555
556
556,812
557
558
561
562
806,807,808
563
564
565
567
568
569
571
305,575
29,580
510,580
237,504,579
581
583,584,585
586
588,589,590
203,328,329,330
174,572,614,615
599
600
601
602
604,607
425,605
605,896
605,895,898
122,202,516,525,664
608
609
610
24,513,517,537
613
351,613
424,616
618
619
35,619,810
621
622
625
623,737
626
627
628
629
630
434,630,812
629
631,724
632
633
634
635
636
637
637,812
638
639
640
642
643
644
645
647
648
221,648
649
650
13,544,661,662,663,667
652
456,652
48,653
54,411,653
411,653,827
655
656
656,812
657
658
477,668,687
669
669,812
670
671
8,387
674
676
677
678
679
111,678
680
681
682
683
684
501,684
685
686
686,810
702,704,705
703,709
706
707
505,707,715
587,688,690,691,692,693,694,695,696,697,698,699,700,701
182,710,711
712
541,573
716
717
404,718
175,572,713
720
721
722
723
724
726
727
728
65,728
729
730
731
732
733
735
736
737
760
765
389,391
768
778
779
333,334
6,7,336
719,780
541,780
781
782
453,475,591
788
789
454,673,790
802
803
400,805
402,805
841,859
415,805
165,809
510,811
845,851,853
812
165,812
813,875
435,812
849,857
82,539,577,596,816
815
817
167,547,818
819
98,820
675,824
822,825
826,828
827
829
830
831
734,831
832
833
834
835
836
417,837
838
839
235,236,840
841
842
16,843
844
852,868
858
846
847
854
854
104,855
404,496,855
406,496,855
856
859
860
860,866
861,867
102,860
862
613,862
863
864
866
102,866
394,866
869,870
641,871
872
873
873
445,874
57,874
875
876
824,875
823,875
877
878
876,878
791,879
436,445
436,446
814,874
446,874
850,874
887
10,233,284
10,284,888
719,902
417,895
899
417,899
708,900
901
903,904
573,902
541,902
906
592,907
617,908
576,784,908
593,907
594,907
617,909
784,909
576,910
