254,208,-1.0
498,26,1.0
472,26,1.0
534,43,1.0
304,294,-1.0
509,299,1.0
281,73,-1.0
118,53,1.0
520,281,1.0
78,19,-1.0
373,79,-1.0
397,164,1.0
144,89,1.0
299,110,1.0
216,67,-1.0
466,23,1.0
515,105,1.0
48,126,-1.0
210,233,1.0
139,53,1.0
296,12,1.0
400,268,-1.0
2,138,1.0
151,136,-1.0
531,270,1.0
137,189,-1.0
615,158,1.0
482,27,1.0
587,214,-1.0
593,140,1.0
359,225,1.0
240,223,-1.0
109,13,-1.0
603,249,-1.0
96,266,-1.0
538,197,-1.0
622,118,1.0
4,152,1.0
615,240,1.0
159,304,1.0
507,200,1.0
2,77,-1.0
261,27,-1.0
360,142,1.0
89,166,-1.0
412,186,-1.0
462,9,1.0
378,169,1.0
138,247,1.0
13,261,-1.0
376,16,1.0
454,78,-1.0
105,104,-1.0
157,123,-1.0
281,133,-1.0
533,93,-1.0
116,119,-1.0
424,162,-1.0
76,206,-1.0
72,249,1.0
173,283,-1.0
107,82,-1.0
324,233,1.0
390,153,1.0
36,253,-1.0
164,27,-1.0
420,255,-1.0
140,215,-1.0
8,30,-1.0
374,35,-1.0
317,104,-1.0
340,177,-1.0
194,235,1.0
316,248,-1.0
409,280,1.0
189,282,-1.0
552,290,1.0
523,35,1.0
253,158,1.0
425,64,-1.0
367,225,1.0
373,179,-1.0
284,228,1.0
124,18,1.0
548,285,-1.0
215,19,1.0
495,48,1.0
322,242,1.0
4,72,1.0
460,65,1.0
49,145,1.0
98,168,-1.0
277,217,-1.0
39,245,1.0
557,266,-1.0
461,218,1.0
178,280,-1.0
589,170,-1.0
265,167,1.0
334,241,-1.0
228,157,-1.0
449,156,-1.0
406,220,-1.0
278,238,-1.0
386,39,1.0
177,94,1.0
514,10,-1.0
315,107,1.0
96,294,-1.0
278,247,-1.0
612,40,-1.0
171,187,-1.0
94,99,-1.0
179,276,1.0
623,193,1.0
6,258,-1.0
345,191,-1.0
273,286,-1.0
602,225,1.0
392,169,-1.0
505,45,-1.0
70,199,1.0
16,49,-1.0
352,209,1.0
173,291,-1.0
404,212,-1.0
441,212,-1.0
202,250,1.0
189,186,1.0
273,209,-1.0
435,230,-1.0
533,20,-1.0
143,288,1.0
515,84,-1.0
402,61,-1.0
157,13,-1.0
509,64,1.0
271,128,-1.0
343,149,1.0
535,178,-1.0
299,189,-1.0
178,96,-1.0
29,100,1.0
373,81,-1.0
170,97,-1.0
493,122,1.0
113,281,-1.0
34,132,1.0
460,293,-1.0
178,234,-1.0
472,87,1.0
615,19,1.0
468,101,-1.0
244,191,-1.0
355,139,1.0
85,102,1.0
178,0,-1.0
616,127,-1.0
104,176,1.0
25,251,1.0
96,211,-1.0
111,5,-1.0
185,63,1.0
234,136,-1.0
298,168,-1.0
579,182,1.0
604,150,-1.0
96,251,-1.0
471,278,1.0
281,290,-1.0
335,212,-1.0
469,146,1.0
506,183,-1.0
319,126,1.0
495,142,-1.0
373,155,-1.0
416,106,-1.0
52,175,1.0
414,35,-1.0
73,285,-1.0
33,69,1.0
273,135,-1.0
282,41,-1.0
584,202,1.0
381,26,-1.0
219,112,1.0
96,303,-1.0
14,33,-1.0
133,202,1.0
77,82,-1.0
104,1,-1.0
596,231,1.0
54,224,-1.0
416,228,-1.0
186,254,1.0
62,272,1.0
135,73,1.0
252,299,-1.0
172,7,-1.0
402,16,-1.0
479,131,-1.0
496,299,1.0
376,268,1.0
27,197,1.0
566,64,1.0
31,26,-1.0
246,27,-1.0
223,17,-1.0
273,239,-1.0
586,279,-1.0
600,90,-1.0
320,80,-1.0
178,138,-1.0
615,254,-1.0
324,9,1.0
574,257,-1.0
110,263,1.0
78,9,-1.0
360,32,1.0
258,42,1.0
42,176,-1.0
364,153,-1.0
114,37,1.0
193,43,-1.0
449,14,-1.0
449,51,-1.0
103,134,-1.0
458,293,-1.0
560,157,1.0
615,198,1.0
397,161,-1.0
572,37,-1.0
311,221,1.0
349,288,-1.0
362,103,1.0
519,185,1.0
178,175,-1.0
156,44,1.0
102,245,-1.0
67,274,-1.0
470,145,-1.0
443,51,1.0
332,301,-1.0
356,74,1.0
511,217,-1.0
474,103,-1.0
475,183,-1.0
219,235,-1.0
422,0,-1.0
241,12,-1.0
21,259,-1.0
376,186,1.0
242,204,1.0
399,246,-1.0
295,251,-1.0
77,254,-1.0
387,117,-1.0
374,153,1.0
262,236,-1.0
31,87,-1.0
131,27,-1.0
373,94,-1.0
294,101,1.0
49,15,-1.0
306,133,-1.0
434,171,1.0
61,306,-1.0
431,30,1.0
358,185,1.0
253,198,1.0
454,303,-1.0
615,42,1.0
171,222,-1.0
376,122,1.0
178,53,-1.0
360,289,1.0
5,98,-1.0
256,203,-1.0
176,241,1.0
145,70,1.0
273,85,-1.0
567,148,1.0
438,25,-1.0
328,193,-1.0
376,193,1.0
463,143,-1.0
266,305,1.0
291,263,-1.0
607,250,-1.0
240,97,-1.0
61,246,-1.0
585,260,1.0
445,287,-1.0
455,20,1.0
60,23,1.0
572,224,-1.0
583,291,1.0
536,298,-1.0
37,63,-1.0
378,168,1.0
456,48,-1.0
520,154,-1.0
281,182,-1.0
253,207,-1.0
547,24,1.0
339,267,1.0
616,32,-1.0
472,190,1.0
293,306,1.0
389,287,-1.0
397,24,-1.0
44,188,-1.0
429,223,-1.0
412,264,1.0
246,14,-1.0
116,41,-1.0
407,39,-1.0
226,10,1.0
368,65,-1.0
597,101,-1.0
432,104,1.0
413,186,1.0
334,222,-1.0
255,269,-1.0
188,232,-1.0
398,128,1.0
368,87,1.0
506,235,1.0
446,72,-1.0
118,42,-1.0
142,237,-1.0
414,271,-1.0
8,253,1.0
446,282,-1.0
71,17,1.0
211,258,-1.0
318,162,1.0
373,117,-1.0
402,122,-1.0
376,61,1.0
68,296,1.0
479,74,-1.0
161,115,-1.0
178,131,-1.0
209,262,-1.0
403,297,-1.0
615,151,1.0
141,7,-1.0
88,103,1.0
598,135,-1.0
467,11,-1.0
58,297,1.0
402,193,-1.0
618,273,1.0
78,233,-1.0
373,95,-1.0
388,248,1.0
537,160,-1.0
329,3,-1.0
446,152,-1.0
489,86,-1.0
338,116,1.0
510,137,-1.0
563,200,1.0
546,3,-1.0
252,86,1.0
245,214,-1.0
516,231,-1.0
457,45,1.0
86,155,1.0
272,238,-1.0
394,205,1.0
285,302,1.0
181,172,1.0
410,220,-1.0
47,271,-1.0
140,178,1.0
370,189,1.0
243,184,-1.0
273,258,-1.0
81,0,1.0
279,194,1.0
20,127,1.0
111,215,1.0
320,149,-1.0
229,114,1.0
612,291,-1.0
543,143,-1.0
317,61,-1.0
495,231,1.0
114,139,-1.0
77,56,1.0
243,144,-1.0
150,261,1.0
14,306,-1.0
396,4,-1.0
402,165,-1.0
94,52,-1.0
448,252,1.0
402,186,-1.0
490,202,-1.0
41,55,1.0
449,279,-1.0
15,72,-1.0
326,209,-1.0
182,243,-1.0
578,52,-1.0
580,151,1.0
283,184,-1.0
546,115,1.0
222,266,1.0
262,20,1.0
408,175,-1.0
0,80,1.0
366,181,-1.0
506,155,-1.0
5,89,-1.0
78,65,1.0
249,227,-1.0
484,3,1.0
127,40,1.0
478,16,1.0
134,126,1.0
10,172,-1.0
129,245,-1.0
402,302,-1.0
84,9,-1.0
376,192,1.0
218,256,1.0
465,211,1.0
428,173,1.0
117,79,-1.0
356,120,1.0
97,210,1.0
229,107,1.0
529,49,1.0
291,243,1.0
300,165,-1.0
61,183,-1.0
130,284,1.0
51,206,1.0
254,148,-1.0
584,252,-1.0
436,294,1.0
617,91,1.0
360,284,1.0
180,229,-1.0
430,80,-1.0
219,236,-1.0
346,306,-1.0
305,35,1.0
300,136,1.0
35,229,1.0
509,254,1.0
51,289,-1.0
334,29,-1.0
458,207,1.0
32,63,-1.0
281,213,-1.0
550,183,1.0
153,99,1.0
210,123,1.0
390,66,1.0
157,9,-1.0
92,171,-1.0
186,56,-1.0
376,108,1.0
402,226,-1.0
195,292,-1.0
604,15,1.0
603,61,1.0
96,76,-1.0
89,282,1.0
178,74,-1.0
26,143,1.0
351,190,1.0
360,0,1.0
570,168,1.0
620,191,1.0
174,202,1.0
414,153,-1.0
402,54,-1.0
163,147,1.0
31,190,-1.0
363,239,-1.0
79,188,-1.0
580,240,1.0
360,280,1.0
518,298,-1.0
533,255,-1.0
396,73,-1.0
360,56,1.0
553,57,1.0
457,86,-1.0
485,19,-1.0
331,87,1.0
442,103,1.0
382,199,-1.0
298,166,-1.0
197,242,-1.0
328,129,-1.0
557,295,-1.0
96,296,-1.0
257,141,-1.0
120,156,-1.0
584,111,-1.0
479,120,-1.0
80,227,-1.0
524,50,1.0
444,263,-1.0
330,124,1.0
521,153,1.0
341,196,-1.0
161,143,1.0
312,216,-1.0
7,20,1.0
61,91,-1.0
165,108,1.0
357,126,-1.0
506,236,1.0
204,264,-1.0
91,68,1.0
64,72,1.0
500,81,1.0
3,47,1.0
40,127,-1.0
373,203,-1.0
512,6,1.0
286,202,-1.0
606,119,1.0
187,180,1.0
119,141,1.0
210,13,1.0
281,295,-1.0
96,109,-1.0
439,292,-1.0
433,90,1.0
494,33,-1.0
315,150,-1.0
281,174,-1.0
30,202,-1.0
267,259,1.0
281,89,-1.0
347,268,1.0
246,279,-1.0
148,177,1.0
402,192,-1.0
444,273,-1.0
261,14,-1.0
459,174,1.0
372,147,-1.0
601,285,1.0
532,154,-1.0
112,66,1.0
609,292,1.0
253,293,1.0
501,130,1.0
62,108,-1.0
167,134,-1.0
503,142,1.0
160,212,-1.0
616,187,1.0
350,220,1.0
59,2,1.0
115,300,1.0
78,87,-1.0
221,179,1.0
261,156,-1.0
61,248,-1.0
297,279,1.0
512,84,-1.0
526,307,1.0
168,71,1.0
75,122,1.0
422,176,-1.0
536,60,-1.0
212,259,-1.0
574,82,1.0
203,162,-1.0
488,31,-1.0
19,151,1.0
65,210,-1.0
66,117,1.0
498,265,-1.0
128,107,1.0
324,13,1.0
152,54,-1.0
37,84,1.0
136,118,-1.0
418,3,1.0
376,165,1.0
110,144,-1.0
566,181,-1.0
576,274,1.0
169,28,1.0
611,7,1.0
554,99,-1.0
232,95,1.0
254,132,-1.0
246,156,-1.0
332,205,-1.0
491,256,-1.0
402,47,-1.0
376,261,1.0
150,219,-1.0
307,243,-1.0
57,60,1.0
398,194,-1.0
231,217,1.0
87,163,-1.0
497,237,1.0
562,286,1.0
380,305,-1.0
353,70,1.0
402,108,-1.0
543,185,-1.0
564,197,1.0
615,293,1.0
23,115,-1.0
62,210,-1.0
22,57,-1.0
572,200,-1.0
209,234,1.0
283,277,1.0
337,36,-1.0
18,307,-1.0
162,137,1.0
445,2,1.0
299,28,-1.0
625,37,-1.0
45,95,-1.0
509,15,1.0
543,164,-1.0
480,122,-1.0
421,88,1.0
82,138,-1.0
189,166,1.0
320,11,1.0
43,88,-1.0
191,205,-1.0
243,260,-1.0
402,105,-1.0
58,164,1.0
427,13,1.0
328,8,1.0
593,29,-1.0
518,98,-1.0
608,70,-1.0
361,148,-1.0
275,161,1.0
360,175,1.0
242,140,-1.0
378,166,1.0
48,72,-1.0
463,92,-1.0
343,114,-1.0
240,68,-1.0
450,48,-1.0
178,173,-1.0
69,192,1.0
621,221,1.0
577,255,1.0
453,45,-1.0
115,273,-1.0
312,71,-1.0
290,216,1.0
595,48,1.0
224,79,1.0
517,14,1.0
469,144,1.0
460,158,-1.0
360,88,1.0
227,54,1.0
541,214,-1.0
289,221,-1.0
178,120,-1.0
9,76,1.0
551,106,1.0
314,19,1.0
48,152,-1.0
344,102,-1.0
306,296,-1.0
333,159,-1.0
430,10,-1.0
527,170,-1.0
575,235,-1.0
543,297,-1.0
594,178,-1.0
263,303,1.0
435,236,1.0
136,43,-1.0
506,112,-1.0
234,160,-1.0
301,204,-1.0
31,22,-1.0
63,278,-1.0
273,125,-1.0
376,302,1.0
323,49,1.0
157,233,-1.0
373,277,-1.0
281,180,-1.0
373,270,-1.0
393,214,-1.0
376,39,1.0
14,248,-1.0
402,31,-1.0
590,125,1.0
348,147,-1.0
368,190,-1.0
175,297,-1.0
241,250,1.0
154,152,1.0
419,219,1.0
38,5,1.0
257,38,-1.0
495,121,-1.0
545,34,1.0
549,17,-1.0
246,51,-1.0
131,14,-1.0
13,85,-1.0
178,142,-1.0
403,115,1.0
538,134,1.0
624,206,-1.0
460,240,-1.0
42,269,-1.0
480,144,1.0
62,302,-1.0
99,62,-1.0
17,133,1.0
304,174,-1.0
56,69,-1.0
310,5,1.0
131,156,-1.0
458,158,-1.0
402,261,-1.0
487,285,1.0
495,280,-1.0
460,113,1.0
3,252,-1.0
254,218,-1.0
558,116,1.0
360,131,1.0
275,24,1.0
349,62,1.0
101,85,-1.0
371,33,1.0
565,58,1.0
464,77,1.0
596,114,-1.0
206,208,1.0
376,226,1.0
108,201,1.0
238,275,-1.0
239,286,-1.0
5,109,-1.0
419,110,-1.0
546,161,1.0
426,287,1.0
96,59,-1.0
381,19,1.0
402,39,-1.0
569,31,1.0
423,223,1.0
221,253,-1.0
483,155,-1.0
196,244,-1.0
213,1,1.0
131,51,-1.0
376,54,1.0
178,284,-1.0
528,150,-1.0
373,33,-1.0
303,121,1.0
449,27,-1.0
379,88,1.0
161,113,-1.0
31,19,-1.0
239,239,-1.0
519,228,-1.0
402,6,-1.0
288,258,1.0
128,10,1.0
405,301,-1.0
258,53,-1.0
286,111,1.0
417,125,-1.0
528,48,1.0
319,72,1.0
287,151,-1.0
301,269,1.0
312,199,-1.0
90,169,1.0
596,107,-1.0
559,140,-1.0
614,92,1.0
476,150,1.0
26,185,-1.0
440,28,-1.0
612,148,-1.0
227,192,-1.0
147,228,1.0
155,234,-1.0
376,179,1.0
514,114,1.0
592,112,-1.0
183,220,1.0
31,207,-1.0
121,109,1.0
360,74,1.0
368,53,1.0
229,145,-1.0
325,163,-1.0
555,277,-1.0
368,22,1.0
374,305,-1.0
626,238,1.0
264,51,-1.0
280,25,1.0
319,152,1.0
261,279,-1.0
308,55,-1.0
284,185,-1.0
194,237,-1.0
469,260,1.0
50,170,1.0
23,297,1.0
311,46,1.0
481,283,-1.0
375,239,1.0
358,106,-1.0
99,177,1.0
7,230,-1.0
525,257,1.0
289,75,1.0
235,98,1.0
518,157,-1.0
356,131,1.0
337,182,-1.0
331,65,-1.0
505,232,1.0
420,267,-1.0
53,233,-1.0
24,208,-1.0
42,221,1.0
96,60,-1.0
544,97,1.0
271,129,1.0
259,196,1.0
460,198,-1.0
122,213,1.0
411,255,1.0
506,275,-1.0
582,6,-1.0
100,103,-1.0
369,4,1.0
61,167,-1.0
233,230,1.0
376,129,1.0
205,276,1.0
147,106,1.0
532,181,1.0
74,57,1.0
136,242,-1.0
250,167,-1.0
376,219,1.0
273,91,-1.0
247,36,1.0
446,126,-1.0
283,100,-1.0
324,123,1.0
437,287,1.0
0,107,-1.0
149,94,-1.0
78,123,-1.0
360,138,1.0
78,13,-1.0
82,83,1.0
143,146,-1.0
556,58,1.0
376,47,1.0
528,231,1.0
295,213,-1.0
237,40,-1.0
477,196,1.0
220,163,1.0
210,9,1.0
28,1,-1.0
178,32,-1.0
402,179,-1.0
373,195,-1.0
61,50,-1.0
360,96,1.0
504,50,-1.0
37,201,-1.0
236,188,1.0
540,130,-1.0
12,91,-1.0
396,211,-1.0
364,35,1.0
360,234,1.0
4,126,1.0
384,93,-1.0
495,173,-1.0
292,200,-1.0
596,48,1.0
104,304,-1.0
340,111,-1.0
460,42,-1.0
336,203,1.0
261,51,-1.0
467,150,1.0
248,218,-1.0
613,85,-1.0
182,300,-1.0
273,170,-1.0
472,22,1.0
447,124,-1.0
178,56,-1.0
208,100,-1.0
377,247,-1.0
536,290,-1.0
251,23,-1.0
281,137,-1.0
269,300,-1.0
581,46,-1.0
546,24,1.0
599,81,-1.0
321,275,1.0
458,198,-1.0
469,184,1.0
365,201,-1.0
260,262,1.0
415,196,-1.0
200,285,-1.0
402,219,-1.0
276,25,1.0
106,18,1.0
255,32,1.0
178,11,-1.0
37,34,-1.0
62,130,-1.0
367,272,-1.0
366,232,1.0
486,159,1.0
189,264,-1.0
158,47,-1.0
502,123,1.0
360,77,-1.0
178,289,-1.0
311,75,-1.0
510,76,-1.0
132,171,-1.0
368,207,-1.0
226,149,-1.0
507,83,-1.0
425,281,-1.0
47,66,-1.0
391,165,1.0
614,24,-1.0
322,172,-1.0
473,224,1.0
280,276,-1.0
539,194,-1.0
273,44,-1.0
451,128,-1.0
573,21,1.0
619,96,-1.0
546,185,1.0
198,18,1.0
390,271,1.0
585,16,-1.0
530,307,1.0
334,204,-1.0
354,233,1.0
123,68,-1.0
376,105,1.0
414,244,1.0
62,159,-1.0
561,289,1.0
161,161,-1.0
331,38,-1.0
131,279,-1.0
610,152,-1.0
376,31,1.0
414,66,-1.0
243,146,-1.0
313,225,-1.0
351,151,-1.0
580,191,1.0
228,59,-1.0
199,41,1.0
364,2,-1.0
287,38,1.0
62,62,-1.0
192,274,-1.0
214,222,1.0
331,22,1.0
395,216,-1.0
207,283,1.0
178,88,-1.0
529,284,-1.0
605,44,-1.0
522,105,-1.0
402,129,-1.0
95,8,1.0
281,78,-1.0
383,69,1.0
521,244,1.0
126,246,1.0
568,295,1.0
298,169,-1.0
622,124,-1.0
498,141,-1.0
571,132,-1.0
188,154,1.0
85,21,-1.0
275,164,-1.0
580,190,-1.0
143,202,1.0
452,78,1.0
472,19,1.0
83,28,-1.0
499,226,-1.0
581,241,-1.0
55,52,1.0
113,154,1.0
589,125,-1.0
146,244,-1.0
190,59,1.0
407,226,1.0
542,288,-1.0
208,267,-1.0
270,123,-1.0
385,135,1.0
591,214,-1.0
424,55,-1.0
230,71,-1.0
508,92,-1.0
360,53,1.0
492,93,1.0
11,34,-1.0
159,75,-1.0
401,102,1.0
415,227,1.0
83,278,-1.0
334,304,-1.0
61,275,-1.0
327,298,1.0
563,224,1.0
472,207,1.0
548,212,1.0
1,4,-1.0
466,58,-1.0
132,29,1.0
4,282,1.0
332,90,-1.0
384,160,1.0
201,21,1.0
22,256,1.0
525,18,-1.0
563,37,1.0
163,69,-1.0
376,6,1.0
228,180,-1.0
309,14,-1.0
342,67,1.0
513,156,1.0
340,146,1.0
360,173,1.0
268,195,-1.0
217,85,1.0
112,271,1.0
339,8,-1.0
216,96,1.0
30,18,-1.0
46,301,1.0
78,22,-1.0
93,12,1.0
225,119,-1.0
299,278,-1.0
61,184,1.0
618,260,-1.0
125,285,-1.0
145,116,-1.0
175,164,-1.0
360,120,1.0
233,20,-1.0
166,46,-1.0
96,36,-1.0
533,30,-1.0
172,265,1.0
184,214,1.0
402,268,-1.0
274,270,-1.0
566,281,1.0
302,195,1.0
315,114,1.0
351,240,-1.0
493,16,1.0
588,103,-1.0
