0
56,104
42,66
3
47,84
5
40,83
27,132
51,150
2,69,136
9
10
39,138
37,55
14
86,101
35,147
60
123,124
19
44,95
9,134
21
30,119
22
26
27
45,99
31
57,120
89
79,151
34
137
37
38
4,111
16,42,56
65,129
96
41
145
43
29,82,85
44
54,80
77
48,79
50
67,116
52
53
23,64
129,131
56
55
10,52
59
88,95
72,122,148
75,151
65
66
5
0,51
55,77,100,123
129,146
27,31
72
73
49,105
12,74
109
100
8,47,84
55
51,53
80
38
34,59
110,144
84
87
88
89
3,118
33
92
15,92
37,43
95
90,98
98
59,92
104
26,56
107
91,121
51,111
111
112
114
39,81
116
10,107,142
102,139,140
24,129
21,78
120
6,19,112,137
113,128
122
123
124
125
32,59
41,73
117
28,67
131
132
134
22,141
66,68
1,11,17,20,36,46,61,62,63,71,76,94,106,127,130,149,152
138
37,123
68
146
18,39
114,115
7,13,58,97,103,126,133,135,143
148
43,123
123
25,70,93,108
