471
348
140,412,483
129,217,420
127,284
666
22,110,115,214,219,233,271,505
163
582
228,256,357
321
166
26,28,36,190,195,259,340,344,349,375,433,504,554,575,615,653,654,662
154,579
111,397,410
43
599
78,329
325
194,196,243
125,424
633
583
11
63
404,459
282,527
655
195
38,68,91,176,378,382,385,581
579
56
108
86,193,255,288,332,535,629
94,99
390
26,194
361
101,182,270,289,556,637
58,129,217,253,268,420
52
41,119,278,294,360,362,366,386,411,429,453,477,499,513,518,595,609,645,659,661,663,676
135
153
412
534
62
578
653
370
496
204,427,435,514,611,672
186
571
281
401,511,539,563,577,600
190
24,31,49,54,113,162,335,345,449,574,603,604,618,682
317
560
621
84,165
3
369
282,576
81,260,456
90
129,217,268,420
573
503
334
40
94,350,588
426
26,413,455
196,215,243
17,225,547
551
516
194,196,243,417
205
242,407
45,606,669
522
28,132,296,375,405,504,653,681
375
493
461
417
10
401,511,539,563
617
670
23,26,28,36,190,195,259,339,340,344,349,375,433,437,504,554,615,653,654,662
538
285
202
220
395
341,512
257
490
268
607
305
602
387,643
26,542
291,316
6,96,363
473
46
494
398
11,28,36,62,65,106,123,135,137,143,156,174,190,195,224,235,243,246,259,265,302,317,334,340,343,348,349,369,375,376,377,396,409,414,415,433,438,445,466,475,492,494,504,510,521,525,532,534,561,567,578,583,592,593,597,598,599,615,621,628,632,633,653,654,681
28,132,296,375,381,405,504,541,653,681
680
200
127,640
576
406
141,198,264,423,436,604,605
314
500
207,217
397,410
243
196
592
30
140,283,483
50
407,408
164,241,245,274,321
270
324
99
65
464,652
454
150,227,474
353,416,660
95,182
263
376
134
481
201
532
94
126,641
1
355
138
357
274
137
371,417
179,198,451,467,497
584
198,457
34
349
192,241,321,355
29
13,29,163,202,365,473
33
352
198,486,570,572,665
364
261,607,640
61
8,173,184,218,221,509,667
258,553
247,266
169,613
13,102,127,136,172,202,333
25
23,26,28,36,190,195,259,339,340,349,375,433,437,504,554,615,653,654,662
350,624
126
243
253
2,675
27,87,277,299,372,441
174,257
55
606,669
14,234,479
422,478
628
127
245
132
561
200
158,159,198,319,326,524,529,648,656
72
488
58,268
521
327
198,566
230
13,82,127,136,172,202,333
11,28,36,65,106,123,135,137,190,224,230,243,246,265,317,334,340,348,349,369,375,376,409,415,438,445,475,489,492,494,504,532,534,561,578,583,597,599,621,628,633,653,654,681
121
444
246
88
89
302
112
157
170,641
431
19,139,237,336,393,430,443,533,536
434
654
261
120,313,614,658
48
515
174
197,220
180,256,357
194,417,606,669
438
107
18,587
74
152
620
70
297
433
367
28
106
559
669
478
320
170
93,478
242,558
79,92,185,545,548
6
26,182,215
239,450,644
101
409
597
594
489
506
340
124
213,403
117
70,72,157,168,238,571
142,155
250
289,322
15,232
178
181,229,310,312,379,469,507,657
550
445
123
569,677
13,127,136,172,202,333,402
528
5,7,20,39,53,66,80,161,189,287,292,307,315,323,380,384,425,460,468,495,502,649
13
26,399
615
103
144
377
114,254,291,316,498,562,647
359
606
470
330
101,270,392,556,637
328
28,132,296,375,381,405,504,541,653,681
32
23,28,36,40,62,65,71,135,143,156,174,190,195,224,235,243,251,259,265,302,317,334,339,340,343,349,375,376,396,414,433,444,475,504,510,525,534,541,561,567,578,580,582,592,593,598,615,632,653,654,670,681
273
197
586
265
147
408,558
652
48,236
389
11,28,36,62,65,106,123,135,137,174,190,195,224,243,246,259,265,302,317,334,340,348,349,369,375,376,409,415,433,438,445,475,489,492,494,504,510,521,532,534,561,567,578,583,592,597,599,615,621,628,633,653,654,681
21,64,206,240,249,269,280,303,358,400,421,540,564,565,590,591,619,671
129,217,268,420
4,26,575,577,643,662
428
47,391
440
212
167
168
530
472
261,284,607
26,42,568
347
504
622
85
133,198,231,534,537,589,685
244
650
491
279,300,388,482,610,631,642,678
2,506
81,447,456
4
228,314,357
175
15,371
239,439,644
664
517
282,668
508
224
61,617
452
28,132,375,437,504,653,681
338,627
596
259
320,639
51,679
75,543,686
35,160,191,432,480,484,519,557
71
651
57
492
228,357,626
26,28,36,101,182,190,195,259,270,340,344,349,351,375,433,504,554,615,653,654,662
282
223
261,284,290,607
106,123,137,246,348,369,409,438,445,492,494,532,583,597,599,621,628,633,681
554
111
276
127,284,290
171,228,357
