3110
1186
449,2359,2787
2670
2543
5,1278
1458,2754
622,2437
2591
3325
2064
2595
1975
2889,3135
851
2058
271,477,1151,1482,1520,1846,2154,2269,2281,2942,3207
337,477,1482,2942,3207
1572
2944
2928
2514
2878
1394
248
3221
1400,2773
2251
3107
2482
214,2474
486
283
2554
296
2048
2889,3244
775,895,1739,2106,2203,2889
1133
391,1711
2158,3154
2275
2256
1138
330
490
1688
1540
527,1619
1126,2899
1414,2484,2796
1181,2956
79
3127
189
564
1451
2772
775
1143
1176
3336
1046
227,2979
2894
2320
1513
2259
470
257,684,691,1055,1286,3140
253,256,736,1033,1304,1306,1481,1712,2419,2655,2739,3099
454
548
666
2984
682,1190,2103,2229
40,783,2387
2226
1044
3165
174,644,2646
2313
311,355,476,1301,1408,1563,1746,1902,1937,2036,3187,3245
3224
1525
747
96,214
850,2801
215,3243
158
334
3324
2092
2750
2377
918
3016
2161
3058
3287
1131
257
946,2850
3152
63,1181,2783
222,1433,2445
794
651
1745,2558
2390
2722,3132
2
1071
3257
2659
658
1620
1331
74
3141
2569
3313
639
214,2771
2671
2287
1949
1217,1719
367
2780
2821
1484
2719
1673,3048
1292
307
534
3191
328
2535
2668
917
237,2277
1241
2975
3001
2850
3316
2933
940
214,1333
2744
433
1591
618
2602
1168
423,1803
1756
624,2941
2831
489,2797
2197
1061
348,998,1632,2385,3043
876
2071
518
3091
1737
261
93
408,2828
198,274,2331
1373
2468
1968
900,2180
608
1090
136
114,211,410,482,708,766,785,903,1024,1049,1134,1208,1419,2012,2672,2714,2732,2921,3061
2076
2559
2094
3298
585
669
255,489
347,1475,1529,2232,2356,2588,2905,3259
1034,2444,3004,3328
941,1145,2635
2967
1485
857
884,963,1890
241,251,685,1258,1467,2593,3346
2068
1019
1631
450,998,1632,2385,3043
627
160,1654,2529,2691,2786,3108
1095
1308,1320,1717
1843,2305
1978,2020
252
527
2989
1126
2355
2027
889
813
852
758,790
2270
1916
336
1564
55,2111
32
648
44
1031
451
3286
2240
2686
243
223
1415
1757
2578
320,580,1666,2261,2546,2929
442
1772,3112
1752
1535
1645
1251,1843
413
2081
533,1675
2280
42,1001
2066
3263
557
1410
2715
3014
1660
1579
1140,2962
2516
1018,2483
745
1129
3066
2870
3065
1865
2657
584,748,1221,1611
1891
2152
2108
3296
390
1351
792
1650
568
2644
2681
3233
1018,3022
995
3302
1026
2706
752,1754
1395,2091
3093
1423
1018
621
3170
2716
2875
1325
198,2236,3317
217
70,1559
2649
2617
1568
3005
2987
59
310
21,3133
2292
847
2307
976
1487
1249
3015
2638
359
1384
370,2263
1944
2333
1557
1270
961,1736,2421
3137
1875
2351
1318
2799
2164
469
570
1412,2688
2517
583
2696
2760
423
854,1427,2153
1549
2743
2008
67
1922
1077
1177,3204
36,1978
1152
2869
2592
303,1096,1181,1854,1953,1984,2792,3139
2017
28,62,362,662,934,1534,1785,2021,2329,2610,3084,3149
1337,2880
2410
879
1391,1469
167,238,638,1468
445,1601,1992
1896
406,2269
162,1947
2500
1037
195
998,1632,2304,2385,2480
354
2045
1590
1954
237,1272
1647
1842
1005
1497
1036,1546,1642,1804,2972,3272
1344,2090,2505
2737
1226,1538,3264
758
2907
2754,2883
3013
1444
185
3194
2074
2402
2449
647
2560,3042
2861
701
2322,3118
3082
401
2988
1595
2115
2166
3075
1858
3113
105,208
1358
1269
2423
1346
919,1917
1652
1834
328,1833
860,2592
3270
1794
2509
1364
445,1031
414
798
1442
1280
1211
2426
1617
2717
2846
551
1558
1368
184,1493
276
1079
1935
1956
82,715,1713
2190
702
2089
2078
1711
164
242
400
2133
20
1256
998,1632,2304,2480
510,538,871,1375,1443,1489,1990,2191,2541,2745,3047,3134
1082,1476,1695,1971,2039,2336,3147
2948
2929
738,963
2006
2150
1518
3089
1981
733
2463
109
1194,3328
318
2782
3308
670
2669
1825,2362
1643
927
54
3007
616
67,1060
3163
2567
1307
1745
996
3193
1383
133
1928
445,2881
3215
1774,1926,2176,2818
1434,2619
44,783,1444,2387
249
694
2467
1330,1485
2952
3017
3281
204,693,2224,2464,2932
1200
1894
501
1267
3254
3282
1845,1917
1415,2813
2969
2066,3056
1285
2966
1863
491
1172
2346
1478
3228
528
2159
1054
1404,1632
2258
549
413,443,1293
993
1283,2000
986,1193
1244
2075
1105
1831
1762
981
1950
3153
3095
3247
3
420,513
31
1029
2759
1181,2640
523,857,1194,1464
338,367,1073
2239
1589
173
3234
3327
817
271,352,1520,2281
1296,1463,2120,2384,2721,2724,2830
778
1011
1382
514
2630
2047
139
1970
2113
1530
1013
124
2097
7,996
3002
3119
1646
1610
1406,2295
2876
68,1542
1539
370
522
710,1146,2387
2093
1574,1753
1744
615
1329
3279
1225
2784
1201
378
2860
885
3128
3094
2453
2849
386
1167
2847
1843,2052
926,2985
2832
9
757
2399
3138
38,244,357,590,754,1027,1977,2023,2353,2862,3202,3211
259,1689
2288
1344
1148
2429
2291
262
3160
2450
3285
989,1004,2524
2366
718
3056
2257
1314
699,1906
3188
692
509
984
2631
656
155,172,210,502,529,803,1025,1429,2473,2700,2726,2802
546,2249
222
2254
975
511,3255
214,569
3105
1687
2520,2889
1209,2723
3198
1818
1850
1742
69
777
1965,2982
2674
1216
569,1632,2757
2316,3019
212
2279
78,907,978,979,1345,1723,1795,1976,2470,2585,2922,2990
704
1236
2117
1843
734
2057
2800
2501
2083
842
1491,1552,2095,2747,2798,2871,3086
404
2556
1635
2466
1385,1940
912
2621
1765
167,238,1468
725,2387,3209
1199
2207
1181,2783
1165
1809
1273
127
668
427
781,2413,2744
75,833
444
425
40
739
353
1589,1969
1424
447
3025
3081
1555
1045
1861
2376
2339
1705
1070
861
424
771
2619
2805
963,1825
3100
1093,2414
1248
2019
2294
1305
1847
1188
1562
1393
2116
2527
2469
2388,2615
920
2303
3145
411,883,973,1066,1067
279
156
1
565
2371,3273
897
2682
1007
72,2488
3330
2550
980
2242
2110
1253
828,875,1086,1498,2893
2015
2321
1551
605,2582
1964
250
937
678,790
1310
966
1632,3043,3077
2961
1866
3328
2178
1326
744
247
1420
683
303
33
2411
2965
1710
466
2648
968
2891
3102
2444
2148
530
3074
1207
2633
371
1315
1583
3080
3311
1150
2086
1159
3340
32,2575
1599
1580,2300
1601,1992,2302
2822
213
808
1016
837
667
3010
2824
599
58,1032,1078,1573
1625
86
2311,3169
2986
2056,2816
841
512,1195,2085
2946
2038
27,288,554,654,1691,1855,1972,2042,2392,2446,2639,2968
3003
348,998,1632,3043
986
51
44,783,2387,3005
727
23,1104,2292
1091
2367,2939
2327
2940
2863
1353,1862
1780,2287
692,783,2387
737
2043
2510
110,775
1316
145
762,1160,1796
1103
716
2244
2174
880
1339
2804
129
2685,2910,3096
755
385
130,517,767,1747
1921
3317
1190
2817
1488
586
1392
1837
1826
1560
1879,2574,2864
1124
676,2187,3240
597,773
379
1418
399,2679
2848
1386
2232
1533,2834
833
2481
2016
308
678
1222,1754
1640
2526
946
348,1632,3043
1128
1496
3182
2247
377,1978,2937
1254
547
186
299
860
3314
2584
1012,2542
1995
1676
2160
2703
475,695,1004,1735,1822,2278,2625,2673,2806,3223
1814
556,1002
2684,2810
2917
2338
1223,1252,1335,1832,2182,3090,3196
580
1100
2826
298
1101
1920
492,673
1793
1028,2281,2524
2461
2213
2391
2140
2627
1566
2978
2505
2004
3238
1993
2576
2455
1716
2566
2024
2897
2762
506,965,2173,2532,3192
1470,2656
2888
49
2201
1231
2046
2205
872
1198
959
1958,3052
1053
1524,2947
446
1776
2502
1511
3171
481
3176
2315
2819
1887
3059,3250
1823
2330
23
1766
1767
1978,2935
12,2005
2769
123
319
1088,2566
607
512,1195,1817,2735
652
1709
1699
1827
222,2326,2445
665,1162,1835,1914,2126,2147,2515,2738,2841,2923,3064,3177
2755
1603
293,1545,2497
1374
1279
3000
20,416,2637
1272,1965
3026
720
39
101
1378
3197
867
384
1034,1194,1464,2444,3004,3328
35,2912
846
2383
273
2130
1783
19,159,265,441,458,461,709,838,858,1107,1246,1664,1696,1942,2157,2851,2911,3070,3186
521,702,2181,2246
1146,3075
998,1333,1632,2385,2480
2141
1186,2885
2628
1665
326,675,992,2408,2690,2789,3161
2061
725,1322,2387
1399
1556
1275
333
894,3130
2283
1363
1402
1685,1980,2216,3021,3045
905
2503,3234
478
492,673,2495
396
350
602
277,867,930,1144,1337,1641,2746
3269
1011,1704
152
3185
282
660
97,2011
421
34
2067
1057
697,1537
112
2443
150,1507,2054
1577
2211
938
2890
1453
376
560
595,1014,1522,3117
503
2347
151
1158
221
1313
1830
3100,3193
1353
1606
1181,2842
259
2168
1961
1808
1433
1729
2698
2407
2722
3151
3200
587
1169,2906
1974
2687
1945
29,2900
3071
294
1877
1751
108
46
1888
2405,3283
1416
495,884
214,1903
339
3209
2729
22,1363
2395
1436
3097
3339
2522
2204
61,497,909,1332,1706,2143,2276
969,2723
1933
540
1896,2800,2857,3023
13
566
2503
2237
2974
1779
2704
1087
2950
2651
1790
3139
1327
544,890,1038,1516,1571,1859,2460
732
948
1191
226
1450
2553
3131
2374
775,895,1739,2203,2407,2889
66,1988
1251
1312,2564,2813
2308
2736
1243
1851
796
2920
3028
3295
2483
3125
2354
178
1050
3239
2476
2208
3227
3004
3284
1020
1763
960
2902
2498
1376
1247
1063,1704
963,2528
550
346
468
1471
2031
953
2511
3036
3111
1589,1865,2895
2913
100
3140
1803
1414,1843
3083
506
1734
160,1654,2529,3108
1665,3087
1844
512,1195,2693,2735
609
2573
1052
2767
864,1632,2404
2787
1701
70,2206
877
848
913
2679
57
1289
383,2825
1562,2632
2028
780
1311
756
2136
1963,1988
2167
3078
2060
494
3157
456
2217
102
2175
1157
2980
760
1022
1409
2369,2560
1509
3073
2128
2062
2478
1761,3179
862
3299
2305
3292
2895
519,2941
2224
2194
2616
324
187,629,1393,1474,2306,2597,2650,2843
349,2842
8
1996
1083
1908
1187
2317
574
2563,3251
1202
176
613,3317
3322
1506
2181,2246
999
135
1541
1939
901
1132
1058,1663,2936
131,1760,1901,2219,2243,3031,3173
1755
448
2720
977
631
3068
1576
543
1426,3190
559,1464
1034,3328
2994
1911
1294
512,1195,1817,2085,2693,2735
604
1824
324,2253
149,573,881,1040,1228,1229,1342,1528,1773,2007,2342,2365,2598,2642,2663,2730,3033,3115,3342
2077
2882
2020
1034,3004
2656
3305
998
132,809,2131,2458,2733,3183
1282
923,1733,2400,2815
998,1333,1632,2480
2274
2369
89
1404
2238
1278
163
1667,1770,2367,2613
1290
1544
899
3167
1261,1693,1702
1527
2344
2156
2932
2499
1607
1130,2005
2546
957
2786
943
2210
1473
2774
1750
553
117,272,1023,1232,1377,1638,2925,3215
2618
3260
81,1514,1895,2141
3262
2289
1962
912,2939
1185
826
3049
198
868,2614
192
2149
1770,2613
198,2544,3317
2025
746
1899
746,2867
438
1983
990
3027
646
2171
128
2854
2225
919,3166
689
368
3072
1853
2540
1337
3312
827
2691,2786
799
278,952
1694
3022
1062
963,1825,1890
116
1400
895
942
3334
2319
369,483,558,955,964,1212,1494,1532,1771,2521,2778,2859
209
1632,2474,2480
698
2041
2018
166
11
1257
1073,1873
1190,2813
2852
363
593,1492,2539,2577,3029,3301
2783,2997
2943
1074
2558,2793
632
1255
523
2371,2674
179,292,360,818,971,1884,2748
1171
679,977,1918
970
515
1820,3251
3101
623
2375
1637
1384,3304
200,589
505
64
1697
313
16
1781
214,3054
2072
261,783
2629
2433
1632,1903,3043
1609
1848
2359
370,479,579,703,822,1421,1580,2680,3332
2284
17
2302,2839
1455,2712
223,2020
85
2051
3222
3051
1927
3109
122,162,181,190,202,340,493,664,776,947,956,1111,1630,1778,1791,2082,2245,2537,2702,2865,3175,3212,3261
1239
1371
661
592
168,3307
2835
1917
415
2548
3280,3329
936,1449,2273,2725
235
1064
1353,1925
2452
459,929,1586
921
1677
2125
3154
582
2200
2440
1088
823,2133
2088
1181
1209
474
419,471,1782,1973,2626
1841
1434
1857
1210
1748
1405
3174
60
2477
1069,1298
90,616,2522,2647
2561
1056
2953
2565
1959
264
1205
1989
638
1860
1619
2255
1430
1682
3251
1604
1629
764
419,471,1782,2626
2299
1648
2647
488,630,945,2037,2129,3231,3275
306
2785
304
111
143
236,516
3156
2572
849
928
1982
2496
682
91
24
1242,1341,1799,1811,2513,2518,3168
487
1788
409
768
2699
1118
231
723
597
680
1350
674
2230
1608
148
1464,2950
1561
3341
2970
1235
2955
3162
2348,3289
2675
1543
407
963,1369
1338,2453
2971
437
535
224
935
1030
6
2931
1872
1233
1137,1343,1870
2332
2030
789
312,2705
829
496
99
41,1595,2386,3343
2193
3268
3129
1448
1565
2487
845
2372
807,892
626,2218
207,853
2151
944
507,1658,2430
2235,3133
635
2485
2268
2896
730
2653
3273
2122
1632,2757,3077
2676
1277
440
2997
2416
545
405,3288
3323
3321
52,275,315,687,2318
1798
1738
774
266,431,435,555,563,765,1598,1628,1994,2192,2837,2903
144
1676,2761,3178
153,2536,2709
2662
1991
1517,1886,1960,2033,2323,3062
419,471,1782,1973,2626,2945
1732
403
267
2456
3034
843
1802
220,268,1930,2050,2059,2312,2622
422
1284
1263
95,1366,1519,2608
1135
460
575,2838
1883
2794
194
1985
2222
691
3063
2448,3208
1588
56
2964
770
2531
1464
1370,1816,3159
372
916
3112
1452,2325
1059
358,2292
1684
1174
1106
731
767,1347,1472
1109
1286
2562
596
772
562,1758,2184,2363,2694
2528
50
2838
2183
2162
619
383
453
2382
338
1885
1878
3220
1867
439
2728
426,1324
358
2202
1597
2973
1768
1238
797,3184
214,1457
3050
2267
800
3020
575
815
201
2995
2519
2983
214,348
2751
432
1639
3136
3309
331,2337
1655
1102
741
3067
335,2845
130,517,614,767,1747
2677
2937
743
1856
1010
1626
681
1056,1923,3303
1817,2693,2735,2873
3229
85,399
1740
836
1447
3235
245
2951
169,884,963
600,867
246
2479
1120
1941
819
2926
3116
375
467
3213
684
1123
834
2370
2003,2884
2310
501,2683
2658
1317
174
1003
581
2749
645
2212
2506
2637
1787,1986,2360,3148
523,580,857
343
874
341
2571
824
109,1612
1166
1276
812,950
714,2146,2489
1548
1194,1464
649,1900
650
30
2605
951
1554
3189
309
1761
434,2547
1659
1002
1669
185,286,1657,2080,2241,2846
1978,2719
927,2682
1328
802,1336,1411,1934,2777,3011
2587
427,508,1166
1099
356
2683
2963
1800
830,2132
93,783,2387
1649,2250,2447
35,174,644,672,1741,2646,2912,2997
3246
782,1035,1288,1730,1997,2248,2324,2438,2555,3106,3158,3265
1951
790
977,1305
523,580
2373
2885
3278
2272
477,1151,1482,1846,2154,2269,2942,3207
2063
1113,2378,2604
1722
643,1154,2432
3126
197
1123,1825
1333,1632,2480
753,1072
710
1012
1969
1759
1293
44,582,783,2387
484
419,471,1782,1973
1486
73
2770
711,1181
844
1417
154,816,1048,1585,2600
418
657
853,3253
1454
639,667,1827,3347
430
2915
3179
2643
1731
1621
1401
1764
3293
598,1671
3024
1480
2781
1441
2328
1812
2754,3018
3172
2196
1815,1831,3113
3338
491,940
2512
3315
1979
26,1281,1863,2234
125
2594
206
2560
686
523,857
344,588,793,801,1110,1219,1526,1567,2139,2266,2909,3008
2417
2368
146,232,791,794,1836
465
539
2010
811
1929
1998
1114
2534
1355
3273
767,1179,1472
759
452,839,1092,1801,2381,3092,3320
2170
2119
1584
1533
2398
2542
3103
1605
3259
1334
536
1323
2711
1737
2620
895,1739,2203,2364,2889
2393
194,2267,3344
2707
1633,2564,2813
893
1422
1021
982
1999
2652
3250
1873
1080
258,1361
2198
2546,2929
724
193,739,1189,3006
140,1380,2282
29
2766
1876,2814
1218
351
120,141,240,520,2055,2265,2486,2661,2740,2790,3038,3319
287
805
1008
230
2504
429,896,910,1015,1097,1594,2087,2165,2186,2459,2603,3310
65
1009
1780
2214
1919
1531
923
769,1372,1874,3267
2853
1782
3219
1184
2793
726,891,1287,1367,1882
2293
620
3210
3248
1897
1759,2734
954,3234
870,2525
2442
1432,1624,2124
1728
2491
2490
15,214
2993
1880
2462
392
2098
147
2203
601,705,898,3144
3124
2667
559
1215,2718
300,428,1274,1700,3035
436
2829
325
216,233,480,706,786,859,1155,2195,2580,2606,3044,3337
2096,2688
1295,1839,2545,3331
2776
1435
882
291
188,751
80,2715
1330
1266
364,498,832,983,1396,1838,2412
1784
1667,2367
2581
636
2666
1137,1343,2079
814
1362
3155
633
835,3273
1653
389
1227
1707
1807
317,2692
2575
1149
1203
552
456
191
2697
2457
2009
2701
432,783
3076
2589
1622
571
402
1039
239
83
134
1365
2069
2350
2827
1632,2404,2474
2220
1601,2302
949
3288
3216
388
2918
162
835
3345
1389
1592
1704
1381
10
1978
537
473
2434
2415
1840
1686
1065
1623
1810
67,663,1618,2032,2607,3256
2002
591
932
380
1821
36
1613
365
2414
3232
1260
713
1578
2371
682,1415,2103,2229
779
750
1230,2264,3030
2379
625
2519
1538,2314,2507,3053,3264
2215
1462
1662
2645
2914
289
2996
2144
22,2669
1139,2065
150,653,2054
1322
2425
1636,2552
1116
2145,2199
1786
1881
1272,1965,2982
1805
644,672,1404,2646
2935
1465
688
611
2660
2358
1006
412
1952
1068
1661
2900
2916
2441
119
1359
416
1743
2949
1160
1634
45,1119,1437,1602,2713,2892,2992
1523
1490
2938
280,1056,1923,1979,2382,2891,3292,3303
887
3006
170,1385
2925
2056
1349
150,1121,1507
138
2361,2678,2811,3121
2611
3039
2427
2401
1299,2389
293,1545,2497
787
2741
939
219
1136
1390
541,1508
2825
1173
2099
967
2570
2134,2262,3104
2352
2874
1479
2422
987
2301
1679
229,1813
1499
1356
594,641,2179,2820
175
2727
2624
1139
1217
2290
1034
3300
43
1451,1745,2398
2005,2587
1379,2001,2823,3237
665,933,1162,1587,1715,1828,1835,1914,2126,2127,2147,2515,2551,2738,2841,2923,3064,3088,3177
2788
0
637
576
2954
1354
1741,2997
1461
2345
393
1237
44,404,783,2387
3297
1946
1718,2484,2796
729
1714
455
2791
1182
1553
562,1017,1758,2184,2363,2694
2795
2005
2901
1431
87,2249
760,2890
284
1147
1672
1521
912,1667,1770,2367,2613,2939
1397
728
1505
513,1678
719
1670
1164,2858
659
2409
345
450,998,1632,3043
1932
63
810
2586
21,3123
321
48
599,3100
1180
1125
2708
577
1259
1042
3150
2349
991
494,1745
