594,0,1.0
1709,0,1.0
465,0,1.0
813,0,-1.0
198,0,-1.0
1201,0,-1.0
2168,1,1.0
1662,1,-1.0
139,1,1.0
12,1,-1.0
1268,2,-1.0
813,2,1.0
725,2,-1.0
1709,2,-1.0
1033,2,1.0
695,2,-1.0
1484,2,1.0
725,3,-1.0
1033,3,1.0
386,3,1.0
1204,3,-1.0
1709,3,-1.0
199,4,1.0
681,4,1.0
1999,4,-1.0
2062,4,-1.0
813,5,-1.0
1395,5,1.0
261,5,-1.0
587,5,1.0
25,6,1.0
585,6,-1.0
1336,6,-1.0
923,6,1.0
1756,6,1.0
1278,7,1.0
563,7,-1.0
1847,7,-1.0
2146,7,1.0
268,8,-1.0
1918,8,1.0
813,8,-1.0
1709,9,-1.0
1594,9,-1.0
813,9,1.0
725,9,-1.0
2029,9,1.0
1268,9,-1.0
1033,9,1.0
760,10,-1.0
1041,10,1.0
1709,10,1.0
1279,10,-1.0
209,10,1.0
760,11,-1.0
46,11,1.0
1338,11,1.0
258,12,1.0
1268,12,-1.0
1709,12,-1.0
360,12,-1.0
725,12,-1.0
813,12,1.0
1033,12,1.0
1302,13,1.0
898,13,-1.0
1168,13,1.0
1856,13,-1.0
1586,14,1.0
1638,14,-1.0
753,15,1.0
813,15,-1.0
1448,15,-1.0
813,16,1.0
95,16,-1.0
83,16,1.0
186,17,-1.0
1850,17,1.0
2056,17,-1.0
344,17,1.0
1339,18,-1.0
1806,18,1.0
1643,18,-1.0
250,18,1.0
1038,19,-1.0
813,19,-1.0
1139,19,1.0
2024,19,1.0
1974,20,1.0
2114,20,-1.0
1970,20,1.0
1542,20,1.0
1399,20,-1.0
1464,20,-1.0
495,21,1.0
148,21,-1.0
152,22,1.0
1659,22,1.0
1013,22,-1.0
186,22,-1.0
484,23,1.0
1756,23,1.0
25,23,1.0
1232,23,-1.0
585,23,-1.0
745,24,-1.0
1723,24,1.0
964,24,-1.0
1401,24,1.0
2097,25,-1.0
562,25,1.0
726,25,1.0
813,25,-1.0
2146,26,-1.0
587,26,1.0
813,26,-1.0
1847,26,1.0
1052,27,-1.0
1757,27,1.0
61,28,1.0
1776,28,-1.0
111,29,-1.0
813,29,1.0
1201,29,1.0
465,29,-1.0
1709,29,-1.0
1202,29,1.0
853,30,1.0
1033,30,1.0
636,30,-1.0
725,30,-1.0
1709,30,-1.0
1041,31,1.0
965,31,1.0
760,31,-1.0
1939,31,-1.0
957,32,1.0
1090,32,-1.0
1477,32,-1.0
1908,32,1.0
811,32,1.0
1890,33,-1.0
2051,33,-1.0
431,33,1.0
128,33,1.0
1050,34,-1.0
2087,34,-1.0
292,34,1.0
1613,34,1.0
880,35,1.0
788,35,-1.0
520,35,-1.0
1747,35,-1.0
387,35,1.0
939,35,1.0
374,36,1.0
1890,36,-1.0
1971,36,-1.0
128,36,1.0
1628,37,-1.0
90,37,1.0
1268,37,-1.0
669,38,-1.0
104,38,1.0
2200,38,-1.0
947,39,-1.0
557,39,1.0
2056,40,1.0
344,40,-1.0
186,40,1.0
1850,40,-1.0
1300,41,1.0
721,41,-1.0
185,41,1.0
813,41,-1.0
1268,41,-1.0
2215,41,1.0
1249,42,-1.0
1268,42,-1.0
1956,42,1.0
355,43,-1.0
1578,43,-1.0
1091,43,1.0
970,43,-1.0
652,43,-1.0
1469,44,-1.0
48,44,1.0
208,44,-1.0
2195,45,1.0
1989,45,-1.0
316,45,1.0
323,45,-1.0
303,46,1.0
727,46,-1.0
1143,47,1.0
1362,47,-1.0
725,47,-1.0
813,47,1.0
1268,47,-1.0
1709,47,-1.0
1033,47,1.0
1974,48,1.0
72,48,-1.0
339,48,-1.0
264,48,-1.0
1260,48,1.0
587,49,1.0
398,49,1.0
801,49,-1.0
813,49,-1.0
1033,50,1.0
3,50,1.0
1202,50,-1.0
1268,50,-1.0
725,50,-1.0
620,50,1.0
1481,51,1.0
681,51,1.0
1862,51,-1.0
1272,51,-1.0
724,52,-1.0
1489,52,-1.0
96,52,1.0
1024,52,1.0
1797,53,-1.0
466,53,1.0
1317,53,1.0
2199,53,-1.0
896,53,1.0
520,53,-1.0
871,54,1.0
1402,54,-1.0
1492,54,1.0
829,54,-1.0
509,55,-1.0
2145,55,1.0
11,56,1.0
511,56,-1.0
213,56,-1.0
2192,56,1.0
1360,57,-1.0
2012,57,1.0
802,58,-1.0
674,58,-1.0
871,58,1.0
129,58,1.0
2134,59,-1.0
1500,59,1.0
1068,60,-1.0
134,60,1.0
563,60,-1.0
1278,60,1.0
1880,61,-1.0
854,61,1.0
1179,61,-1.0
293,62,1.0
563,62,-1.0
1320,62,-1.0
1278,62,1.0
813,63,-1.0
587,63,1.0
674,63,1.0
1357,63,-1.0
665,64,1.0
1268,64,-1.0
1709,64,-1.0
1943,64,-1.0
725,64,-1.0
813,64,1.0
1033,64,1.0
2073,65,-1.0
78,65,-1.0
813,65,1.0
1852,65,1.0
640,65,1.0
443,66,-1.0
361,66,1.0
1656,66,-1.0
2151,67,1.0
56,67,-1.0
473,67,-1.0
1867,67,-1.0
1817,68,1.0
1148,68,-1.0
563,69,-1.0
467,69,1.0
1278,69,1.0
458,69,-1.0
813,70,-1.0
525,70,-1.0
2069,70,1.0
493,71,-1.0
1201,71,-1.0
2207,71,1.0
465,71,1.0
1278,72,1.0
563,72,-1.0
1557,72,-1.0
1322,72,1.0
983,73,-1.0
137,73,1.0
1268,73,-1.0
1289,74,-1.0
1291,74,-1.0
339,74,-1.0
1464,74,-1.0
866,74,1.0
1974,74,1.0
1400,74,1.0
1998,75,1.0
252,75,1.0
813,75,-1.0
318,75,-1.0
1856,76,1.0
1631,76,-1.0
849,76,1.0
1309,76,-1.0
1712,77,1.0
2128,77,-1.0
316,77,1.0
323,77,-1.0
126,78,-1.0
1090,78,-1.0
442,78,1.0
2060,78,1.0
2104,79,1.0
1875,79,-1.0
1109,79,-1.0
747,79,1.0
1060,80,1.0
1033,80,1.0
1368,80,-1.0
725,80,-1.0
1709,80,-1.0
1877,80,1.0
1033,81,1.0
566,81,-1.0
725,81,-1.0
1709,81,-1.0
1982,81,1.0
542,82,1.0
2013,82,-1.0
405,82,1.0
1863,82,1.0
1733,82,-1.0
630,83,1.0
1278,83,1.0
563,83,-1.0
830,83,-1.0
563,84,-1.0
252,84,-1.0
587,84,1.0
726,84,-1.0
2061,84,1.0
1278,84,1.0
813,85,-1.0
900,85,1.0
1552,85,-1.0
897,86,-1.0
938,86,1.0
423,86,-1.0
1493,87,1.0
1711,87,-1.0
1033,87,1.0
725,87,-1.0
1709,87,-1.0
1694,88,-1.0
78,88,1.0
101,88,1.0
1189,89,1.0
1742,89,1.0
1115,89,-1.0
814,90,-1.0
840,90,1.0
186,90,1.0
232,90,-1.0
1268,91,-1.0
1895,91,1.0
1852,91,-1.0
813,92,-1.0
587,92,1.0
557,92,-1.0
1914,92,1.0
1898,93,-1.0
2088,93,-1.0
1065,93,1.0
2064,94,1.0
1373,94,-1.0
813,95,-1.0
654,95,-1.0
163,95,1.0
674,95,1.0
813,96,-1.0
383,96,-1.0
1371,96,1.0
411,97,-1.0
502,97,1.0
1269,97,1.0
1698,97,-1.0
1426,98,1.0
302,98,1.0
585,98,-1.0
1756,98,1.0
25,98,1.0
511,98,-1.0
280,98,-1.0
1907,99,-1.0
2078,99,1.0
1559,99,-1.0
2203,99,1.0
1756,100,1.0
750,100,-1.0
1426,100,1.0
25,100,1.0
511,100,-1.0
585,100,-1.0
1238,101,1.0
1471,101,-1.0
1709,101,-1.0
725,101,-1.0
1033,101,1.0
46,102,1.0
893,102,1.0
1709,102,-1.0
236,102,-1.0
1195,103,1.0
1987,103,1.0
1195,103,-1.0
1096,104,1.0
1709,104,1.0
1591,104,-1.0
1024,104,1.0
813,104,-1.0
10,105,1.0
397,105,-1.0
760,106,-1.0
1041,106,1.0
84,106,1.0
1825,106,-1.0
1986,107,1.0
887,107,-1.0
1268,108,-1.0
90,108,-1.0
977,108,1.0
2104,109,1.0
2062,109,-1.0
1141,109,1.0
1109,109,-1.0
1543,110,-1.0
1890,110,-1.0
128,110,1.0
767,110,1.0
908,110,-1.0
1646,110,1.0
1081,111,-1.0
1890,111,1.0
4,111,1.0
2091,111,1.0
1646,111,-1.0
128,111,-1.0
301,112,1.0
1278,112,1.0
943,112,-1.0
563,112,-1.0
1779,113,1.0
563,113,-1.0
366,113,-1.0
1278,113,1.0
956,114,1.0
696,114,1.0
1140,114,-1.0
1670,115,-1.0
2054,115,1.0
1306,116,-1.0
2142,116,1.0
2045,116,1.0
1974,117,1.0
860,117,-1.0
866,117,1.0
1289,117,-1.0
392,117,1.0
339,117,-1.0
1464,117,-1.0
617,118,-1.0
1071,118,1.0
1268,118,-1.0
1719,119,-1.0
940,119,-1.0
363,119,1.0
1436,119,1.0
1488,120,1.0
1278,120,1.0
563,120,-1.0
1192,120,-1.0
813,121,-1.0
1147,121,1.0
1455,121,-1.0
1709,121,1.0
1024,121,1.0
587,122,1.0
1724,122,-1.0
1847,122,1.0
813,122,-1.0
2198,123,-1.0
1656,123,-1.0
200,123,1.0
1662,124,-1.0
1547,124,1.0
877,124,-1.0
166,124,1.0
46,125,1.0
1709,125,1.0
465,125,1.0
670,125,-1.0
2030,125,1.0
1201,125,-1.0
1978,126,1.0
1024,126,1.0
252,126,1.0
563,126,-1.0
1618,126,1.0
1798,126,-1.0
813,126,-1.0
2061,126,-1.0
2124,127,1.0
356,127,-1.0
813,128,-1.0
1754,128,1.0
332,128,-1.0
207,129,-1.0
1228,129,1.0
1709,130,1.0
1599,130,-1.0
1268,130,-1.0
813,130,1.0
720,130,1.0
53,131,-1.0
1618,131,1.0
1265,131,1.0
1280,132,-1.0
1788,132,-1.0
5,132,1.0
1662,133,-1.0
2190,133,1.0
855,133,-1.0
1980,133,1.0
1798,134,-1.0
1444,134,-1.0
587,134,1.0
53,134,1.0
1709,134,1.0
1135,134,-1.0
1572,134,1.0
1453,135,1.0
1448,135,-1.0
1002,136,-1.0
1833,136,1.0
523,136,-1.0
398,136,-1.0
2174,137,1.0
1748,137,-1.0
1278,137,1.0
563,137,-1.0
1813,138,-1.0
1417,138,-1.0
172,138,1.0
1974,139,1.0
925,139,-1.0
1749,139,1.0
1946,139,1.0
1047,139,1.0
506,139,-1.0
1289,139,-1.0
1942,140,1.0
979,140,-1.0
1996,141,1.0
2058,141,-1.0
2103,142,-1.0
681,142,1.0
1809,142,1.0
1272,142,-1.0
585,143,-1.0
1102,143,-1.0
25,143,1.0
1952,143,1.0
1756,143,1.0
969,144,1.0
1806,144,1.0
1832,144,-1.0
1339,144,-1.0
1465,145,-1.0
725,145,-1.0
1033,145,1.0
1709,145,-1.0
1655,145,1.0
78,146,-1.0
1825,146,1.0
640,146,1.0
156,146,-1.0
1048,147,1.0
1444,147,-1.0
1572,147,1.0
1222,147,-1.0
563,148,-1.0
2129,148,-1.0
994,148,1.0
1278,148,1.0
306,149,-1.0
1694,149,1.0
78,149,-1.0
1268,150,-1.0
1709,150,-1.0
1033,150,1.0
432,150,1.0
725,150,-1.0
813,150,1.0
1363,150,-1.0
1946,151,1.0
1974,151,1.0
2159,151,-1.0
1749,151,1.0
506,151,-1.0
866,151,1.0
578,151,1.0
1289,151,-1.0
811,152,1.0
1589,152,-1.0
1090,152,-1.0
1908,152,1.0
1259,152,1.0
1881,153,-1.0
511,153,1.0
1237,153,1.0
563,154,-1.0
300,154,-1.0
1286,154,1.0
1278,154,1.0
725,155,-1.0
813,155,1.0
1709,155,-1.0
1033,155,1.0
227,155,-1.0
1268,155,-1.0
254,155,1.0
473,156,-1.0
1193,156,-1.0
2216,156,1.0
1709,157,-1.0
725,157,-1.0
1665,157,-1.0
279,157,1.0
1033,157,1.0
339,158,-1.0
1974,158,1.0
1260,158,1.0
72,158,-1.0
264,158,-1.0
1278,159,1.0
261,159,1.0
563,159,-1.0
1395,159,-1.0
2004,160,1.0
2089,160,-1.0
563,160,-1.0
1618,160,1.0
376,161,1.0
476,161,-1.0
1278,161,1.0
563,161,-1.0
1421,162,1.0
811,162,1.0
1090,162,-1.0
1121,162,-1.0
1908,162,1.0
587,163,1.0
902,163,1.0
1529,163,-1.0
232,164,1.0
1194,164,1.0
25,164,1.0
1452,164,-1.0
138,164,1.0
840,164,-1.0
1890,164,-1.0
1796,165,1.0
813,165,-1.0
1681,165,-1.0
593,165,1.0
983,166,1.0
1268,166,-1.0
617,166,-1.0
760,167,-1.0
1709,167,1.0
1334,167,-1.0
1041,167,1.0
2191,167,1.0
725,167,-1.0
1033,167,1.0
46,168,1.0
1709,168,-1.0
1042,168,-1.0
1285,168,1.0
1824,168,-1.0
1024,168,1.0
1722,169,-1.0
1268,169,-1.0
813,169,1.0
725,169,-1.0
1461,169,1.0
1033,169,1.0
1709,169,-1.0
232,170,-1.0
840,170,1.0
1514,170,1.0
975,170,-1.0
1964,170,1.0
1103,171,1.0
755,171,-1.0
587,171,1.0
252,171,1.0
563,171,-1.0
1278,171,1.0
813,171,-1.0
2061,171,-1.0
1709,171,1.0
1973,172,1.0
1024,172,1.0
563,172,-1.0
1618,172,1.0
376,172,-1.0
305,172,-1.0
1268,173,-1.0
725,173,-1.0
813,173,1.0
1709,173,-1.0
1018,173,1.0
2012,173,-1.0
1188,173,1.0
1033,173,1.0
381,174,-1.0
1241,174,1.0
1974,174,-1.0
2091,175,1.0
1538,175,1.0
427,175,-1.0
402,175,-1.0
1686,176,-1.0
873,176,1.0
1759,176,-1.0
729,177,-1.0
1315,177,-1.0
58,177,1.0
1887,177,1.0
1061,178,1.0
941,178,-1.0
813,178,-1.0
894,179,-1.0
286,179,1.0
1618,180,1.0
871,180,-1.0
1790,180,1.0
1333,180,-1.0
563,180,-1.0
1024,180,1.0
1401,181,-1.0
868,181,1.0
327,182,1.0
404,182,1.0
1709,182,-1.0
1424,182,-1.0
725,182,-1.0
1033,182,1.0
421,182,-1.0
2023,183,-1.0
132,183,-1.0
1759,183,1.0
1264,184,-1.0
1554,184,-1.0
377,184,1.0
563,185,-1.0
1278,185,1.0
252,185,-1.0
143,185,-1.0
730,185,1.0
587,185,1.0
464,186,1.0
1726,186,1.0
813,186,-1.0
473,186,-1.0
339,187,-1.0
211,187,-1.0
740,187,1.0
866,187,1.0
1974,187,1.0
1289,187,-1.0
1464,187,-1.0
85,188,-1.0
999,188,1.0
1974,188,1.0
693,189,-1.0
770,189,1.0
1908,189,-1.0
1090,189,1.0
857,189,-1.0
1736,189,-1.0
419,189,-1.0
2112,189,1.0
1702,190,-1.0
1961,190,1.0
1006,190,-1.0
25,191,1.0
585,191,-1.0
1861,191,-1.0
1959,191,1.0
1756,191,1.0
898,192,1.0
1934,192,-1.0
896,193,1.0
520,193,-1.0
1858,193,-1.0
2120,193,1.0
1735,194,1.0
1187,194,-1.0
1460,194,1.0
813,194,-1.0
563,195,-1.0
1278,195,1.0
599,195,-1.0
1807,195,1.0
1999,196,-1.0
1087,196,1.0
681,196,1.0
196,196,-1.0
946,197,1.0
340,197,-1.0
598,198,1.0
2153,198,-1.0
1049,198,-1.0
1798,199,-1.0
1659,199,-1.0
821,199,1.0
252,199,1.0
93,200,1.0
1278,200,1.0
563,200,-1.0
183,200,-1.0
339,201,-1.0
1464,201,-1.0
1974,201,1.0
866,201,1.0
1217,201,1.0
45,201,-1.0
1289,201,-1.0
1090,202,-1.0
292,202,-1.0
460,202,1.0
1710,202,1.0
1275,203,1.0
885,203,1.0
764,203,-1.0
309,203,-1.0
1359,203,1.0
1201,204,-1.0
1709,204,1.0
1610,204,1.0
101,204,-1.0
465,204,1.0
2052,205,-1.0
827,205,1.0
771,205,1.0
1974,205,-1.0
2179,206,1.0
563,206,-1.0
587,206,1.0
802,206,-1.0
1412,206,-1.0
1278,206,1.0
18,207,-1.0
2049,207,1.0
163,207,1.0
813,207,-1.0
1758,208,-1.0
363,208,1.0
69,208,1.0
1719,208,-1.0
1261,209,-1.0
707,209,1.0
845,210,-1.0
1709,210,1.0
1278,210,1.0
67,210,1.0
563,210,-1.0
592,211,1.0
813,211,-1.0
510,211,1.0
305,211,-1.0
1518,212,1.0
511,212,-1.0
527,212,-1.0
1246,212,1.0
1726,213,-1.0
1974,213,1.0
1558,213,1.0
866,213,1.0
1289,213,-1.0
339,213,-1.0
1464,213,-1.0
879,214,-1.0
699,214,-1.0
588,214,1.0
1353,215,1.0
1229,215,-1.0
585,215,1.0
1756,215,-1.0
603,215,1.0
25,215,-1.0
1819,216,1.0
1033,216,1.0
1268,216,-1.0
725,216,-1.0
813,216,1.0
1709,216,-1.0
1340,216,-1.0
1520,217,-1.0
676,217,-1.0
1823,217,1.0
2084,218,-1.0
453,218,-1.0
587,218,1.0
2200,218,1.0
813,218,-1.0
896,219,1.0
55,219,-1.0
1602,219,1.0
520,219,-1.0
186,220,-1.0
152,220,1.0
1951,220,-1.0
1426,220,1.0
1335,221,1.0
1050,221,-1.0
813,221,-1.0
1329,221,1.0
2122,222,-1.0
252,222,-1.0
1426,222,1.0
1798,222,1.0
2199,223,-1.0
1532,223,-1.0
131,223,1.0
1802,224,-1.0
967,224,1.0
577,225,1.0
532,225,1.0
503,225,-1.0
25,225,1.0
1861,225,-1.0
1964,225,1.0
1201,226,-1.0
1709,226,1.0
465,226,1.0
2165,226,1.0
1889,226,-1.0
1565,227,1.0
1607,227,-1.0
813,227,-1.0
1866,227,1.0
2029,228,-1.0
1709,228,-1.0
508,228,1.0
1268,228,-1.0
813,228,1.0
725,228,-1.0
1033,228,1.0
173,229,1.0
212,229,-1.0
2205,230,-1.0
1033,230,-1.0
332,230,1.0
725,230,1.0
588,231,-1.0
813,231,-1.0
562,231,1.0
587,231,1.0
155,232,1.0
711,232,-1.0
813,233,-1.0
587,233,1.0
1983,233,-1.0
222,233,1.0
1826,234,-1.0
1886,234,1.0
78,234,-1.0
813,234,1.0
640,234,1.0
924,235,-1.0
1418,235,1.0
596,236,-1.0
46,236,1.0
492,236,1.0
1654,237,-1.0
304,237,-1.0
1625,237,1.0
1928,238,1.0
554,238,-1.0
813,238,-1.0
296,238,1.0
2169,239,1.0
649,239,-1.0
50,239,-1.0
848,239,1.0
1296,240,1.0
2129,240,-1.0
232,241,-1.0
840,241,1.0
1404,241,-1.0
928,241,1.0
1202,242,1.0
243,242,-1.0
1265,242,1.0
24,243,-1.0
1789,243,1.0
480,243,-1.0
1199,243,1.0
1196,244,-1.0
511,244,-1.0
1478,244,1.0
1762,245,1.0
202,245,-1.0
572,246,1.0
1524,246,-1.0
535,246,1.0
511,247,1.0
532,247,-1.0
324,247,1.0
503,247,1.0
25,247,-1.0
23,247,-1.0
1163,247,-1.0
424,248,-1.0
1527,248,1.0
2137,248,-1.0
2214,248,1.0
1095,248,1.0
2091,249,1.0
118,249,-1.0
1336,249,1.0
511,249,-1.0
1789,250,-1.0
1646,250,1.0
511,250,-1.0
465,251,1.0
813,251,-1.0
1201,251,-1.0
1709,251,1.0
378,251,1.0
913,251,-1.0
511,252,1.0
1039,252,1.0
503,252,1.0
1163,252,-1.0
1200,252,-1.0
532,252,-1.0
25,252,-1.0
339,253,-1.0
1439,253,1.0
1017,253,-1.0
1718,254,-1.0
889,254,1.0
341,254,-1.0
2078,255,1.0
1378,255,1.0
1087,255,-1.0
1907,255,-1.0
760,256,-1.0
1231,256,1.0
813,256,-1.0
1444,256,-1.0
1645,256,1.0
2014,256,1.0
1024,256,1.0
1879,257,-1.0
1033,257,-1.0
725,257,1.0
526,257,1.0
1649,258,1.0
1556,258,1.0
939,258,-1.0
145,259,1.0
1022,259,-1.0
813,259,1.0
1714,260,1.0
1709,260,1.0
465,260,1.0
813,260,-1.0
1201,260,-1.0
1018,260,-1.0
1033,261,1.0
521,261,-1.0
2145,261,1.0
725,261,-1.0
128,262,-1.0
1890,262,1.0
1646,262,-1.0
558,262,1.0
1478,262,-1.0
1257,262,1.0
1268,263,-1.0
552,263,-1.0
2205,263,1.0
1024,264,1.0
563,264,-1.0
904,264,-1.0
1927,264,1.0
1288,265,1.0
1300,265,1.0
1325,265,-1.0
305,265,1.0
813,265,-1.0
25,266,1.0
511,266,-1.0
1975,266,-1.0
585,266,-1.0
1756,266,1.0
2070,266,1.0
1444,267,-1.0
1572,267,1.0
2181,267,-1.0
622,267,1.0
587,268,1.0
1278,268,1.0
1352,268,-1.0
563,268,-1.0
813,268,-1.0
1449,268,1.0
1830,269,-1.0
1390,269,1.0
1554,269,1.0
2145,270,-1.0
2065,270,1.0
782,270,-1.0
1662,271,-1.0
1314,271,1.0
2168,271,1.0
2210,271,-1.0
1580,272,-1.0
2096,272,1.0
1278,272,1.0
563,272,-1.0
696,273,-1.0
1511,273,1.0
2091,273,1.0
560,273,-1.0
2050,274,-1.0
60,274,1.0
1709,274,-1.0
351,274,1.0
27,275,1.0
1924,275,-1.0
1505,275,-1.0
511,275,1.0
1490,275,1.0
1999,276,-1.0
2103,276,-1.0
681,276,1.0
736,276,1.0
1024,277,1.0
1201,277,1.0
563,277,-1.0
67,277,-1.0
1709,278,-1.0
1120,278,1.0
725,278,-1.0
1033,278,1.0
1579,278,-1.0
966,279,-1.0
2117,279,1.0
1726,280,-1.0
1974,280,1.0
866,280,1.0
1289,280,-1.0
2167,280,1.0
339,280,-1.0
1464,280,-1.0
878,281,-1.0
345,281,-1.0
408,281,1.0
850,282,1.0
1692,282,-1.0
1704,283,1.0
1646,283,1.0
511,283,-1.0
737,283,-1.0
302,283,1.0
1103,284,-1.0
277,284,1.0
1024,284,1.0
1357,284,-1.0
530,285,1.0
607,285,-1.0
1856,285,1.0
32,285,-1.0
712,286,-1.0
1647,286,1.0
1090,286,-1.0
22,286,1.0
1024,287,1.0
563,287,-1.0
1618,287,1.0
871,287,-1.0
813,287,1.0
1587,287,1.0
948,287,-1.0
25,288,1.0
120,288,-1.0
1220,288,1.0
898,289,-1.0
607,289,1.0
1856,289,-1.0
1302,289,1.0
1033,290,1.0
1060,290,1.0
725,290,-1.0
1709,290,-1.0
1368,290,-1.0
1877,290,1.0
1878,291,-1.0
1114,291,1.0
504,291,1.0
415,292,1.0
813,292,1.0
477,292,-1.0
587,293,1.0
2035,293,1.0
1286,293,-1.0
813,293,-1.0
112,294,-1.0
192,294,1.0
1709,295,-1.0
1616,295,1.0
92,295,-1.0
2145,296,1.0
509,296,-1.0
1033,297,-1.0
846,297,1.0
1725,297,-1.0
725,297,1.0
25,298,1.0
1353,298,-1.0
1903,299,-1.0
1907,299,-1.0
803,299,1.0
2078,299,1.0
634,300,1.0
1273,300,1.0
1432,300,-1.0
1896,300,-1.0
364,300,1.0
196,301,-1.0
1999,301,-1.0
1087,301,1.0
681,301,1.0
1464,302,-1.0
1399,302,-1.0
1972,302,1.0
1970,302,1.0
1110,302,-1.0
1974,302,1.0
175,303,1.0
1050,303,-1.0
813,303,-1.0
1329,303,1.0
802,304,-1.0
984,304,1.0
927,304,-1.0
871,304,1.0
140,305,1.0
2085,305,-1.0
1439,305,1.0
245,305,-1.0
813,306,-1.0
2032,306,-1.0
1072,306,1.0
2206,307,-1.0
265,307,-1.0
1731,307,1.0
701,307,1.0
907,308,-1.0
1662,308,-1.0
2118,308,1.0
1468,308,1.0
738,309,-1.0
1540,309,1.0
1938,310,-1.0
707,310,1.0
871,310,1.0
253,310,-1.0
1451,311,-1.0
1464,311,-1.0
866,311,1.0
1289,311,-1.0
339,311,-1.0
1974,311,1.0
909,311,1.0
2055,312,-1.0
1646,312,1.0
1536,312,1.0
511,312,-1.0
572,313,-1.0
1145,313,1.0
1637,313,-1.0
621,314,-1.0
1084,314,-1.0
82,314,1.0
681,314,1.0
2006,315,1.0
370,315,-1.0
887,315,1.0
643,315,-1.0
1905,316,-1.0
1869,316,-1.0
788,316,1.0
824,316,1.0
1527,316,-1.0
1161,317,1.0
511,317,-1.0
1308,317,-1.0
1925,318,-1.0
317,318,-1.0
1389,318,1.0
212,319,1.0
173,319,-1.0
655,320,-1.0
796,320,1.0
2130,320,-1.0
562,321,-1.0
588,321,1.0
563,321,-1.0
1278,321,1.0
337,322,1.0
813,322,-1.0
571,322,-1.0
1074,322,1.0
1260,323,-1.0
1397,323,1.0
486,323,1.0
186,324,-1.0
659,324,-1.0
1426,324,1.0
459,324,1.0
871,325,1.0
592,325,-1.0
679,325,-1.0
1131,325,1.0
46,325,1.0
1292,326,-1.0
1278,326,1.0
563,326,-1.0
2072,326,1.0
1278,327,1.0
563,327,-1.0
2136,327,-1.0
178,327,1.0
1709,327,1.0
425,328,-1.0
234,328,1.0
1004,328,-1.0
273,328,1.0
813,329,-1.0
1724,329,-1.0
438,329,1.0
587,329,1.0
1866,330,1.0
978,330,-1.0
1664,330,1.0
813,330,-1.0
1109,331,-1.0
2103,331,1.0
2104,331,1.0
490,331,-1.0
866,332,1.0
1289,332,-1.0
339,332,-1.0
1974,332,1.0
1995,332,-1.0
416,332,1.0
1464,332,-1.0
298,333,-1.0
461,333,-1.0
1011,333,1.0
937,333,1.0
512,334,1.0
1228,334,-1.0
2208,335,1.0
1696,335,-1.0
347,335,-1.0
1787,335,1.0
687,335,1.0
1100,336,-1.0
1513,336,1.0
1618,336,-1.0
1785,337,1.0
1657,337,-1.0
1869,337,-1.0
1527,337,-1.0
824,337,1.0
813,338,-1.0
200,338,-1.0
164,338,1.0
587,338,1.0
587,339,1.0
563,339,-1.0
1326,339,-1.0
321,339,-1.0
95,339,1.0
1278,339,1.0
1468,340,1.0
1662,340,-1.0
1392,340,-1.0
2017,340,1.0
724,341,1.0
2010,341,-1.0
46,341,1.0
587,341,1.0
1278,341,1.0
563,341,-1.0
1783,342,-1.0
529,342,1.0
441,343,-1.0
2093,343,-1.0
1730,343,-1.0
970,343,1.0
1786,344,-1.0
1619,344,1.0
1812,345,-1.0
840,345,1.0
232,345,-1.0
1009,345,1.0
473,346,-1.0
2134,346,1.0
882,346,-1.0
674,346,1.0
1352,347,1.0
716,347,-1.0
1777,348,-1.0
742,348,1.0
863,348,-1.0
635,349,1.0
1581,349,1.0
2005,349,-1.0
708,349,-1.0
1814,350,1.0
1512,350,-1.0
1662,350,-1.0
691,350,1.0
813,351,-1.0
1866,351,1.0
1663,351,-1.0
905,351,1.0
906,352,-1.0
65,352,1.0
1420,352,1.0
183,352,-1.0
592,353,-1.0
1831,353,-1.0
1325,353,1.0
813,353,1.0
1276,354,-1.0
1204,354,1.0
1843,354,-1.0
373,355,1.0
232,355,-1.0
840,355,1.0
1705,355,-1.0
973,356,-1.0
1508,356,1.0
813,356,-1.0
587,356,1.0
1822,357,1.0
2057,357,1.0
1974,357,-1.0
325,357,-1.0
611,358,-1.0
247,358,-1.0
501,358,1.0
2144,359,-1.0
478,359,1.0
1090,359,-1.0
1474,359,1.0
1094,360,-1.0
541,360,-1.0
1008,360,1.0
2091,361,-1.0
197,361,1.0
1598,361,1.0
500,361,-1.0
547,362,-1.0
1016,362,1.0
2020,362,-1.0
1300,363,1.0
954,363,-1.0
1288,363,1.0
866,364,1.0
1289,364,-1.0
339,364,-1.0
1464,364,-1.0
1023,364,1.0
1726,364,-1.0
1974,364,1.0
222,365,1.0
1278,365,1.0
2087,365,-1.0
563,365,-1.0
871,366,1.0
177,366,-1.0
1164,366,1.0
683,366,-1.0
1602,367,-1.0
548,367,1.0
2199,367,-1.0
1247,368,1.0
1502,368,-1.0
289,368,-1.0
1789,368,1.0
1665,369,1.0
432,369,-1.0
725,369,-1.0
1709,369,-1.0
1033,369,1.0
1324,370,-1.0
587,370,1.0
813,370,-1.0
1165,370,1.0
128,371,1.0
1571,371,-1.0
908,371,-1.0
1646,371,1.0
1890,371,-1.0
1281,371,1.0
725,372,-1.0
1709,372,-1.0
1033,372,1.0
946,372,-1.0
167,372,1.0
1029,373,1.0
256,373,-1.0
2066,373,-1.0
58,374,-1.0
1393,374,-1.0
729,374,1.0
1289,375,-1.0
339,375,-1.0
1464,375,-1.0
1851,375,-1.0
1974,375,1.0
866,375,1.0
359,375,1.0
1999,376,-1.0
35,376,1.0
1560,376,-1.0
681,376,1.0
717,377,1.0
1709,377,-1.0
921,377,-1.0
620,377,-1.0
1499,377,1.0
725,377,-1.0
1033,377,1.0
2091,378,1.0
871,378,-1.0
511,379,-1.0
1102,379,1.0
928,379,-1.0
0,380,-1.0
1090,380,-1.0
574,380,1.0
941,381,1.0
1033,381,-1.0
725,381,1.0
137,381,-1.0
1709,382,1.0
99,382,1.0
46,382,-1.0
41,382,-1.0
1342,383,-1.0
2094,383,1.0
1082,384,1.0
489,384,1.0
1515,384,-1.0
546,384,-1.0
585,385,-1.0
59,385,-1.0
1756,385,1.0
1277,385,1.0
25,385,1.0
232,386,-1.0
840,386,1.0
2155,386,1.0
1737,386,-1.0
2070,387,1.0
25,387,1.0
511,387,-1.0
585,387,-1.0
1975,387,-1.0
1756,387,1.0
2210,388,1.0
2168,388,1.0
1662,388,-1.0
113,388,-1.0
1510,389,1.0
1278,389,1.0
563,389,-1.0
1321,389,-1.0
604,390,-1.0
1748,390,1.0
1201,390,-1.0
1709,390,1.0
465,390,1.0
1056,391,1.0
1864,391,-1.0
81,391,-1.0
813,392,-1.0
438,392,1.0
1724,392,-1.0
587,392,1.0
1698,393,-1.0
1725,393,-1.0
841,393,1.0
1269,393,1.0
1248,394,-1.0
706,394,-1.0
1778,394,1.0
1268,395,-1.0
682,395,1.0
46,395,1.0
1099,395,1.0
790,395,-1.0
1659,395,-1.0
1974,396,1.0
2171,396,-1.0
1464,396,-1.0
936,396,1.0
866,396,1.0
1289,396,-1.0
339,396,-1.0
587,397,1.0
41,397,1.0
2028,397,-1.0
1709,397,1.0
1278,397,1.0
563,397,-1.0
647,398,-1.0
813,398,1.0
1033,398,1.0
434,398,1.0
1268,398,-1.0
725,398,-1.0
1709,398,-1.0
367,399,1.0
92,399,-1.0
813,399,-1.0
1268,400,-1.0
1997,400,-1.0
263,400,1.0
1709,400,1.0
994,401,-1.0
1278,401,1.0
1322,401,1.0
563,401,-1.0
1033,402,1.0
1024,402,1.0
725,402,-1.0
973,402,-1.0
1516,402,1.0
1709,402,-1.0
2021,403,-1.0
1490,403,1.0
25,403,1.0
27,403,1.0
1505,403,-1.0
2068,404,1.0
587,404,1.0
1370,404,1.0
962,404,-1.0
105,404,1.0
813,404,-1.0
1798,405,1.0
1838,405,1.0
1381,405,-1.0
813,405,-1.0
1755,405,1.0
440,406,-1.0
1201,406,-1.0
564,406,1.0
465,406,1.0
1709,407,1.0
2037,407,1.0
1268,407,-1.0
725,407,-1.0
1033,407,1.0
1420,408,-1.0
762,408,1.0
183,408,1.0
813,408,-1.0
1024,409,1.0
563,409,-1.0
1618,409,1.0
1418,409,-1.0
673,409,1.0
813,409,1.0
871,409,-1.0
1033,410,1.0
1769,410,-1.0
725,410,-1.0
1709,410,-1.0
1150,410,1.0
846,411,-1.0
813,411,-1.0
1442,411,1.0
1031,412,-1.0
1861,412,1.0
2018,412,-1.0
959,412,1.0
813,413,1.0
1765,413,1.0
1561,413,-1.0
769,413,-1.0
671,413,1.0
769,414,-1.0
1561,414,-1.0
671,414,1.0
813,414,1.0
1765,414,1.0
813,415,-1.0
662,415,1.0
831,415,-1.0
1634,415,1.0
770,416,1.0
857,416,1.0
214,416,-1.0
1736,416,-1.0
419,416,1.0
1471,417,1.0
1159,417,-1.0
465,418,1.0
1583,418,-1.0
1201,418,-1.0
2036,418,1.0
1709,418,1.0
813,418,-1.0
1908,419,-1.0
1090,419,1.0
1509,419,1.0
1884,419,-1.0
117,420,-1.0
1747,420,-1.0
116,420,1.0
1659,420,1.0
587,421,1.0
1024,421,-1.0
813,421,-1.0
1615,422,-1.0
1050,422,1.0
2049,422,1.0
592,422,-1.0
312,423,-1.0
725,423,1.0
525,423,1.0
1033,423,-1.0
628,424,-1.0
872,424,1.0
1802,425,1.0
1942,425,-1.0
563,425,-1.0
1618,425,1.0
902,426,-1.0
692,426,1.0
1908,427,1.0
811,427,1.0
1121,427,1.0
1090,427,-1.0
976,427,-1.0
1890,428,-1.0
1221,428,-1.0
1304,428,1.0
128,428,1.0
1916,429,1.0
2062,429,1.0
490,429,-1.0
1593,429,-1.0
1557,430,1.0
813,430,-1.0
1324,430,-1.0
587,430,1.0
649,431,1.0
1024,431,1.0
563,431,-1.0
1268,432,-1.0
384,432,1.0
1943,432,-1.0
563,433,-1.0
141,433,1.0
871,433,-1.0
1024,433,1.0
1618,433,1.0
517,433,-1.0
2047,434,-1.0
723,434,1.0
1566,434,-1.0
1189,435,-1.0
244,435,-1.0
1088,435,1.0
881,436,1.0
102,436,-1.0
725,437,-1.0
1709,437,-1.0
1033,437,1.0
1531,437,1.0
1166,437,-1.0
49,438,-1.0
1512,438,1.0
210,438,1.0
1662,438,-1.0
1848,438,1.0
477,439,1.0
1268,439,-1.0
2150,439,-1.0
1488,440,1.0
184,440,-1.0
1563,441,1.0
573,441,-1.0
1775,442,1.0
803,442,-1.0
1423,443,-1.0
382,443,1.0
1470,443,-1.0
882,443,1.0
512,444,-1.0
207,444,1.0
2002,445,-1.0
2189,445,-1.0
282,445,1.0
1645,445,1.0
1033,446,-1.0
1344,446,1.0
1450,446,-1.0
725,446,1.0
2008,447,1.0
733,447,-1.0
760,447,-1.0
1041,447,1.0
1365,448,1.0
537,448,-1.0
511,448,1.0
1137,449,1.0
1239,449,-1.0
503,450,1.0
1545,450,1.0
532,450,-1.0
1163,450,-1.0
1842,450,-1.0
25,450,-1.0
511,450,1.0
1326,451,1.0
1796,451,-1.0
1184,451,-1.0
592,451,1.0
572,452,1.0
1805,452,1.0
700,452,-1.0
334,453,-1.0
104,453,-1.0
962,453,1.0
623,453,-1.0
1724,454,1.0
1278,454,1.0
563,454,-1.0
1847,454,-1.0
808,455,1.0
1067,455,-1.0
224,455,-1.0
299,455,-1.0
1287,455,-1.0
1268,456,-1.0
1709,456,-1.0
2095,456,-1.0
1021,456,1.0
725,456,-1.0
813,456,1.0
1033,456,1.0
2166,457,1.0
657,457,-1.0
224,457,-1.0
1287,457,-1.0
1067,457,-1.0
1195,458,1.0
28,458,-1.0
1613,459,1.0
124,459,-1.0
14,459,1.0
398,459,-1.0
1796,460,1.0
291,460,1.0
813,460,-1.0
100,460,-1.0
191,461,-1.0
1659,461,1.0
252,461,-1.0
1692,461,1.0
2042,462,1.0
426,462,1.0
1678,462,-1.0
702,462,-1.0
142,463,-1.0
1278,463,1.0
563,463,-1.0
1845,463,1.0
563,464,-1.0
802,464,-1.0
2179,464,1.0
1412,464,-1.0
1278,464,1.0
587,464,1.0
1618,465,1.0
1278,465,-1.0
563,465,1.0
1213,466,-1.0
205,466,1.0
649,466,-1.0
734,467,-1.0
1933,467,-1.0
1745,467,1.0
528,468,1.0
1662,468,-1.0
2040,468,1.0
1242,468,-1.0
597,469,1.0
70,469,-1.0
1441,470,-1.0
916,470,-1.0
955,470,1.0
2016,471,-1.0
1566,471,-1.0
1976,471,1.0
1910,472,1.0
896,472,1.0
1936,472,-1.0
520,472,-1.0
587,473,1.0
1083,473,-1.0
1278,473,1.0
813,473,-1.0
1327,473,1.0
563,473,-1.0
1278,474,1.0
563,474,-1.0
300,474,-1.0
1286,474,1.0
1980,475,1.0
328,475,-1.0
1955,475,1.0
1662,475,-1.0
1792,476,1.0
1358,476,-1.0
813,477,-1.0
587,477,1.0
1228,477,1.0
1584,477,-1.0
1662,478,-1.0
1468,478,1.0
1236,478,-1.0
433,478,1.0
813,479,-1.0
1069,479,1.0
1638,479,-1.0
587,479,1.0
563,480,-1.0
1529,480,1.0
902,480,-1.0
1278,480,1.0
1341,481,1.0
836,481,-1.0
1033,482,1.0
1034,482,-1.0
725,482,-1.0
1709,482,-1.0
934,482,1.0
1212,483,-1.0
1936,483,1.0
1332,484,-1.0
775,484,1.0
946,484,1.0
813,484,-1.0
222,485,-1.0
813,485,-1.0
587,485,1.0
2087,485,1.0
131,486,-1.0
2214,486,1.0
2137,486,-1.0
1527,486,1.0
522,486,1.0
1659,487,1.0
821,487,-1.0
1798,487,1.0
252,487,-1.0
1615,488,-1.0
813,488,-1.0
1203,488,1.0
1329,488,1.0
2173,489,1.0
1070,489,-1.0
635,489,1.0
708,489,-1.0
1860,490,-1.0
511,490,-1.0
1630,490,1.0
1646,490,1.0
995,491,1.0
656,491,-1.0
2078,491,1.0
1907,491,-1.0
185,492,1.0
1268,492,-1.0
1321,492,-1.0
813,492,-1.0
97,492,1.0
725,493,-1.0
813,493,1.0
1709,493,-1.0
1033,493,1.0
1968,493,-1.0
1268,493,-1.0
1523,493,1.0
1603,494,1.0
813,494,-1.0
1615,494,-1.0
1329,494,1.0
1703,495,1.0
978,495,-1.0
1623,495,-1.0
2186,496,-1.0
15,496,1.0
950,497,1.0
2077,497,-1.0
2023,497,-1.0
1385,498,1.0
1635,498,-1.0
2019,499,1.0
1329,499,1.0
813,499,-1.0
2134,499,-1.0
2070,500,-1.0
696,500,1.0
1789,500,1.0
1494,500,1.0
2091,500,-1.0
1890,500,-1.0
526,501,-1.0
813,501,-1.0
391,501,1.0
1494,502,1.0
1890,502,-1.0
1789,502,1.0
2070,502,-1.0
2091,502,-1.0
696,502,1.0
1196,503,1.0
1756,503,1.0
1125,503,-1.0
585,503,-1.0
933,504,1.0
2046,504,-1.0
1369,504,-1.0
1709,505,1.0
587,505,1.0
787,505,-1.0
813,505,-1.0
1815,505,1.0
1540,506,-1.0
1647,506,1.0
1090,506,-1.0
1427,506,1.0
1090,507,-1.0
834,507,1.0
800,507,-1.0
811,507,1.0
813,508,1.0
1943,508,-1.0
1416,508,1.0
1033,508,1.0
1268,508,-1.0
725,508,-1.0
1709,508,-1.0
348,509,-1.0
70,509,1.0
2078,509,1.0
1907,509,-1.0
1484,510,-1.0
465,510,1.0
1201,510,-1.0
1709,510,1.0
1363,510,1.0
640,511,1.0
1226,511,-1.0
452,511,1.0
78,511,-1.0
813,511,1.0
1024,512,1.0
1208,512,1.0
563,512,-1.0
1066,512,-1.0
1883,513,1.0
577,513,1.0
2157,513,-1.0
575,513,-1.0
2092,514,1.0
749,514,-1.0
1364,515,1.0
1910,515,-1.0
2199,515,-1.0
1824,516,1.0
1488,516,-1.0
563,516,-1.0
1618,516,1.0
1324,517,1.0
1575,517,-1.0
16,518,1.0
544,518,-1.0
1784,518,-1.0
17,518,1.0
813,519,-1.0
587,519,1.0
1129,519,-1.0
589,519,1.0
442,520,1.0
126,520,-1.0
2060,520,1.0
1090,520,-1.0
2078,521,1.0
656,521,1.0
1907,521,-1.0
1087,521,-1.0
92,522,1.0
1033,522,-1.0
725,522,1.0
2205,522,-1.0
528,523,1.0
2168,523,1.0
1098,523,-1.0
848,524,1.0
1160,524,-1.0
590,524,1.0
1618,525,1.0
1513,525,-1.0
1100,525,1.0
726,526,1.0
1537,526,1.0
763,526,-1.0
588,527,-1.0
879,527,1.0
699,527,1.0
1947,528,-1.0
1209,528,-1.0
543,528,1.0
180,528,1.0
2168,529,1.0
239,529,-1.0
1662,529,-1.0
1857,529,1.0
476,530,-1.0
1278,530,1.0
376,530,1.0
563,530,-1.0
1289,531,-1.0
2196,531,-1.0
339,531,-1.0
1464,531,-1.0
866,531,1.0
624,531,1.0
1974,531,1.0
344,532,-1.0
232,532,-1.0
186,532,1.0
840,532,1.0
294,533,-1.0
681,533,1.0
1870,533,1.0
1272,533,-1.0
1169,534,1.0
91,534,-1.0
2109,535,1.0
1806,535,1.0
1339,535,-1.0
1029,535,-1.0
1162,536,-1.0
2036,536,1.0
1709,537,1.0
581,537,-1.0
790,537,1.0
465,537,1.0
813,537,-1.0
1201,537,-1.0
1410,538,1.0
231,538,-1.0
1266,538,-1.0
1542,539,-1.0
1749,539,1.0
506,539,-1.0
1946,539,1.0
866,539,1.0
1289,539,-1.0
615,539,1.0
1974,539,1.0
2091,540,-1.0
1964,540,1.0
2,540,1.0
585,540,-1.0
1756,540,1.0
1243,540,-1.0
1024,541,1.0
1824,541,-1.0
1475,541,-1.0
1618,541,1.0
871,542,1.0
253,542,-1.0
1922,542,1.0
533,542,-1.0
1792,543,-1.0
1274,543,1.0
1270,543,-1.0
1726,544,-1.0
72,544,1.0
1464,544,-1.0
1024,545,1.0
1824,545,-1.0
1285,545,1.0
1780,545,-1.0
316,546,1.0
1382,546,-1.0
323,546,-1.0
1734,546,1.0
1521,547,1.0
1957,547,1.0
1969,547,-1.0
1974,547,-1.0
1709,548,-1.0
1827,548,1.0
813,548,1.0
1533,548,-1.0
1278,549,1.0
563,549,-1.0
1932,549,1.0
1867,549,-1.0
625,550,-1.0
725,550,1.0
308,550,1.0
1709,550,1.0
813,550,-1.0
1033,550,-1.0
462,551,1.0
398,551,-1.0
587,551,1.0
1683,552,-1.0
63,552,1.0
946,552,1.0
1691,553,1.0
1649,553,-1.0
1856,553,1.0
2199,553,-1.0
1601,554,1.0
1544,554,-1.0
1337,554,-1.0
719,554,1.0
817,555,1.0
1912,555,-1.0
125,555,-1.0
760,556,-1.0
1796,556,-1.0
1118,556,1.0
1041,556,1.0
316,557,1.0
393,557,-1.0
579,557,1.0
323,557,-1.0
563,558,-1.0
1618,558,1.0
661,558,-1.0
1024,558,1.0
644,558,-1.0
2105,558,1.0
709,559,-1.0
1033,559,1.0
29,559,1.0
725,559,-1.0
1709,559,-1.0
1920,560,-1.0
1892,560,1.0
813,560,-1.0
1168,561,-1.0
759,561,1.0
1856,561,1.0
2199,561,-1.0
915,562,1.0
684,562,-1.0
869,563,1.0
459,563,-1.0
511,563,1.0
252,564,1.0
813,564,-1.0
1027,564,-1.0
100,564,1.0
896,565,1.0
466,565,1.0
219,565,-1.0
520,565,-1.0
813,566,-1.0
587,566,1.0
1618,566,-1.0
662,566,1.0
1175,567,1.0
1201,567,1.0
295,567,-1.0
1709,567,-1.0
465,567,-1.0
878,568,-1.0
543,568,1.0
2157,568,1.0
511,568,-1.0
563,569,-1.0
587,569,1.0
1709,569,1.0
1825,569,-1.0
2084,569,1.0
1618,569,1.0
813,569,-1.0
906,570,-1.0
1090,570,-1.0
1710,570,1.0
1904,570,1.0
1449,571,-1.0
482,571,1.0
698,571,-1.0
1123,572,-1.0
1350,572,1.0
1883,572,-1.0
2091,572,1.0
357,573,-1.0
362,573,1.0
1473,573,-1.0
2015,573,1.0
587,574,1.0
428,574,-1.0
2049,574,1.0
813,574,-1.0
237,575,1.0
371,575,-1.0
1622,575,-1.0
725,576,-1.0
1033,576,1.0
646,576,-1.0
1709,576,-1.0
1430,576,1.0
1662,577,-1.0
1106,577,1.0
1314,577,1.0
1857,577,-1.0
1268,578,-1.0
1709,578,-1.0
636,578,-1.0
321,578,1.0
725,578,-1.0
813,578,1.0
1362,578,1.0
1033,578,1.0
2078,579,1.0
1903,579,-1.0
1907,579,-1.0
803,579,1.0
270,580,-1.0
587,580,1.0
813,580,-1.0
1922,580,1.0
67,581,1.0
845,581,-1.0
1278,581,1.0
563,581,-1.0
1709,581,1.0
728,582,-1.0
715,582,1.0
1394,582,-1.0
887,582,1.0
610,583,1.0
725,583,-1.0
813,583,1.0
1033,583,1.0
1268,583,-1.0
1709,583,-1.0
44,583,-1.0
110,584,1.0
781,584,-1.0
1057,584,-1.0
1605,585,1.0
813,585,-1.0
587,585,1.0
135,585,-1.0
106,586,-1.0
58,586,1.0
822,586,-1.0
1849,586,1.0
25,587,1.0
577,587,1.0
1861,587,-1.0
1964,587,1.0
585,587,-1.0
1756,587,1.0
78,588,-1.0
813,588,1.0
1837,588,1.0
640,588,1.0
1879,588,-1.0
2194,589,-1.0
780,589,1.0
520,590,-1.0
826,590,1.0
390,590,1.0
1064,590,-1.0
896,590,1.0
2199,590,-1.0
813,591,-1.0
1007,591,1.0
1796,591,1.0
1224,591,-1.0
1024,592,1.0
813,592,1.0
1587,592,1.0
563,592,-1.0
1618,592,1.0
871,592,-1.0
948,592,-1.0
1653,593,1.0
1075,593,-1.0
1572,593,1.0
1805,593,1.0
1444,593,-1.0
726,594,1.0
1618,594,-1.0
813,594,-1.0
1135,594,1.0
336,595,1.0
1847,595,-1.0
813,595,-1.0
587,595,1.0
1756,596,-1.0
27,596,-1.0
585,596,1.0
25,596,-1.0
2021,596,1.0
1679,597,-1.0
1934,597,1.0
2199,597,-1.0
1399,598,1.0
339,598,1.0
1970,598,-1.0
109,598,1.0
1676,598,-1.0
514,599,1.0
968,599,-1.0
813,599,1.0
557,600,-1.0
134,600,1.0
813,600,-1.0
587,600,1.0
618,601,1.0
617,601,-1.0
1268,601,-1.0
1260,602,-1.0
1620,602,1.0
232,603,-1.0
1669,603,-1.0
840,603,1.0
2053,603,1.0
563,604,-1.0
813,604,-1.0
1645,604,-1.0
760,604,1.0
1024,604,1.0
587,604,1.0
1080,605,-1.0
108,605,1.0
1235,606,1.0
607,606,1.0
290,606,-1.0
1856,606,-1.0
1296,607,1.0
1339,607,-1.0
1806,607,1.0
207,607,-1.0
811,608,1.0
976,608,-1.0
1908,608,1.0
1090,608,-1.0
1121,608,1.0
465,609,-1.0
1610,609,-1.0
101,609,1.0
1201,609,1.0
1709,609,-1.0
1709,610,-1.0
446,610,-1.0
1033,610,1.0
1885,610,1.0
725,610,-1.0
1024,611,1.0
563,611,-1.0
592,611,-1.0
1618,611,1.0
2068,611,-1.0
903,611,1.0
813,612,-1.0
587,612,1.0
316,612,-1.0
1618,612,1.0
1732,613,-1.0
1278,613,1.0
80,613,1.0
563,613,-1.0
1163,614,-1.0
25,614,-1.0
511,614,1.0
503,614,1.0
1462,614,1.0
2075,614,-1.0
532,614,-1.0
1796,615,1.0
1326,615,-1.0
1184,615,1.0
592,615,-1.0
233,616,1.0
279,616,-1.0
914,617,1.0
315,617,-1.0
1494,617,1.0
2091,617,-1.0
1890,617,-1.0
1789,617,1.0
1570,618,1.0
2092,618,-1.0
87,619,-1.0
1784,619,1.0
1090,620,-1.0
693,620,1.0
1871,620,-1.0
1170,620,-1.0
1387,620,1.0
534,620,1.0
499,621,1.0
1770,621,-1.0
1366,621,-1.0
518,621,1.0
25,621,1.0
1715,622,-1.0
1791,622,1.0
1805,622,-1.0
729,623,1.0
58,623,-1.0
1707,623,1.0
1853,624,1.0
1846,624,-1.0
1662,624,-1.0
645,624,1.0
1618,625,1.0
813,625,-1.0
252,625,1.0
2061,625,-1.0
563,625,-1.0
1147,625,-1.0
1709,625,1.0
2148,625,1.0
1024,625,1.0
1137,626,-1.0
1239,626,1.0
274,627,1.0
1100,627,-1.0
1278,627,1.0
563,627,-1.0
849,628,-1.0
828,628,1.0
228,628,1.0
47,628,-1.0
1871,629,-1.0
1576,629,1.0
158,629,-1.0
1090,629,1.0
1394,630,-1.0
1127,630,-1.0
1673,630,1.0
715,630,1.0
1810,631,1.0
1806,631,1.0
689,631,-1.0
1339,631,-1.0
382,632,1.0
1470,632,-1.0
253,632,-1.0
871,632,1.0
813,633,-1.0
2063,633,1.0
1709,633,1.0
2135,633,-1.0
1024,633,1.0
462,634,-1.0
1278,634,1.0
398,634,1.0
563,634,-1.0
1412,635,1.0
46,635,-1.0
1709,635,1.0
813,635,-1.0
1268,636,-1.0
617,636,-1.0
1415,636,1.0
149,637,1.0
1033,637,1.0
2150,637,-1.0
1268,637,-1.0
725,637,-1.0
1709,637,-1.0
339,638,-1.0
600,638,1.0
1464,638,-1.0
866,638,1.0
1974,638,1.0
844,638,-1.0
1289,638,-1.0
1944,639,1.0
1278,639,1.0
563,639,-1.0
192,639,-1.0
813,640,-1.0
587,640,1.0
1914,640,-1.0
1068,640,1.0
1921,641,-1.0
899,641,-1.0
1010,641,1.0
1284,641,1.0
573,642,1.0
1563,642,-1.0
811,643,1.0
1693,643,-1.0
1945,643,1.0
1090,643,-1.0
2102,644,1.0
189,644,-1.0
1423,645,-1.0
813,645,-1.0
89,645,1.0
882,645,1.0
57,646,1.0
1789,646,1.0
1494,646,1.0
2091,646,-1.0
2201,646,-1.0
1890,646,-1.0
1878,647,-1.0
479,647,1.0
248,647,-1.0
1165,648,-1.0
851,648,1.0
884,649,1.0
52,649,-1.0
1024,650,1.0
802,650,1.0
563,650,-1.0
1618,650,1.0
871,650,-1.0
1714,650,-1.0
1157,651,1.0
874,651,1.0
817,651,-1.0
1941,651,1.0
1828,652,-1.0
651,652,1.0
813,652,-1.0
420,652,1.0
363,653,1.0
682,653,1.0
288,653,-1.0
1719,653,-1.0
1219,654,-1.0
1709,654,-1.0
725,654,-1.0
1033,654,1.0
1154,654,1.0
2193,655,-1.0
2212,655,1.0
46,656,1.0
1486,656,-1.0
633,656,1.0
813,656,-1.0
1709,656,-1.0
726,656,1.0
25,657,-1.0
159,657,1.0
603,657,1.0
1353,657,1.0
603,657,-1.0
1229,657,1.0
1216,657,-1.0
1229,657,-1.0
1201,658,-1.0
1033,658,1.0
1278,658,1.0
563,658,-1.0
219,659,1.0
824,659,1.0
466,659,-1.0
1527,659,-1.0
1869,659,-1.0
2073,660,-1.0
1032,660,1.0
1268,660,-1.0
1674,661,-1.0
1067,661,-1.0
1993,661,1.0
316,662,1.0
323,662,-1.0
218,662,-1.0
320,662,1.0
1709,663,1.0
550,663,1.0
465,663,1.0
813,663,-1.0
1063,663,-1.0
1201,663,-1.0
139,664,-1.0
1468,664,1.0
820,664,1.0
1662,664,-1.0
509,665,1.0
2145,665,-1.0
924,666,1.0
1171,666,-1.0
532,666,-1.0
503,666,1.0
1163,666,-1.0
25,666,-1.0
511,666,1.0
363,667,1.0
202,667,1.0
1719,667,-1.0
1762,667,-1.0
363,668,1.0
1706,668,-1.0
60,668,1.0
1719,668,-1.0
900,669,-1.0
2143,669,1.0
46,670,1.0
516,670,-1.0
1155,670,1.0
563,671,-1.0
1024,671,1.0
813,671,-1.0
19,671,1.0
587,671,1.0
835,671,-1.0
1278,672,1.0
711,672,1.0
563,672,-1.0
1104,672,-1.0
1711,673,-1.0
813,673,1.0
749,673,1.0
142,674,-1.0
813,674,-1.0
726,674,1.0
971,674,1.0
703,675,-1.0
1479,675,1.0
511,675,-1.0
1097,675,1.0
1041,676,1.0
1780,676,-1.0
760,676,-1.0
1434,676,1.0
124,677,-1.0
1180,677,1.0
964,678,-1.0
1172,678,-1.0
1723,678,1.0
2007,678,1.0
1024,679,1.0
1720,679,-1.0
1824,679,-1.0
1267,679,1.0
974,680,-1.0
654,680,1.0
813,680,-1.0
1329,680,1.0
2204,681,-1.0
1688,681,1.0
511,681,-1.0
1483,681,1.0
64,682,1.0
1838,682,-1.0
1610,682,-1.0
1854,682,1.0
1024,683,-1.0
813,683,-1.0
587,683,1.0
1376,684,1.0
1470,684,-1.0
1615,684,1.0
1354,684,-1.0
1547,685,1.0
1774,685,1.0
1106,685,-1.0
1662,685,-1.0
1014,686,-1.0
87,686,1.0
1307,686,-1.0
287,687,-1.0
257,687,1.0
1126,687,-1.0
1158,688,1.0
1454,688,-1.0
809,688,1.0
813,688,-1.0
25,689,1.0
511,689,-1.0
1163,689,-1.0
1328,689,1.0
1629,689,-1.0
648,689,1.0
746,690,1.0
2112,690,-1.0
2121,690,1.0
1045,691,1.0
701,691,-1.0
475,691,-1.0
581,692,1.0
1796,692,1.0
147,692,-1.0
1210,693,1.0
1753,693,-1.0
1816,693,-1.0
648,694,-1.0
1743,694,1.0
1328,694,1.0
1629,694,-1.0
184,695,-1.0
2174,695,1.0
1272,696,-1.0
1965,696,1.0
1497,696,-1.0
681,696,1.0
64,697,1.0
305,697,-1.0
685,697,-1.0
153,697,1.0
244,698,-1.0
631,698,1.0
1445,698,-1.0
1287,699,-1.0
483,699,1.0
224,699,-1.0
1067,699,-1.0
379,699,-1.0
1090,700,-1.0
2176,700,-1.0
1589,700,1.0
811,700,1.0
1908,700,1.0
842,701,-1.0
1268,701,-1.0
944,701,1.0
312,702,1.0
1837,702,-1.0
1268,702,-1.0
1585,703,-1.0
1037,703,1.0
728,703,1.0
887,703,-1.0
1709,704,-1.0
1033,704,1.0
162,704,1.0
1546,704,-1.0
725,704,-1.0
704,705,1.0
1802,705,-1.0
1278,705,1.0
563,705,-1.0
725,706,-1.0
1709,706,-1.0
1033,706,1.0
853,706,1.0
636,706,-1.0
412,707,1.0
763,707,-1.0
46,707,1.0
1811,708,-1.0
1555,708,1.0
725,708,-1.0
1033,708,1.0
1494,709,1.0
1890,709,-1.0
1123,709,1.0
1132,709,-1.0
2091,709,-1.0
1789,709,1.0
1922,710,-1.0
473,710,1.0
1373,710,1.0
108,710,-1.0
871,711,1.0
253,711,-1.0
1603,711,-1.0
1615,711,1.0
2091,712,-1.0
1101,712,-1.0
1705,712,1.0
696,712,1.0
453,713,1.0
1278,713,1.0
563,713,-1.0
903,713,-1.0
681,714,1.0
549,714,-1.0
1356,714,-1.0
621,714,1.0
2086,715,1.0
1278,715,1.0
1948,715,-1.0
563,715,-1.0
713,716,1.0
587,716,1.0
813,716,-1.0
330,716,-1.0
1225,717,1.0
791,717,-1.0
1639,718,1.0
1662,718,-1.0
1666,718,1.0
1604,718,-1.0
1278,719,1.0
563,719,-1.0
1922,719,-1.0
1613,719,1.0
725,720,-1.0
1430,720,-1.0
836,720,1.0
1709,720,-1.0
1033,720,1.0
71,721,-1.0
871,721,1.0
253,721,-1.0
960,721,1.0
871,722,1.0
2019,722,-1.0
253,722,-1.0
2134,722,1.0
813,723,-1.0
587,723,1.0
1372,723,-1.0
1709,723,1.0
2038,723,1.0
987,724,-1.0
1084,724,-1.0
2154,724,1.0
681,724,1.0
813,725,-1.0
438,725,1.0
587,725,1.0
1724,725,-1.0
1830,726,-1.0
1822,726,-1.0
6,726,1.0
1250,727,-1.0
1618,727,1.0
1024,727,1.0
563,727,-1.0
685,727,1.0
813,727,-1.0
540,727,-1.0
1883,728,-1.0
57,728,-1.0
2000,728,1.0
2091,728,1.0
813,729,-1.0
587,729,1.0
711,729,-1.0
135,729,1.0
330,730,1.0
557,730,-1.0
511,731,-1.0
2022,731,-1.0
1861,731,1.0
813,732,-1.0
1709,732,-1.0
168,732,-1.0
765,732,1.0
982,732,1.0
206,733,1.0
342,733,-1.0
2039,733,1.0
1266,733,-1.0
2072,734,-1.0
1278,734,1.0
563,734,-1.0
2010,734,1.0
663,735,-1.0
1803,735,1.0
385,735,-1.0
1128,735,1.0
1709,736,-1.0
1610,736,1.0
1278,736,-1.0
563,736,1.0
1552,736,-1.0
419,737,-1.0
1060,737,1.0
1719,737,-1.0
363,737,1.0
1114,738,-1.0
37,738,1.0
1206,739,-1.0
186,739,1.0
532,739,1.0
503,739,-1.0
25,739,1.0
1964,739,1.0
185,740,1.0
1268,740,-1.0
813,740,-1.0
198,740,-1.0
594,740,1.0
1783,741,1.0
1278,741,1.0
1638,741,-1.0
563,741,-1.0
1288,742,1.0
1300,742,1.0
488,742,-1.0
813,742,-1.0
1053,742,1.0
1420,743,-1.0
813,743,-1.0
183,743,1.0
762,743,1.0
739,744,-1.0
587,744,1.0
813,744,-1.0
592,744,1.0
399,745,1.0
51,745,1.0
622,745,-1.0
1509,746,-1.0
1090,746,-1.0
1908,746,1.0
1884,746,1.0
980,747,-1.0
2187,747,1.0
813,747,-1.0
587,747,1.0
1229,748,-1.0
2048,748,1.0
603,748,1.0
75,748,-1.0
2174,749,-1.0
1488,749,-1.0
879,749,1.0
178,749,1.0
1278,750,-1.0
1732,750,1.0
563,750,1.0
80,750,-1.0
806,751,-1.0
519,751,1.0
1551,751,-1.0
1422,752,1.0
1856,752,1.0
1929,752,-1.0
203,752,-1.0
528,753,1.0
2040,753,-1.0
1098,753,1.0
1662,753,-1.0
20,754,1.0
1491,754,1.0
229,754,-1.0
25,754,1.0
1146,754,-1.0
2168,755,1.0
1662,755,-1.0
113,755,-1.0
2210,755,1.0
511,756,-1.0
908,756,1.0
1646,756,-1.0
1890,756,1.0
1543,756,1.0
128,756,-1.0
767,756,-1.0
2049,757,-1.0
1278,757,1.0
563,757,-1.0
428,757,1.0
1553,758,1.0
2071,758,-1.0
2098,758,-1.0
1069,759,-1.0
1913,759,1.0
813,759,-1.0
587,759,1.0
395,760,-1.0
1285,760,1.0
563,760,-1.0
1709,760,1.0
1278,760,1.0
202,761,1.0
1762,761,-1.0
705,762,-1.0
2202,762,1.0
866,762,1.0
1289,762,-1.0
339,762,-1.0
1464,762,-1.0
1974,762,1.0
1618,763,1.0
813,763,-1.0
1728,763,-1.0
1488,763,1.0
1052,764,-1.0
1711,764,1.0
1033,765,1.0
91,765,1.0
725,765,-1.0
1111,765,-1.0
1709,765,-1.0
919,766,1.0
425,766,-1.0
813,766,-1.0
1312,766,1.0
1265,767,1.0
813,767,-1.0
1333,767,1.0
1873,767,-1.0
253,768,-1.0
420,768,-1.0
1828,768,1.0
871,768,1.0
169,769,1.0
1876,769,-1.0
1503,770,1.0
1168,770,1.0
1095,770,-1.0
1856,770,-1.0
725,771,-1.0
813,771,1.0
1033,771,1.0
84,771,1.0
2127,771,-1.0
1709,771,-1.0
960,772,1.0
473,772,-1.0
674,772,1.0
813,772,-1.0
1214,773,-1.0
58,773,-1.0
968,773,1.0
1891,773,1.0
1268,773,-1.0
1103,774,-1.0
1354,774,1.0
1024,774,1.0
428,774,-1.0
1443,775,1.0
1041,775,1.0
760,775,-1.0
1425,775,-1.0
160,776,1.0
220,776,-1.0
587,776,1.0
1239,776,-1.0
1709,777,1.0
596,777,1.0
1201,777,-1.0
465,777,1.0
1150,777,-1.0
1974,778,1.0
875,778,1.0
1617,778,-1.0
866,778,1.0
1289,778,-1.0
339,778,-1.0
1464,778,-1.0
2091,779,-1.0
696,779,1.0
577,779,-1.0
1964,779,1.0
585,779,-1.0
1756,779,1.0
840,780,1.0
1414,780,1.0
232,780,-1.0
1058,780,-1.0
102,781,-1.0
867,781,1.0
146,781,1.0
583,782,-1.0
813,782,-1.0
1893,782,1.0
1709,782,1.0
1024,782,1.0
1261,783,-1.0
560,783,-1.0
2091,783,1.0
884,783,1.0
339,784,-1.0
1439,784,1.0
1017,784,-1.0
1698,785,-1.0
137,785,-1.0
2183,785,1.0
1269,785,1.0
858,786,1.0
1866,786,-1.0
1405,786,-1.0
819,787,1.0
1433,787,1.0
1138,787,1.0
54,787,-1.0
204,787,-1.0
23,788,1.0
1644,788,-1.0
1789,788,1.0
1247,788,-1.0
1089,789,-1.0
1530,789,1.0
811,789,1.0
1090,789,-1.0
1834,790,-1.0
725,790,-1.0
1709,790,-1.0
78,790,1.0
156,790,1.0
1033,790,1.0
1085,791,-1.0
1458,791,1.0
1480,791,-1.0
468,791,-1.0
172,791,-1.0
1327,792,-1.0
1424,792,-1.0
78,792,-1.0
498,792,1.0
1709,792,1.0
686,792,1.0
2129,793,1.0
1278,793,1.0
563,793,-1.0
1228,793,-1.0
1262,794,1.0
1220,794,-1.0
449,794,-1.0
1717,795,-1.0
577,795,1.0
1353,795,-1.0
25,795,1.0
1709,796,-1.0
2209,796,1.0
1567,796,-1.0
725,796,-1.0
1033,796,1.0
792,797,-1.0
1248,797,1.0
813,798,1.0
1240,798,-1.0
1227,798,1.0
1696,799,-1.0
1946,799,-1.0
1979,799,-1.0
722,799,1.0
895,799,1.0
238,799,1.0
1980,800,1.0
1662,800,-1.0
1633,800,-1.0
2190,800,1.0
1026,801,1.0
1318,801,1.0
1427,801,-1.0
1572,802,1.0
821,802,-1.0
1444,802,-1.0
46,802,1.0
1552,802,1.0
249,803,-1.0
1716,803,1.0
2182,803,-1.0
1709,803,1.0
1760,803,1.0
1285,804,-1.0
1024,804,1.0
1535,804,1.0
563,804,-1.0
2076,805,1.0
1278,805,1.0
536,805,-1.0
563,805,-1.0
1709,806,1.0
539,806,1.0
263,806,-1.0
1201,806,-1.0
465,806,1.0
813,806,-1.0
2073,807,-1.0
1268,807,-1.0
1626,807,1.0
2131,808,-1.0
813,808,-1.0
64,808,1.0
1298,808,1.0
64,809,1.0
305,809,-1.0
36,809,1.0
13,809,-1.0
496,810,1.0
1268,810,-1.0
1154,810,-1.0
1709,810,-1.0
1391,810,-1.0
813,810,1.0
215,810,1.0
278,811,1.0
1347,811,-1.0
287,811,-1.0
1627,812,-1.0
524,812,1.0
1647,812,1.0
1090,812,-1.0
1618,813,-1.0
1948,813,-1.0
1254,813,1.0
1298,814,-1.0
1902,814,1.0
1268,814,-1.0
1464,815,-1.0
347,815,1.0
1970,815,1.0
797,815,-1.0
1974,815,1.0
1399,815,-1.0
353,816,-1.0
1917,816,1.0
813,816,-1.0
396,817,-1.0
1348,817,-1.0
989,817,1.0
563,818,-1.0
1278,818,1.0
1618,818,-1.0
1907,819,-1.0
1597,819,-1.0
2078,819,1.0
892,819,1.0
1899,820,-1.0
297,820,1.0
1024,821,1.0
1824,821,-1.0
252,821,1.0
2061,821,-1.0
1367,821,1.0
813,821,-1.0
1773,822,1.0
1278,822,-1.0
346,822,-1.0
563,822,1.0
2175,823,-1.0
1659,823,1.0
1214,823,1.0
252,823,-1.0
945,824,-1.0
1510,824,1.0
185,824,1.0
1268,824,-1.0
951,825,1.0
2178,825,-1.0
319,825,-1.0
1861,826,-1.0
511,826,1.0
2022,826,1.0
1224,827,1.0
252,827,1.0
838,827,-1.0
323,828,-1.0
1907,828,1.0
1191,829,1.0
991,829,-1.0
813,829,-1.0
2164,829,1.0
1723,830,1.0
641,830,-1.0
964,830,-1.0
1568,830,1.0
1671,831,1.0
674,831,-1.0
2091,832,-1.0
696,832,1.0
1624,832,-1.0
1812,832,1.0
1050,833,1.0
592,833,-1.0
473,833,-1.0
674,833,1.0
473,834,1.0
871,834,1.0
403,834,-1.0
253,834,-1.0
640,835,1.0
813,835,1.0
1062,835,1.0
384,835,-1.0
78,835,-1.0
1437,836,-1.0
912,836,1.0
349,836,-1.0
40,836,1.0
802,837,-1.0
871,837,1.0
1790,837,1.0
813,837,1.0
1159,838,1.0
1471,838,-1.0
425,839,1.0
6,839,-1.0
1830,839,1.0
1974,840,-1.0
2163,840,1.0
220,840,1.0
160,840,-1.0
1756,841,1.0
1951,841,1.0
511,841,-1.0
302,841,-1.0
25,841,1.0
585,841,-1.0
265,842,-1.0
1307,842,1.0
386,842,-1.0
1843,842,1.0
1399,843,-1.0
1970,843,1.0
2159,843,1.0
722,843,-1.0
1464,843,-1.0
1974,843,1.0
1690,844,1.0
2110,844,-1.0
323,844,-1.0
316,844,1.0
737,845,1.0
710,845,1.0
930,845,-1.0
2106,845,-1.0
587,846,-1.0
150,846,-1.0
1137,846,1.0
1937,846,1.0
1024,847,1.0
1824,847,-1.0
1709,847,-1.0
1632,847,-1.0
1285,847,1.0
1974,848,1.0
343,848,-1.0
1181,848,1.0
1464,848,-1.0
866,848,1.0
1289,848,-1.0
339,848,-1.0
813,849,-1.0
1282,849,1.0
587,849,1.0
190,849,-1.0
1221,850,1.0
1304,850,-1.0
1890,850,1.0
128,850,-1.0
1268,851,-1.0
1510,851,1.0
813,851,-1.0
726,851,1.0
1361,851,-1.0
185,851,1.0
952,852,-1.0
1238,852,1.0
1295,852,1.0
447,852,-1.0
198,853,1.0
1767,853,-1.0
813,853,-1.0
1268,853,-1.0
185,853,1.0
2078,854,1.0
1907,854,-1.0
1244,854,-1.0
1105,854,1.0
1152,855,-1.0
1990,855,1.0
1199,855,-1.0
1641,855,1.0
457,856,1.0
1278,856,1.0
563,856,-1.0
812,856,-1.0
813,857,-1.0
84,857,-1.0
1825,857,1.0
1755,857,1.0
151,858,-1.0
1195,858,-1.0
676,858,1.0
2141,858,-1.0
1409,859,1.0
1612,859,-1.0
582,859,-1.0
1618,860,1.0
1024,860,1.0
871,860,-1.0
910,860,1.0
286,860,-1.0
563,860,-1.0
1585,861,1.0
1256,861,-1.0
887,861,-1.0
1290,862,-1.0
833,862,1.0
1278,862,1.0
563,862,-1.0
1922,863,1.0
668,863,-1.0
871,863,1.0
253,863,-1.0
1333,864,1.0
1186,864,-1.0
802,864,1.0
1646,865,1.0
1257,865,-1.0
1478,865,1.0
1890,865,-1.0
128,865,1.0
558,865,-1.0
1504,866,1.0
1709,866,1.0
813,866,-1.0
1234,866,-1.0
725,867,-1.0
1033,867,1.0
1804,867,1.0
1709,867,-1.0
1757,867,-1.0
1659,868,-1.0
186,868,1.0
1861,868,-1.0
1031,868,1.0
435,869,1.0
1090,869,-1.0
292,869,-1.0
1710,869,1.0
511,870,-1.0
750,870,1.0
27,870,-1.0
1168,871,1.0
387,871,1.0
1375,871,-1.0
1964,872,1.0
577,872,1.0
1959,872,-1.0
813,873,-1.0
1329,873,1.0
960,873,-1.0
71,873,1.0
2162,874,-1.0
1593,874,-1.0
1916,874,1.0
1251,874,1.0
813,875,-1.0
1608,875,-1.0
1323,875,1.0
388,876,-1.0
1135,876,1.0
813,876,1.0
725,877,-1.0
1033,877,1.0
1519,877,-1.0
917,877,1.0
7,878,-1.0
463,878,1.0
1805,878,-1.0
871,879,-1.0
144,879,-1.0
1670,879,1.0
316,879,1.0
1899,880,1.0
1268,880,-1.0
813,880,1.0
725,880,-1.0
1709,880,-1.0
1033,880,1.0
162,880,-1.0
1750,881,-1.0
2172,881,1.0
1092,881,1.0
563,882,-1.0
879,882,1.0
913,882,-1.0
1278,882,1.0
44,883,1.0
375,883,-1.0
811,884,1.0
1167,884,1.0
1908,884,1.0
1801,884,-1.0
1090,884,-1.0
1646,885,1.0
503,885,1.0
128,885,1.0
1890,885,-1.0
25,885,-1.0
532,885,-1.0
1426,885,-1.0
750,885,1.0
813,886,-1.0
1922,886,1.0
1613,886,-1.0
587,886,1.0
1137,887,1.0
30,887,-1.0
1396,887,1.0
587,887,-1.0
1988,888,1.0
813,888,1.0
2133,888,-1.0
725,889,1.0
1709,889,1.0
753,889,-1.0
1033,889,-1.0
1211,889,1.0
304,890,1.0
813,890,-1.0
587,890,1.0
2096,890,-1.0
899,891,-1.0
591,891,1.0
1271,891,-1.0
1638,892,1.0
813,892,-1.0
1470,892,1.0
998,892,-1.0
2152,893,1.0
1763,893,-1.0
2178,893,-1.0
1456,894,-1.0
884,894,-1.0
1261,894,1.0
240,894,1.0
1459,895,-1.0
1872,895,1.0
1940,895,-1.0
1946,895,1.0
1264,896,1.0
1278,896,1.0
563,896,-1.0
2059,896,-1.0
562,897,1.0
807,897,1.0
178,897,-1.0
879,897,-1.0
77,898,-1.0
754,898,1.0
577,898,1.0
406,898,-1.0
1107,899,-1.0
561,899,-1.0
3,899,1.0
1518,899,1.0
654,900,1.0
813,900,-1.0
1329,900,1.0
403,900,-1.0
563,901,-1.0
1618,901,1.0
141,901,1.0
871,901,-1.0
1024,901,1.0
517,901,-1.0
25,902,1.0
585,902,-1.0
1756,902,1.0
33,902,1.0
1383,902,-1.0
770,903,1.0
1908,903,-1.0
693,903,1.0
1736,903,-1.0
1170,903,-1.0
1030,904,-1.0
1577,904,1.0
1494,904,1.0
1890,904,-1.0
1789,904,1.0
1033,905,1.0
604,905,1.0
725,905,-1.0
1709,905,-1.0
492,905,-1.0
1412,906,-1.0
1709,906,-1.0
46,906,1.0
813,906,1.0
532,907,-1.0
2079,907,-1.0
25,907,-1.0
136,907,1.0
503,907,1.0
1163,907,-1.0
511,907,1.0
681,908,1.0
1909,908,1.0
963,908,-1.0
549,908,-1.0
1278,909,1.0
563,909,-1.0
711,909,1.0
135,909,-1.0
39,910,1.0
436,910,-1.0
986,910,-1.0
1197,911,1.0
1662,911,-1.0
1547,911,1.0
2118,911,-1.0
725,912,-1.0
106,912,1.0
1033,912,1.0
1709,912,-1.0
1549,912,-1.0
1645,913,-1.0
760,913,1.0
563,913,-1.0
1024,913,1.0
813,913,-1.0
587,913,1.0
2162,914,1.0
1916,914,1.0
1593,914,-1.0
1875,914,-1.0
473,915,-1.0
974,915,1.0
1329,915,1.0
813,915,-1.0
1709,916,-1.0
1594,916,1.0
753,916,-1.0
725,916,-1.0
813,916,1.0
1033,916,1.0
1268,916,-1.0
1741,917,-1.0
88,917,1.0
2138,917,-1.0
1974,918,-1.0
1676,918,1.0
1620,918,-1.0
2089,919,-1.0
2199,919,-1.0
2197,919,1.0
2214,919,-1.0
1527,919,1.0
760,920,-1.0
1466,920,-1.0
1709,920,1.0
300,920,1.0
1041,920,1.0
1943,921,1.0
1726,921,-1.0
473,922,-1.0
1329,922,1.0
403,922,1.0
813,922,-1.0
507,923,-1.0
1888,923,1.0
1411,924,-1.0
1880,924,-1.0
1695,924,1.0
1268,925,-1.0
813,925,1.0
725,925,-1.0
1709,925,-1.0
1033,925,1.0
1198,925,1.0
1899,925,-1.0
25,926,1.0
1353,926,-1.0
1365,926,-1.0
1890,926,1.0
1428,926,1.0
2146,927,-1.0
127,927,1.0
714,927,-1.0
1331,928,-1.0
1645,928,1.0
1831,928,-1.0
1709,928,1.0
1052,929,-1.0
1033,929,1.0
725,929,-1.0
1709,929,-1.0
1493,929,1.0
1464,930,-1.0
1726,930,-1.0
72,930,1.0
584,931,1.0
2147,931,-1.0
756,931,1.0
1090,931,-1.0
1908,931,1.0
577,932,1.0
1043,932,-1.0
2157,932,1.0
1278,933,1.0
222,933,-1.0
1983,933,1.0
563,933,-1.0
1034,934,1.0
1033,934,1.0
2030,934,-1.0
725,934,-1.0
1709,934,-1.0
1641,935,-1.0
1646,935,1.0
511,935,-1.0
703,935,1.0
532,936,-1.0
1882,936,-1.0
503,936,1.0
25,936,-1.0
1545,936,-1.0
1117,936,1.0
1163,936,-1.0
1635,936,1.0
1495,936,1.0
511,936,1.0
1991,937,1.0
78,937,-1.0
1448,937,-1.0
354,938,1.0
248,938,1.0
783,938,-1.0
1783,939,-1.0
135,939,1.0
813,939,-1.0
587,939,1.0
813,940,-1.0
1203,940,-1.0
18,940,1.0
1329,940,1.0
1108,941,-1.0
25,941,1.0
929,941,1.0
585,941,-1.0
1756,941,1.0
563,942,-1.0
1278,942,1.0
1894,942,-1.0
981,942,1.0
1077,943,-1.0
1919,943,1.0
68,943,-1.0
310,943,1.0
947,944,-1.0
330,944,1.0
1265,945,1.0
417,945,-1.0
1496,945,1.0
647,946,-1.0
1268,946,-1.0
725,946,-1.0
813,946,1.0
1709,946,-1.0
326,946,1.0
1033,946,1.0
1957,947,-1.0
372,947,-1.0
1897,947,1.0
871,948,1.0
382,948,1.0
1470,948,-1.0
253,948,-1.0
563,949,-1.0
163,949,1.0
1278,949,1.0
882,949,-1.0
992,950,1.0
1781,950,-1.0
1,950,-1.0
559,951,-1.0
1319,951,1.0
1767,951,-1.0
587,951,1.0
217,952,1.0
1055,952,-1.0
1974,952,1.0
1303,953,1.0
2211,953,-1.0
890,953,1.0
813,953,-1.0
462,954,1.0
813,954,-1.0
587,954,1.0
713,954,-1.0
993,955,1.0
1765,955,1.0
769,955,-1.0
813,955,1.0
553,955,-1.0
2026,956,1.0
813,956,-1.0
1472,956,-1.0
321,956,1.0
577,957,1.0
754,957,1.0
77,957,-1.0
103,957,-1.0
1856,958,-1.0
439,958,1.0
1701,958,1.0
2089,958,1.0
1346,958,-1.0
2004,958,-1.0
517,959,1.0
1687,959,-1.0
813,960,1.0
1610,960,1.0
911,960,-1.0
1300,960,1.0
9,961,-1.0
1836,961,1.0
1268,961,-1.0
1157,962,-1.0
103,962,-1.0
1912,962,1.0
577,962,1.0
2205,963,-1.0
1268,963,-1.0
107,963,1.0
708,964,-1.0
2173,964,1.0
635,964,1.0
1070,964,-1.0
1278,965,1.0
871,965,1.0
563,965,-1.0
602,965,-1.0
1876,966,1.0
664,966,-1.0
1278,966,1.0
563,966,-1.0
1974,967,-1.0
160,967,-1.0
220,967,1.0
2163,967,1.0
563,968,-1.0
1709,968,1.0
1239,968,1.0
1278,968,1.0
946,968,-1.0
1407,969,1.0
221,969,-1.0
555,969,-1.0
352,969,1.0
926,970,-1.0
351,970,1.0
1756,971,1.0
1476,971,1.0
25,971,1.0
2025,971,-1.0
585,971,-1.0
1000,972,1.0
1464,972,-1.0
339,972,-1.0
1974,972,1.0
1260,972,-1.0
866,972,1.0
1289,972,-1.0
1027,973,1.0
92,973,-1.0
78,973,-1.0
681,974,1.0
181,974,1.0
1263,974,-1.0
1699,974,-1.0
46,975,1.0
2175,975,-1.0
1136,975,1.0
1268,975,-1.0
1710,976,1.0
1090,976,-1.0
1386,976,-1.0
2123,976,1.0
1270,977,-1.0
805,977,1.0
868,977,-1.0
608,978,1.0
901,978,-1.0
1751,979,-1.0
1041,979,1.0
8,979,1.0
760,979,-1.0
2020,980,-1.0
1144,980,1.0
1588,980,-1.0
1756,981,1.0
515,981,1.0
25,981,1.0
1161,981,-1.0
585,981,-1.0
1278,982,1.0
1059,982,1.0
569,982,-1.0
563,982,-1.0
1930,983,1.0
920,983,-1.0
541,983,-1.0
1119,984,-1.0
83,984,1.0
563,984,-1.0
1709,984,1.0
587,984,1.0
1278,984,1.0
871,985,1.0
613,985,1.0
2132,985,-1.0
2179,985,-1.0
46,985,1.0
675,986,-1.0
1764,986,1.0
1739,986,-1.0
284,986,-1.0
2107,987,-1.0
1768,987,-1.0
798,987,1.0
1431,988,-1.0
338,988,-1.0
469,988,1.0
1710,989,1.0
154,989,1.0
861,989,-1.0
1090,989,-1.0
1709,990,-1.0
2127,990,1.0
725,990,-1.0
813,990,1.0
1033,990,1.0
2043,990,-1.0
1329,991,1.0
1820,991,1.0
2134,991,-1.0
813,991,-1.0
323,992,-1.0
316,992,1.0
1966,992,1.0
1865,992,-1.0
1772,993,-1.0
1253,993,1.0
931,993,-1.0
764,994,-1.0
1359,994,1.0
1651,994,-1.0
690,994,1.0
1713,994,1.0
350,995,-1.0
1704,995,1.0
511,995,-1.0
1646,995,1.0
1975,995,1.0
1646,996,1.0
1031,996,1.0
1861,996,-1.0
587,996,-1.0
563,997,-1.0
649,997,1.0
1024,997,1.0
1815,998,1.0
813,998,-1.0
587,998,1.0
1709,998,1.0
787,998,-1.0
1275,999,1.0
1640,999,-1.0
1339,999,-1.0
94,999,1.0
553,1000,-1.0
993,1000,1.0
813,1000,1.0
1765,1000,1.0
769,1000,-1.0
1278,1001,1.0
713,1001,1.0
563,1001,-1.0
462,1001,-1.0
1526,1002,-1.0
511,1002,-1.0
1756,1002,1.0
1283,1002,1.0
585,1002,-1.0
1756,1003,1.0
25,1003,1.0
1206,1003,-1.0
186,1003,1.0
585,1003,-1.0
1964,1003,1.0
835,1004,-1.0
1288,1004,1.0
84,1004,1.0
1300,1004,1.0
813,1004,-1.0
741,1005,-1.0
1873,1005,1.0
813,1006,1.0
1033,1006,1.0
1888,1006,-1.0
1268,1006,-1.0
2012,1006,1.0
725,1006,-1.0
1709,1006,-1.0
1815,1007,1.0
187,1007,-1.0
813,1007,-1.0
1709,1007,1.0
1024,1007,1.0
1116,1008,-1.0
649,1008,-1.0
241,1008,1.0
888,1009,-1.0
511,1009,1.0
1525,1009,1.0
186,1009,-1.0
1571,1009,-1.0
25,1009,-1.0
1426,1009,1.0
2080,1010,1.0
725,1010,-1.0
1033,1010,1.0
90,1010,-1.0
473,1011,1.0
1041,1011,1.0
1615,1011,-1.0
760,1011,-1.0
1485,1012,1.0
472,1012,1.0
1090,1012,-1.0
986,1012,-1.0
1943,1013,-1.0
1268,1013,-1.0
725,1013,-1.0
813,1013,1.0
1033,1013,1.0
1709,1013,-1.0
1467,1013,1.0
367,1014,1.0
1698,1014,-1.0
1269,1014,1.0
107,1014,-1.0
2099,1015,-1.0
1299,1015,1.0
1239,1015,-1.0
1709,1015,1.0
2143,1015,1.0
1698,1016,-1.0
64,1016,1.0
852,1016,1.0
1825,1016,1.0
1053,1016,-1.0
491,1017,-1.0
1923,1017,1.0
635,1017,1.0
708,1017,-1.0
115,1018,1.0
473,1018,-1.0
554,1018,1.0
1615,1018,-1.0
1458,1019,-1.0
284,1019,1.0
718,1019,-1.0
1502,1020,-1.0
511,1020,-1.0
1789,1020,1.0
1342,1020,1.0
716,1020,-1.0
587,1021,1.0
813,1021,-1.0
377,1021,-1.0
1830,1021,1.0
269,1022,-1.0
1033,1022,-1.0
725,1022,1.0
1709,1022,1.0
1025,1022,1.0
1345,1023,1.0
1943,1023,-1.0
1268,1023,-1.0
1041,1024,1.0
84,1024,-1.0
1939,1024,1.0
760,1024,-1.0
253,1025,-1.0
871,1025,1.0
799,1025,-1.0
1664,1025,1.0
2143,1026,-1.0
900,1026,1.0
1203,1027,-1.0
871,1027,1.0
253,1027,-1.0
1615,1027,1.0
1074,1028,1.0
2185,1028,-1.0
813,1028,-1.0
1507,1028,1.0
793,1029,-1.0
1962,1029,1.0
251,1029,-1.0
445,1030,1.0
1593,1030,-1.0
1916,1030,1.0
1965,1030,-1.0
2091,1031,-1.0
696,1031,1.0
929,1031,-1.0
577,1032,-1.0
778,1032,-1.0
575,1032,1.0
1752,1032,1.0
1268,1033,-1.0
1709,1033,-1.0
667,1033,1.0
1819,1033,-1.0
725,1033,-1.0
813,1033,1.0
1033,1033,1.0
1033,1034,1.0
130,1034,1.0
1131,1034,-1.0
725,1034,-1.0
1709,1034,-1.0
731,1035,-1.0
1287,1035,-1.0
1078,1035,-1.0
666,1035,1.0
1207,1036,1.0
813,1036,-1.0
1517,1036,-1.0
587,1036,1.0
813,1037,-1.0
494,1037,1.0
401,1037,1.0
748,1037,-1.0
219,1038,1.0
751,1038,-1.0
283,1039,-1.0
725,1039,-1.0
1033,1039,1.0
1709,1039,1.0
864,1039,1.0
2023,1040,1.0
1278,1040,1.0
813,1040,-1.0
563,1040,-1.0
587,1040,1.0
1327,1040,-1.0
1572,1041,1.0
1444,1041,-1.0
1524,1041,1.0
448,1041,-1.0
703,1042,-1.0
1097,1042,1.0
511,1042,-1.0
1539,1042,1.0
74,1043,-1.0
843,1043,1.0
609,1043,-1.0
1001,1043,1.0
179,1043,-1.0
58,1044,-1.0
882,1044,1.0
322,1044,1.0
106,1044,1.0
1268,1044,-1.0
813,1044,1.0
1093,1044,-1.0
876,1045,-1.0
951,1045,-1.0
1294,1045,1.0
2003,1046,-1.0
1268,1046,-1.0
276,1046,1.0
813,1047,-1.0
1557,1047,-1.0
587,1047,1.0
2129,1047,1.0
1278,1048,1.0
563,1048,-1.0
398,1048,-1.0
832,1048,1.0
794,1049,-1.0
103,1049,-1.0
577,1049,1.0
1743,1049,1.0
1610,1050,-1.0
64,1050,1.0
2026,1050,-1.0
368,1050,1.0
1582,1051,1.0
2078,1051,1.0
1775,1051,-1.0
1907,1051,-1.0
143,1052,1.0
2156,1052,-1.0
637,1053,-1.0
1261,1053,1.0
1550,1053,1.0
884,1053,-1.0
2095,1054,-1.0
1268,1054,-1.0
813,1054,1.0
725,1054,-1.0
1709,1054,-1.0
1033,1054,1.0
1003,1054,1.0
92,1055,-1.0
1994,1055,1.0
813,1055,-1.0
1033,1056,1.0
725,1056,-1.0
853,1056,1.0
1709,1056,-1.0
636,1056,-1.0
725,1057,1.0
1362,1057,-1.0
1122,1057,1.0
1033,1057,-1.0
1709,1057,1.0
1672,1058,-1.0
587,1058,-1.0
1661,1058,1.0
1137,1058,1.0
725,1059,-1.0
78,1059,1.0
1033,1059,1.0
1709,1059,-1.0
640,1059,-1.0
1090,1060,-1.0
1954,1060,1.0
1740,1060,1.0
444,1060,-1.0
1700,1061,-1.0
708,1061,1.0
1176,1061,-1.0
1355,1061,1.0
1416,1062,-1.0
1268,1062,-1.0
246,1062,1.0
826,1063,1.0
1600,1063,1.0
896,1063,1.0
1130,1063,-1.0
520,1063,-1.0
2199,1063,-1.0
2091,1064,-1.0
696,1064,1.0
1012,1064,1.0
1476,1064,-1.0
921,1065,1.0
1499,1065,-1.0
1268,1065,-1.0
1077,1066,-1.0
1051,1066,-1.0
1818,1066,1.0
1919,1066,1.0
813,1067,-1.0
587,1067,1.0
862,1067,-1.0
1599,1067,1.0
658,1068,-1.0
871,1068,1.0
450,1068,1.0
802,1068,-1.0
1090,1069,-1.0
1509,1069,-1.0
1908,1069,1.0
1884,1069,1.0
1908,1070,-1.0
422,1070,-1.0
101,1070,1.0
1709,1070,1.0
692,1071,1.0
1806,1071,1.0
1339,1071,-1.0
1643,1071,-1.0
1783,1072,-1.0
1190,1072,1.0
662,1073,1.0
1041,1073,-1.0
1831,1073,1.0
813,1073,-1.0
650,1074,1.0
389,1074,-1.0
1786,1074,1.0
2174,1075,-1.0
184,1075,1.0
1662,1076,-1.0
1848,1076,1.0
1746,1076,1.0
1134,1076,-1.0
222,1077,1.0
1278,1077,1.0
563,1077,-1.0
438,1077,-1.0
93,1078,-1.0
772,1078,1.0
2034,1079,1.0
2101,1079,-1.0
329,1079,1.0
563,1080,-1.0
1618,1080,1.0
871,1080,-1.0
1943,1080,-1.0
813,1080,1.0
601,1080,1.0
1024,1080,1.0
1574,1081,1.0
1090,1081,-1.0
811,1081,1.0
34,1081,-1.0
1033,1082,1.0
1900,1082,1.0
1268,1082,-1.0
725,1082,-1.0
813,1082,1.0
227,1082,-1.0
1709,1082,-1.0
479,1083,-1.0
1408,1083,1.0
1252,1083,-1.0
1406,1084,1.0
466,1084,-1.0
896,1084,1.0
520,1084,-1.0
2199,1084,-1.0
1485,1085,-1.0
674,1085,1.0
1494,1086,1.0
511,1086,-1.0
335,1086,-1.0
1708,1086,1.0
1795,1087,1.0
881,1087,-1.0
1868,1087,1.0
1201,1088,-1.0
465,1088,1.0
773,1088,1.0
1709,1088,1.0
182,1088,-1.0
1709,1089,1.0
1024,1089,1.0
1815,1089,1.0
187,1089,-1.0
813,1089,-1.0
78,1090,-1.0
813,1090,1.0
149,1090,-1.0
1628,1090,1.0
640,1090,1.0
2104,1091,1.0
490,1091,-1.0
262,1091,1.0
1109,1091,-1.0
1638,1092,1.0
813,1092,-1.0
1781,1092,1.0
222,1092,-1.0
1464,1093,-1.0
358,1093,-1.0
281,1093,1.0
1974,1093,1.0
1289,1093,-1.0
339,1093,-1.0
866,1093,1.0
2001,1094,-1.0
259,1094,1.0
220,1095,1.0
1590,1095,1.0
414,1095,-1.0
1974,1095,-1.0
1278,1096,1.0
267,1096,1.0
563,1096,-1.0
922,1096,-1.0
1033,1097,-1.0
117,1097,-1.0
1709,1097,1.0
46,1097,1.0
1659,1097,1.0
725,1097,1.0
580,1098,-1.0
1297,1098,1.0
725,1099,-1.0
1033,1099,1.0
1709,1099,-1.0
1561,1099,1.0
671,1099,-1.0
1926,1100,-1.0
430,1100,1.0
160,1101,-1.0
2163,1101,1.0
220,1101,1.0
1974,1101,-1.0
1423,1102,-1.0
882,1102,1.0
1470,1102,1.0
813,1103,-1.0
654,1103,-1.0
163,1103,1.0
674,1103,1.0
1448,1104,-1.0
813,1104,-1.0
614,1104,1.0
1463,1105,-1.0
576,1105,1.0
580,1106,1.0
1856,1106,1.0
485,1106,-1.0
2199,1106,-1.0
1847,1107,-1.0
336,1107,1.0
813,1107,-1.0
587,1107,1.0
556,1108,-1.0
1278,1108,1.0
563,1108,-1.0
1019,1108,1.0
1924,1109,-1.0
119,1109,1.0
1024,1110,1.0
1528,1110,1.0
960,1110,-1.0
1103,1110,-1.0
988,1111,-1.0
1662,1111,-1.0
1857,1111,1.0
1685,1112,1.0
1964,1112,1.0
710,1112,1.0
2106,1112,-1.0
1959,1112,-1.0
813,1113,1.0
1268,1113,-1.0
1709,1113,-1.0
1391,1113,-1.0
215,1113,1.0
496,1113,1.0
1154,1113,-1.0
1709,1114,-1.0
2140,1114,-1.0
725,1114,-1.0
1033,1114,1.0
1648,1114,1.0
929,1115,-1.0
696,1115,-1.0
1140,1115,1.0
2091,1115,1.0
813,1116,-1.0
2087,1116,1.0
2146,1116,-1.0
587,1116,1.0
1610,1117,-1.0
368,1117,1.0
2026,1117,-1.0
64,1117,1.0
850,1118,1.0
186,1118,1.0
1243,1118,-1.0
1426,1118,-1.0
813,1119,-1.0
1288,1119,1.0
1831,1119,-1.0
510,1119,1.0
1300,1119,1.0
252,1120,1.0
1214,1120,-1.0
2175,1120,1.0
1659,1120,-1.0
757,1121,-1.0
1638,1121,1.0
1289,1122,-1.0
339,1122,-1.0
1464,1122,-1.0
285,1122,-1.0
2213,1122,1.0
1974,1122,1.0
866,1122,1.0
2115,1123,1.0
1662,1123,-1.0
1564,1123,1.0
1953,1123,-1.0
253,1124,-1.0
420,1124,1.0
163,1124,-1.0
871,1124,1.0
27,1125,1.0
511,1125,1.0
750,1125,-1.0
704,1126,-1.0
813,1126,-1.0
587,1126,1.0
1802,1126,1.0
1239,1127,1.0
946,1127,-1.0
1618,1127,1.0
1278,1127,-1.0
1829,1128,1.0
2104,1128,1.0
1109,1128,-1.0
1223,1128,-1.0
532,1129,-1.0
1709,1129,-1.0
1756,1129,1.0
25,1129,1.0
503,1129,1.0
585,1129,-1.0
2110,1130,-1.0
1709,1130,1.0
725,1130,1.0
1122,1130,1.0
1033,1130,-1.0
1709,1131,1.0
465,1131,1.0
1290,1131,1.0
1201,1131,-1.0
167,1131,-1.0
958,1132,1.0
725,1132,1.0
1709,1132,1.0
1033,1132,-1.0
1245,1132,-1.0
1974,1133,1.0
1289,1133,-1.0
619,1133,1.0
1005,1133,1.0
339,1133,-1.0
1464,1133,-1.0
866,1133,1.0
400,1133,-1.0
511,1134,-1.0
1426,1134,1.0
1571,1134,1.0
1112,1134,-1.0
186,1135,-1.0
103,1135,1.0
1435,1135,-1.0
1426,1135,1.0
294,1136,1.0
946,1136,-1.0
1268,1137,-1.0
725,1137,-1.0
1709,1137,-1.0
761,1137,-1.0
1301,1137,1.0
813,1137,1.0
1033,1137,1.0
1287,1138,-1.0
1067,1138,-1.0
1771,1138,1.0
171,1138,-1.0
1104,1139,1.0
711,1139,-1.0
813,1139,-1.0
587,1139,1.0
2100,1140,1.0
454,1140,1.0
1015,1140,-1.0
1090,1140,-1.0
692,1141,-1.0
1643,1141,1.0
1713,1141,1.0
1063,1142,1.0
46,1142,1.0
1902,1142,-1.0
183,1143,-1.0
1723,1143,1.0
758,1143,-1.0
1330,1143,1.0
201,1144,1.0
141,1144,-1.0
1967,1145,-1.0
587,1145,-1.0
494,1145,1.0
559,1145,1.0
1904,1146,1.0
1710,1146,1.0
1090,1146,-1.0
906,1146,-1.0
2047,1147,-1.0
639,1147,-1.0
1377,1147,1.0
2205,1148,-1.0
2095,1148,1.0
1698,1148,-1.0
1269,1148,1.0
1778,1149,-1.0
2184,1149,-1.0
1073,1149,1.0
653,1150,1.0
1169,1150,-1.0
25,1150,1.0
532,1150,1.0
503,1150,-1.0
2177,1151,-1.0
1464,1151,-1.0
1974,1151,1.0
1289,1151,-1.0
339,1151,-1.0
551,1151,1.0
866,1151,1.0
2108,1152,1.0
857,1152,-1.0
214,1152,1.0
418,1152,-1.0
695,1153,1.0
61,1153,-1.0
1250,1154,1.0
813,1154,-1.0
188,1154,-1.0
1231,1154,-1.0
161,1154,1.0
1709,1154,1.0
1552,1155,1.0
813,1155,1.0
900,1155,-1.0
339,1156,-1.0
619,1156,1.0
1149,1156,-1.0
1464,1156,-1.0
866,1156,1.0
1974,1156,1.0
1289,1156,-1.0
1650,1156,1.0
1090,1157,-1.0
811,1157,1.0
1636,1157,-1.0
1908,1157,1.0
1447,1157,1.0
677,1158,-1.0
78,1158,-1.0
738,1158,1.0
316,1159,1.0
323,1159,-1.0
369,1159,1.0
809,1159,-1.0
1421,1160,1.0
1090,1160,-1.0
1121,1160,-1.0
811,1160,1.0
1908,1160,1.0
238,1161,1.0
1696,1161,-1.0
1218,1161,-1.0
895,1161,1.0
1946,1161,-1.0
1573,1161,1.0
2091,1162,1.0
2122,1162,-1.0
696,1162,-1.0
79,1162,1.0
25,1162,1.0
479,1163,-1.0
2009,1163,1.0
1233,1163,-1.0
1379,1164,-1.0
1185,1164,1.0
466,1164,-1.0
1797,1164,1.0
678,1165,1.0
1831,1165,-1.0
510,1165,1.0
424,1166,1.0
1522,1166,-1.0
2199,1166,-1.0
163,1167,1.0
2158,1167,-1.0
813,1167,-1.0
1599,1167,1.0
1163,1168,-1.0
73,1168,-1.0
532,1168,-1.0
233,1168,1.0
25,1168,-1.0
511,1168,1.0
503,1168,1.0
563,1169,-1.0
2099,1169,1.0
1278,1169,1.0
2143,1169,-1.0
1834,1170,1.0
1709,1170,-1.0
640,1170,1.0
1727,1170,-1.0
78,1170,-1.0
813,1170,1.0
2134,1171,1.0
871,1171,1.0
1820,1171,-1.0
253,1171,-1.0
813,1172,-1.0
447,1172,1.0
1709,1172,-1.0
726,1172,1.0
194,1172,-1.0
1035,1173,1.0
953,1173,-1.0
2160,1173,1.0
1163,1173,-1.0
1268,1174,-1.0
647,1174,-1.0
859,1174,1.0
725,1174,-1.0
813,1174,1.0
1709,1174,-1.0
1033,1174,1.0
964,1175,1.0
758,1175,-1.0
1709,1176,1.0
1024,1176,1.0
1652,1176,1.0
813,1176,-1.0
766,1176,-1.0
1426,1177,-1.0
891,1177,1.0
2091,1177,1.0
696,1177,-1.0
2104,1178,1.0
1109,1178,-1.0
394,1178,1.0
262,1178,-1.0
1384,1179,-1.0
1800,1179,1.0
2081,1179,1.0
2150,1180,-1.0
1835,1180,1.0
1268,1180,-1.0
996,1181,1.0
1468,1181,1.0
2017,1181,-1.0
1662,1181,-1.0
532,1182,-1.0
1163,1182,-1.0
25,1182,-1.0
511,1182,1.0
503,1182,1.0
136,1182,-1.0
62,1182,1.0
664,1183,1.0
1876,1183,-1.0
813,1183,-1.0
587,1183,1.0
1935,1184,1.0
1906,1184,-1.0
1353,1184,-1.0
964,1185,-1.0
2198,1185,1.0
893,1185,1.0
805,1185,-1.0
688,1186,1.0
1958,1186,-1.0
409,1186,-1.0
1828,1186,1.0
1860,1187,1.0
1630,1187,-1.0
128,1187,1.0
1890,1187,-1.0
839,1188,1.0
2149,1188,-1.0
1067,1189,-1.0
616,1189,-1.0
818,1189,1.0
1287,1189,-1.0
1911,1190,1.0
2179,1190,-1.0
46,1190,1.0
223,1190,-1.0
871,1190,1.0
520,1191,-1.0
896,1191,1.0
31,1191,1.0
2139,1191,-1.0
2199,1191,-1.0
1317,1191,1.0
725,1192,-1.0
1709,1192,-1.0
612,1192,1.0
1033,1192,1.0
1680,1192,-1.0
813,1193,-1.0
862,1193,1.0
632,1193,-1.0
587,1193,1.0
1952,1194,-1.0
2091,1194,-1.0
815,1194,1.0
696,1194,1.0
1886,1195,-1.0
1729,1195,1.0
760,1195,-1.0
1041,1195,1.0
46,1196,1.0
725,1196,-1.0
1709,1196,-1.0
1033,1196,1.0
802,1196,-1.0
2036,1196,1.0
2179,1196,-1.0
871,1196,1.0
813,1196,1.0
1711,1197,1.0
1052,1197,-1.0
1173,1198,-1.0
1543,1198,1.0
232,1198,-1.0
840,1198,1.0
1709,1199,1.0
266,1199,-1.0
1024,1199,1.0
168,1199,1.0
813,1199,-1.0
1931,1200,1.0
1950,1200,-1.0
642,1200,-1.0
1438,1201,-1.0
224,1201,-1.0
1287,1201,-1.0
1799,1201,1.0
1067,1201,-1.0
183,1202,1.0
2082,1202,-1.0
813,1202,-1.0
946,1202,1.0
1127,1203,1.0
768,1203,-1.0
1709,1204,-1.0
725,1204,-1.0
66,1204,-1.0
813,1204,1.0
1033,1204,1.0
870,1204,1.0
1268,1204,-1.0
866,1205,1.0
1289,1205,-1.0
339,1205,-1.0
1464,1205,-1.0
281,1205,1.0
358,1205,-1.0
1974,1205,1.0
1153,1206,-1.0
866,1206,1.0
1289,1206,-1.0
339,1206,-1.0
1464,1206,-1.0
1974,1206,1.0
1548,1206,1.0
1202,1207,-1.0
46,1207,1.0
2180,1207,1.0
1592,1208,1.0
1402,1208,-1.0
1056,1208,-1.0
674,1209,-1.0
1357,1209,1.0
1278,1209,1.0
563,1209,-1.0
473,1210,1.0
1470,1210,-1.0
277,1210,-1.0
1376,1210,1.0
1024,1211,1.0
724,1211,-1.0
1489,1211,-1.0
96,1211,1.0
255,1212,-1.0
635,1212,1.0
708,1212,-1.0
1793,1212,1.0
1874,1213,1.0
1848,1213,1.0
1901,1213,-1.0
1662,1213,-1.0
1146,1214,-1.0
823,1214,1.0
1491,1214,1.0
38,1214,-1.0
25,1214,1.0
563,1215,-1.0
1668,1215,1.0
883,1215,-1.0
1278,1215,1.0
1036,1216,-1.0
1964,1216,1.0
532,1216,1.0
503,1216,-1.0
25,1216,1.0
511,1216,-1.0
784,1216,1.0
1658,1217,1.0
1024,1217,1.0
1618,1217,1.0
865,1217,-1.0
644,1217,-1.0
563,1217,-1.0
1709,1218,-1.0
1362,1218,1.0
1033,1218,1.0
725,1218,-1.0
1122,1218,-1.0
640,1219,1.0
993,1219,-1.0
78,1219,-1.0
553,1219,1.0
744,1220,1.0
532,1220,-1.0
503,1220,1.0
972,1220,-1.0
25,1220,-1.0
1090,1221,-1.0
2147,1221,-1.0
756,1221,1.0
584,1221,1.0
1908,1221,1.0
563,1222,-1.0
871,1222,-1.0
1024,1222,1.0
1402,1222,1.0
2036,1222,-1.0
813,1222,1.0
1618,1222,1.0
1380,1223,-1.0
26,1223,1.0
1351,1223,-1.0
1028,1224,-1.0
304,1224,1.0
1278,1224,1.0
563,1224,-1.0
562,1225,1.0
1239,1225,-1.0
186,1226,1.0
750,1226,-1.0
1518,1226,1.0
1426,1226,-1.0
230,1227,1.0
764,1227,-1.0
114,1227,-1.0
1713,1227,1.0
587,1228,1.0
235,1228,-1.0
813,1228,-1.0
2074,1228,1.0
1861,1229,1.0
1959,1229,-1.0
585,1229,1.0
1756,1229,-1.0
25,1229,-1.0
1709,1230,-1.0
670,1230,1.0
1885,1230,-1.0
1033,1230,1.0
1268,1230,-1.0
725,1230,-1.0
813,1230,1.0
2004,1231,-1.0
1856,1231,-1.0
788,1231,1.0
2089,1231,1.0
272,1231,-1.0
1701,1231,1.0
978,1232,1.0
871,1232,1.0
1079,1232,-1.0
1664,1232,-1.0
1261,1233,-1.0
240,1233,-1.0
884,1233,1.0
1456,1233,1.0
2099,1234,-1.0
1020,1234,1.0
638,1235,-1.0
1183,1235,1.0
587,1235,-1.0
474,1235,1.0
46,1236,1.0
1988,1236,-1.0
732,1236,1.0
46,1237,1.0
856,1237,1.0
1782,1237,-1.0
85,1238,-1.0
470,1238,1.0
1974,1238,1.0
840,1239,1.0
1152,1239,-1.0
307,1239,1.0
232,1239,-1.0
1973,1240,-1.0
46,1240,1.0
567,1240,1.0
323,1241,-1.0
1054,1241,1.0
1761,1241,-1.0
316,1241,1.0
1125,1242,-1.0
511,1242,-1.0
1883,1242,-1.0
1257,1242,1.0
1689,1242,1.0
563,1243,-1.0
366,1243,-1.0
1779,1243,1.0
1278,1243,1.0
346,1244,1.0
563,1244,-1.0
1773,1244,-1.0
1278,1244,1.0
1777,1245,-1.0
375,1245,-1.0
216,1245,1.0
1258,1246,-1.0
2027,1246,1.0
339,1246,-1.0
866,1246,1.0
1289,1246,-1.0
1464,1246,-1.0
1974,1246,1.0
429,1246,1.0
2161,1247,-1.0
1278,1247,-1.0
563,1247,1.0
1255,1247,1.0
313,1248,-1.0
1388,1248,1.0
404,1248,-1.0
866,1249,1.0
1289,1249,-1.0
339,1249,-1.0
1464,1249,-1.0
285,1249,-1.0
2213,1249,1.0
1974,1249,1.0
1605,1250,-1.0
1977,1250,1.0
813,1250,-1.0
587,1250,1.0
494,1251,-1.0
587,1251,1.0
1967,1251,1.0
559,1251,-1.0
563,1252,-1.0
1278,1252,1.0
1174,1252,1.0
1557,1252,-1.0
587,1253,1.0
1709,1253,1.0
1533,1253,1.0
1984,1253,-1.0
1798,1253,-1.0
735,1254,-1.0
428,1254,1.0
1583,1254,1.0
78,1255,1.0
1609,1255,-1.0
1796,1255,-1.0
587,1255,1.0
1278,1255,1.0
563,1255,-1.0
1808,1256,-1.0
789,1256,-1.0
122,1256,-1.0
1813,1256,1.0
961,1256,-1.0
813,1257,-1.0
587,1257,1.0
2087,1257,-1.0
336,1257,1.0
779,1258,-1.0
1709,1258,1.0
1333,1258,1.0
1201,1258,-1.0
465,1258,1.0
1681,1259,1.0
252,1259,1.0
174,1259,-1.0
813,1259,-1.0
465,1260,1.0
1198,1260,-1.0
1579,1260,1.0
1201,1260,-1.0
1709,1260,1.0
1709,1261,-1.0
1033,1261,1.0
694,1261,1.0
725,1261,-1.0
1120,1261,-1.0
465,1262,-1.0
1709,1262,-1.0
163,1262,1.0
699,1262,-1.0
1201,1262,1.0
52,1263,1.0
871,1263,1.0
253,1263,-1.0
707,1263,-1.0
375,1264,1.0
216,1264,-1.0
1777,1264,1.0
1663,1265,-1.0
813,1265,-1.0
1419,1265,1.0
1866,1265,1.0
240,1266,1.0
1205,1266,-1.0
1964,1266,1.0
1566,1267,-1.0
1859,1267,1.0
202,1268,-1.0
568,1268,-1.0
314,1268,1.0
2096,1269,1.0
2146,1269,-1.0
620,1270,-1.0
1393,1270,1.0
2037,1270,-1.0
133,1271,1.0
1660,1271,-1.0
813,1271,-1.0
322,1271,1.0
2208,1272,1.0
1696,1272,-1.0
1972,1272,-1.0
365,1272,1.0
1922,1272,1.0
1033,1273,-1.0
1032,1273,-1.0
725,1273,1.0
846,1273,1.0
1133,1274,1.0
1268,1274,-1.0
552,1274,-1.0
1709,1275,1.0
777,1275,-1.0
465,1275,1.0
1201,1275,-1.0
804,1275,1.0
813,1275,-1.0
725,1276,1.0
1821,1276,1.0
983,1276,-1.0
1033,1276,-1.0
1618,1277,1.0
813,1277,-1.0
1728,1277,-1.0
1488,1277,1.0
735,1278,-1.0
455,1278,1.0
813,1278,-1.0
587,1278,1.0
1310,1279,1.0
378,1279,-1.0
1709,1279,1.0
1278,1279,1.0
563,1279,-1.0
1709,1280,1.0
1766,1280,-1.0
1201,1280,-1.0
465,1280,1.0
1360,1280,1.0
1156,1281,-1.0
78,1281,-1.0
813,1281,1.0
786,1281,1.0
640,1281,1.0
1159,1282,-1.0
157,1282,1.0
333,1282,-1.0
534,1283,1.0
331,1283,1.0
1090,1283,-1.0
1170,1283,-1.0
1908,1283,1.0
538,1283,-1.0
693,1283,1.0
1109,1284,-1.0
1875,1284,-1.0
1223,1284,1.0
2104,1284,1.0
1278,1285,1.0
1311,1285,-1.0
563,1285,-1.0
1744,1285,1.0
2036,1286,-1.0
1402,1286,1.0
563,1286,-1.0
1618,1286,1.0
1024,1286,1.0
871,1286,-1.0
78,1287,-1.0
813,1287,1.0
640,1287,1.0
505,1287,-1.0
9,1287,1.0
253,1288,-1.0
2140,1288,1.0
699,1288,-1.0
871,1288,1.0
2033,1289,-1.0
816,1289,1.0
1046,1289,-1.0
629,1290,-1.0
1662,1290,-1.0
1177,1290,1.0
2190,1290,1.0
1281,1291,-1.0
1518,1291,-1.0
1107,1291,1.0
1646,1291,1.0
813,1292,-1.0
825,1292,-1.0
810,1292,1.0
587,1292,1.0
21,1293,-1.0
1482,1293,1.0
1319,1294,1.0
1311,1294,-1.0
726,1294,1.0
813,1294,-1.0
120,1295,1.0
1935,1295,-1.0
1041,1296,1.0
760,1296,-1.0
98,1296,-1.0
1826,1296,1.0
536,1297,1.0
563,1297,1.0
2076,1297,-1.0
1278,1297,-1.0
437,1298,1.0
1618,1298,1.0
1024,1298,1.0
563,1298,-1.0
871,1298,-1.0
1621,1298,-1.0
563,1299,-1.0
1457,1299,1.0
513,1299,1.0
2071,1299,-1.0
25,1300,1.0
2091,1300,-1.0
696,1300,1.0
697,1300,-1.0
1883,1300,1.0
1890,1300,-1.0
1789,1300,1.0
1796,1301,1.0
813,1301,-1.0
305,1301,1.0
565,1301,-1.0
239,1302,1.0
802,1302,-1.0
1611,1302,-1.0
871,1302,1.0
1440,1303,-1.0
1709,1303,1.0
1981,1303,1.0
813,1303,-1.0
587,1303,1.0
587,1304,1.0
1278,1304,1.0
252,1304,1.0
563,1304,-1.0
2061,1304,-1.0
1984,1304,1.0
1709,1304,1.0
813,1304,-1.0
1412,1304,-1.0
33,1305,-1.0
1473,1305,1.0
2111,1305,-1.0
481,1305,1.0
935,1306,1.0
694,1306,-1.0
1257,1307,1.0
952,1307,-1.0
220,1308,1.0
757,1308,1.0
1974,1308,-1.0
529,1308,-1.0
2179,1309,1.0
1412,1309,-1.0
587,1309,1.0
563,1309,-1.0
802,1309,-1.0
1278,1309,1.0
1841,1310,-1.0
252,1310,1.0
410,1310,1.0
413,1311,1.0
1878,1311,-1.0
225,1311,-1.0
701,1312,-1.0
2206,1312,1.0
792,1312,-1.0
752,1313,1.0
2119,1313,-1.0
1446,1314,1.0
1024,1314,1.0
563,1314,-1.0
1618,1314,1.0
871,1314,-1.0
43,1314,-1.0
2116,1315,-1.0
138,1315,-1.0
407,1315,1.0
954,1316,1.0
311,1316,-1.0
813,1316,1.0
813,1317,-1.0
1124,1317,1.0
1796,1317,1.0
1998,1317,-1.0
562,1318,-1.0
1239,1318,1.0
2162,1319,-1.0
2104,1319,1.0
2031,1319,1.0
1109,1319,-1.0
563,1320,-1.0
871,1320,-1.0
910,1320,1.0
1618,1320,1.0
1024,1320,1.0
286,1320,-1.0
1068,1321,-1.0
1914,1321,1.0
1278,1321,1.0
563,1321,-1.0
1719,1322,-1.0
1762,1322,-1.0
363,1322,1.0
202,1322,1.0
813,1323,-1.0
361,1323,-1.0
587,1323,1.0
990,1323,1.0
318,1324,1.0
78,1324,-1.0
846,1324,-1.0
1572,1325,1.0
195,1325,-1.0
1349,1325,1.0
1444,1325,-1.0
585,1326,1.0
1855,1326,1.0
2155,1326,-1.0
1756,1326,-1.0
25,1326,-1.0
359,1327,1.0
1289,1327,-1.0
339,1327,-1.0
1464,1327,-1.0
1974,1327,1.0
1851,1327,-1.0
866,1327,1.0
2174,1328,1.0
1488,1328,1.0
879,1328,-1.0
178,1328,-1.0
866,1329,1.0
949,1329,-1.0
1946,1329,1.0
1974,1329,1.0
1289,1329,-1.0
1749,1329,1.0
506,1329,-1.0
2114,1329,1.0
1090,1330,-1.0
1710,1330,1.0
1501,1330,1.0
336,1330,-1.0
837,1331,1.0
1684,1331,-1.0
1646,1331,1.0
511,1331,-1.0
725,1332,1.0
2041,1332,1.0
2170,1332,-1.0
1033,1332,-1.0
42,1333,-1.0
1642,1333,1.0
1856,1333,1.0
32,1333,-1.0
1960,1334,1.0
165,1334,1.0
768,1334,-1.0
1562,1335,-1.0
174,1335,1.0
78,1335,-1.0
1721,1336,1.0
1367,1336,-1.0
587,1336,1.0
1796,1336,-1.0
1709,1336,1.0
1278,1336,1.0
563,1336,-1.0
985,1337,1.0
1992,1337,-1.0
866,1337,1.0
1289,1337,-1.0
339,1337,-1.0
1464,1337,-1.0
1974,1337,1.0
971,1338,-1.0
709,1338,1.0
587,1338,-1.0
559,1338,1.0
862,1339,1.0
813,1339,-1.0
587,1339,1.0
632,1339,-1.0
503,1340,1.0
25,1340,-1.0
1812,1340,1.0
1009,1340,-1.0
532,1340,-1.0
175,1341,1.0
1329,1341,1.0
1050,1341,-1.0
813,1341,-1.0
1488,1342,-1.0
184,1342,1.0
25,1343,-1.0
503,1343,1.0
1366,1343,1.0
499,1343,-1.0
532,1343,-1.0
1531,1344,-1.0
73,1344,1.0
1050,1345,1.0
871,1345,1.0
253,1345,-1.0
1335,1345,-1.0
840,1346,1.0
232,1346,-1.0
1012,1346,-1.0
1677,1346,1.0
813,1347,-1.0
672,1347,1.0
1614,1347,1.0
1682,1347,-1.0
1709,1347,1.0
1759,1348,-1.0
1949,1348,1.0
1487,1348,-1.0
1212,1349,1.0
910,1349,-1.0
1278,1350,1.0
563,1350,-1.0
769,1350,-1.0
1413,1350,1.0
2091,1351,-1.0
1058,1351,1.0
497,1351,-1.0
696,1351,1.0
532,1352,-1.0
503,1352,1.0
25,1352,-1.0
1163,1352,-1.0
1541,1352,1.0
511,1352,1.0
62,1352,-1.0
813,1353,-1.0
1534,1353,1.0
1300,1353,1.0
84,1353,1.0
1113,1353,-1.0
573,1354,-1.0
1372,1354,1.0
813,1354,1.0
487,1355,1.0
1963,1355,-1.0
193,1355,-1.0
1300,1356,1.0
813,1356,-1.0
1268,1356,-1.0
176,1356,1.0
185,1356,1.0
1985,1356,-1.0
1895,1357,-1.0
774,1357,1.0
725,1357,1.0
1033,1357,-1.0
3,1358,1.0
813,1358,-1.0
1429,1358,-1.0
1596,1358,1.0
879,1359,1.0
699,1359,-1.0
271,1360,1.0
1619,1360,-1.0
1313,1361,1.0
1163,1361,-1.0
186,1361,-1.0
785,1361,-1.0
1964,1361,1.0
4,1361,1.0
1067,1362,-1.0
170,1362,-1.0
1398,1362,1.0
1844,1363,1.0
811,1363,1.0
451,1363,-1.0
1090,1363,-1.0
465,1364,1.0
1697,1364,-1.0
1201,1364,-1.0
1709,1364,1.0
1018,1364,1.0
1305,1365,1.0
1033,1365,-1.0
452,1365,-1.0
725,1365,1.0
1709,1365,1.0
1383,1366,1.0
1230,1366,-1.0
1125,1366,1.0
1257,1366,-1.0
1704,1366,1.0
1662,1367,-1.0
1848,1367,1.0
996,1367,-1.0
1953,1367,1.0
542,1368,1.0
1148,1368,1.0
2013,1368,-1.0
1863,1368,-1.0
380,1369,-1.0
1632,1369,1.0
627,1370,1.0
1076,1370,-1.0
587,1370,-1.0
1137,1370,1.0
944,1371,1.0
1268,1371,-1.0
1498,1371,-1.0
1944,1372,-1.0
192,1372,1.0
813,1372,-1.0
587,1372,1.0
1464,1373,-1.0
1974,1373,1.0
1293,1373,1.0
918,1373,-1.0
866,1373,1.0
1289,1373,-1.0
339,1373,-1.0
1709,1374,1.0
465,1374,1.0
1178,1374,1.0
1201,1374,-1.0
475,1374,-1.0
1268,1375,-1.0
1276,1375,1.0
1569,1375,-1.0
1820,1376,1.0
2134,1376,-1.0
813,1376,-1.0
1329,1376,1.0
1374,1377,1.0
471,1377,-1.0
1645,1377,1.0
1831,1377,-1.0
46,1378,1.0
813,1378,-1.0
1709,1378,-1.0
605,1378,-1.0
726,1378,1.0
1215,1378,1.0
1268,1379,-1.0
725,1379,-1.0
1709,1379,-1.0
1142,1379,1.0
813,1379,1.0
1033,1379,1.0
2012,1379,-1.0
1977,1380,1.0
2113,1380,-1.0
927,1381,1.0
776,1381,-1.0
1338,1381,-1.0
1675,1381,1.0
1479,1382,-1.0
703,1382,1.0
560,1382,-1.0
2091,1382,1.0
681,1383,1.0
549,1383,-1.0
545,1383,1.0
1481,1383,-1.0
1890,1384,-1.0
128,1384,1.0
1684,1384,1.0
837,1384,-1.0
1595,1385,1.0
1289,1385,-1.0
339,1385,-1.0
1464,1385,-1.0
1726,1385,-1.0
1974,1385,1.0
866,1385,1.0
586,1386,-1.0
575,1386,1.0
923,1386,1.0
577,1386,-1.0
1329,1387,1.0
115,1387,-1.0
654,1387,1.0
813,1387,-1.0
1228,1388,1.0
1278,1388,1.0
563,1388,-1.0
1044,1388,-1.0
813,1389,-1.0
1282,1389,1.0
190,1389,-1.0
587,1389,1.0
813,1390,1.0
177,1390,1.0
563,1390,-1.0
1024,1390,1.0
1343,1390,-1.0
871,1390,-1.0
1618,1390,1.0
252,1391,1.0
1692,1391,-1.0
1659,1391,-1.0
191,1391,1.0
411,1392,-1.0
725,1392,1.0
1920,1392,1.0
1033,1392,-1.0
1278,1393,-1.0
1894,1393,1.0
981,1393,-1.0
563,1393,1.0
570,1394,1.0
1348,1394,-1.0
1794,1394,-1.0
1287,1394,-1.0
2188,1395,1.0
672,1395,1.0
351,1395,-1.0
813,1395,-1.0
185,1395,-1.0
660,1396,1.0
813,1396,-1.0
626,1396,1.0
1316,1396,-1.0
1890,1397,-1.0
1789,1397,1.0
1915,1397,1.0
2090,1397,-1.0
1494,1397,1.0
2091,1397,-1.0
696,1398,-1.0
929,1398,1.0
2091,1398,1.0
2038,1399,-1.0
2189,1399,1.0
1268,1399,-1.0
321,1399,1.0
1238,1400,-1.0
952,1400,1.0
725,1400,-1.0
1709,1400,-1.0
1033,1400,1.0
1229,1401,-1.0
942,1401,-1.0
743,1401,-1.0
510,1401,-1.0
1629,1401,1.0
603,1401,1.0
2081,1402,-1.0
58,1402,1.0
725,1402,-1.0
1033,1402,1.0
143,1403,-1.0
531,1403,-1.0
2191,1403,1.0
952,1403,1.0
1268,1404,-1.0
813,1404,1.0
725,1404,-1.0
1033,1404,1.0
275,1404,1.0
1709,1404,-1.0
434,1404,-1.0
1506,1405,-1.0
1339,1405,-1.0
1806,1405,1.0
2011,1405,1.0
595,1406,1.0
725,1406,-1.0
2083,1406,-1.0
1033,1406,1.0
1580,1407,1.0
1278,1407,1.0
563,1407,-1.0
1028,1407,-1.0
506,1408,-1.0
1749,1408,1.0
1047,1408,-1.0
1946,1408,1.0
1289,1408,-1.0
797,1408,1.0
1974,1408,1.0
86,1409,1.0
1618,1409,1.0
123,1409,-1.0
1024,1409,1.0
563,1409,-1.0
644,1409,-1.0
1329,1410,1.0
1603,1410,1.0
1615,1410,-1.0
813,1410,-1.0
1606,1411,-1.0
1526,1411,1.0
226,1411,1.0
1671,1411,-1.0
135,1412,1.0
1783,1412,-1.0
813,1412,-1.0
587,1412,1.0
242,1413,-1.0
46,1413,1.0
263,1413,1.0
879,1414,-1.0
1709,1414,1.0
587,1414,-1.0
465,1414,1.0
2099,1414,1.0
1201,1414,-1.0
802,1415,1.0
1278,1415,1.0
563,1415,-1.0
871,1415,-1.0
821,1415,1.0
587,1415,1.0
959,1415,-1.0
1643,1416,-1.0
1182,1416,1.0
2125,1416,-1.0
932,1417,-1.0
871,1417,1.0
1667,1417,-1.0
1470,1417,1.0
1086,1418,-1.0
121,1418,1.0
1040,1418,1.0
813,1418,-1.0
795,1419,1.0
1034,1419,-1.0
531,1420,1.0
1645,1420,1.0
2191,1420,-1.0
1831,1420,-1.0
884,1421,1.0
637,1421,1.0
1261,1421,-1.0
1550,1421,-1.0
1682,1422,1.0
813,1422,-1.0
351,1422,-1.0
146,1423,-1.0
102,1423,1.0
867,1423,-1.0
1698,1424,-1.0
312,1424,-1.0
260,1424,1.0
1269,1424,1.0
186,1425,1.0
1951,1425,1.0
1426,1425,-1.0
152,1425,-1.0
160,1426,1.0
220,1426,-1.0
587,1426,1.0
1239,1426,-1.0
214,1427,-1.0
2044,1427,1.0
746,1427,1.0
2112,1427,-1.0
1329,1428,1.0
115,1428,-1.0
654,1428,1.0
813,1428,-1.0
78,1429,-1.0
838,1429,1.0
1453,1429,-1.0
997,1430,1.0
2067,1430,-1.0
731,1430,-1.0
1287,1430,-1.0
1151,1431,-1.0
475,1431,1.0
2124,1431,-1.0
2126,1431,1.0
1839,1431,1.0
886,1431,1.0
46,1432,1.0
561,1432,-1.0
847,1432,1.0
2087,1433,1.0
336,1433,-1.0
1278,1433,1.0
563,1433,-1.0
76,1434,1.0
680,1434,-1.0
1287,1434,-1.0
1067,1434,-1.0
1278,1435,1.0
563,1435,-1.0
135,1435,-1.0
1783,1435,1.0
59,1436,1.0
1414,1436,-1.0
511,1436,-1.0
1738,1437,1.0
456,1437,-1.0
1840,1437,-1.0
813,1438,-1.0
587,1438,1.0
606,1438,-1.0
1403,1438,1.0
