64,130,155,248,269
3
117,196
129
10
22
231
14
279
16
17
138,213,237,244
23
26
73
30
2,4,41,163
39
72,93
42
43
58,250
45
99,118
50
121,130,178,269
58,215
1,201
26,146,239
57
35,165
278
60
215,242,276
62
8,13,33,266
64
65
23,62,136,181,216,238,245,277
156,206,257
69
174,211,249
24,135
82,130,258
75
76
21,100,217,227,256
78
141
55,156,206
82
52,242
46,164
89
92,153
17,64,130,248,269
208
90
206,254
95
96
101
67,184,260
104
5
105
106
202
108
111
112
134,175
115
31,160
52,242
112,271
77,107
3,137
124
125
126
128
130
47,55,206
135
9,91,120,139
136
137
27,86,98,179,182,195
66,170
88,103
144
64,130,178,269
240,247
154
155
46,94,103,232
157
158
162
24,201
28,67
149,193
167
15,39,42,45,57,76,104,111,115,126,154,162,176,214,225
171
94,142,232
173
18,29,70,97,102,109,186,205,233,280
108,157
26,146
40,51,113,161,189,197,235,262
176
178
181
183
241
187
0,6,7,11,19,25,32,36,37,44,48,49,53,54,56,63,68,79,81,83,84,85,87,96,105,110,114,116,119,122,127,131,132,140,143,145,148,151,152,159,166,168,169,177,185,188,192,198,199,209,218,219,221,224,229,230,253,261,265,267,268,272,273,274,275
206,257
193
194
17,121,130,269
196
123,133
201
147
206
82,130,222
210
12,210
16,50,71,158,193,223,228,247,270
20,74,191,204
38
214
34,172,203,246,251
215
216
220
59,80,138,237
222
77,91,139,212
223
225
121,130,155,269
226
228
201,236
190,228
106,124,144,173,194,226
238
239
16,50,158,223,234,270
242
243
59,107
245
247
61,180,207
248
200,215
232,263
255
43,82,130
1,135
259
258
150,201
264
67,206
78,90,95,125,167
146,239
271
270
35,252
277
